

epoch	train err	test err0	275.642196363	30.73989821661	276.878089208	29.18698903622	252.023594136	27.87302872473	245.549519447	27.22894089954	248.077042412	28.28273102385	265.935866055	29.10793988716	242.764562176	28.02389626757	258.336480696	28.71638685838	237.241933094	27.50242634819	258.795379271	29.54122466610	231.657543677	26.613326913211	242.734672201	27.755192322412	243.528220938	28.693850327413	230.92041541	26.735560427414	231.620146015	26.951700089215	242.765590927	28.793849887616	235.334138418	27.11494466717	234.169113664	27.620832570418	230.014256205	26.894474743819	229.572947534	27.042797893320	230.452102201	27.19000204621	232.109716432	27.25297620622	241.505862285	28.857890805223	243.103477996	29.000582066324	258.132727317	30.279698618925	230.041260257	27.300006490426	229.985672567	27.15767104727	229.821807718	27.087072840128	246.405170857	29.01787918229	234.572764197	27.781578647130	246.407842927	29.411719783331	244.072597407	28.782319255532	233.568151277	27.432604201833	236.659617336	28.091778038134	228.776377315	27.182056036435	238.337428063	27.905758604836	230.800434093	27.294397782437	228.597332313	27.161621488438	270.778281168	32.137419564439	229.725137184	27.153998145740	238.853817531	28.350357959341	229.749853115	27.296523365242	228.840766701	27.113186669843	229.475648216	27.157975305144	241.996955269	28.796565955945	232.276821366	27.448086197746	232.906312209	27.592151586147	234.61035187	28.101466602748	228.65210522	27.097452122649	234.101560032	27.750671436450	231.89876316	27.341062727351	228.962918037	27.146934175552	229.008569927	27.176229242453	229.357212244	27.091868065954	232.534210646	27.671485008755	232.890106379	27.534245097756	228.187774501	27.085384241957	234.560082415	27.969108654858	230.020667147	27.271860151459	244.333079739	29.106775644160	248.244766322	29.893633875961	231.966132829	27.397372656262	239.008629025	28.551581372963	239.512381907	28.742040612864	257.868718038	30.58979305765	265.762363638	31.992963555966	229.118693557	27.208273025167	228.558815316	27.151946649168	230.940102089	27.246381992769	228.42861886	27.085330792470	234.699068969	27.733303830371	231.94165118	27.436117794172	228.529719938	26.768504492473	232.674071141	27.094435213774	227.235844942	26.953079316475	227.391775595	26.887252453176	229.959630651	27.184760605377	228.648562753	27.237979669978	236.66827264	27.8820378479	230.392671458	27.322987012480	238.353284866	28.467849701181	230.268101582	27.245446173182	227.137858815	26.844186665883	254.940632767	29.970473893784	227.692447734	26.9641989562

{'test': [30.739898216579686,
          29.186989036236056,
          27.873028724698802,
          27.228940899517692,
          28.282731023750756,
          29.107939887078174,
          28.023896267513358,
          28.716386858277069,
          27.50242634806779,
          29.541224666020042,
          26.613326913175285,
          27.755192322442728,
          28.693850327430795,
          26.735560427380129,
          26.951700089172199,
          28.793849887574385,
          27.114944667011418,
          27.620832570425868,
          26.894474743775312,
          27.042797893254711,
          27.190002046015621,
          27.252976206014932,
          28.85789080523984,
          29.000582066310038,
          30.279698618903272,
          27.3000064903867,
          27.157671047021363,
          27.087072840076814,
          29.01787918201094,
          27.781578647147612,
          29.411719783286195,
          28.782319255517098,
          27.432604201824255,
          28.091778038076054,
          27.182056036417251,
          27.905758604751025,
          27.294397782384724,
          27.16162148844516,
          32.137419564395536,
          27.153998145717459,
          28.35035795934288,
          27.296523365195842,
          27.113186669767185,
          27.157975305130908,
          28.796565955857332,
          27.448086197689051,
          27.592151586064002,
          28.101466602720084,
          27.097452122562597,
          27.75067143636586,
          27.341062727283155,
          27.146934175470847,
          27.176229242365132,
          27.091868065924643,
          27.671485008711031,
          27.534245097651947,
          27.08538424189668,
          27.969108654815823,
          27.271860151371179,
          29.106775644063209,
          29.893633875855858,
          27.397372656152505,
          28.551581372851388,
          28.742040612761073,
          30.589793057020923,
          31.992963555913533,
          27.208273025095963,
          27.151946649103028,
          27.246381992727866,
          27.085330792402875,
          27.733303830343019,
          27.436117794133114,
          26.768504492394399,
          27.094435213655583,
          26.953079316356117,
          26.88725245314291,
          27.184760605324286,
          27.237979669880833,
          27.88203783996877,
          27.322987012384857,
          28.467849701077228,
          27.245446173057069,
          26.844186665796514,
          29.97047389367631,
          26.964198956186287],
 'train': [275.64219636300516,
           276.87808920785506,
           252.02359413642856,
           245.5495194467461,
           248.07704241231099,
           265.9358660547598,
           242.76456217624036,
           258.33648069643203,
           237.24193309353927,
           258.79537927111471,
           231.6575436772527,
           242.73467220103555,
           243.52822093802482,
           230.92041540968367,
           231.62014601480033,
           242.76559092691645,
           235.33413841769658,
           234.16911366360185,
           230.01425620474012,
           229.57294753393671,
           230.45210220143159,
           232.10971643165715,
           241.50586228488834,
           243.10347799632032,
           258.13272731731666,
           230.04126025669109,
           229.985672567406,
           229.82180771824196,
           246.40517085744457,
           234.57276419735823,
           246.40784292677944,
           244.07259740660101,
           233.56815127743681,
           236.65961733642422,
           228.77637731466251,
           238.33742806327572,
           230.80043409311165,
           228.59733231281513,
           270.77828116807711,
           229.72513718402331,
           238.85381753137443,
           229.7498531145178,
           228.84076670051817,
           229.47564821574315,
           241.99695526855083,
           232.27682136551999,
           232.90631220931755,
           234.61035187044499,
           228.65210521983687,
           234.10156003170383,
           231.89876315992578,
           228.96291803728667,
           229.00856992674687,
           229.35721224397321,
           232.5342106461454,
           232.89010637938176,
           228.18777450095087,
           234.56008241527218,
           230.02066714691355,
           244.33307973856179,
           248.24476632207643,
           231.96613282853076,
           239.00862902454486,
           239.51238190749638,
           257.86871803808231,
           265.76236363836688,
           229.11869355737895,
           228.55881531557901,
           230.9401020889182,
           228.4286188598569,
           234.69906896922458,
           231.94165118000328,
           228.52971993821819,
           232.67407114103949,
           227.23584494196257,
           227.39177559488698,
           229.95963065130456,
           228.64856275280619,
           236.66827263970401,
           230.39267145807099,
           238.35328486550264,
           230.26810158177102,
           227.13785881455343,
           254.94063276720868,
           227.69244773447849]}
