

epoch	train err	test err0	284.381344188	27.8864542531	308.892474789	31.09710199462	264.104091136	24.39882113193	271.83970178	22.11933383784	259.494349569	21.36173934535	260.085194309	24.52477811096	274.837247085	22.11107543847	245.783384523	23.17020044588	253.603464265	20.7813216069	237.759774063	20.964156704310	239.383232167	20.716148032511	244.571831531	20.443206182712	244.937364126	20.522501093813	248.739118168	23.555178443414	270.38366504	21.529568237715	237.000512877	20.688666684216	267.950242558	26.799852585117	254.907444403	20.624077169518	302.20048689	31.229115171719	248.773357216	20.502840137620	247.650770698	20.410713768121	238.12155273	20.45964456722	242.377114144	22.636834753723	241.662478069	20.395288483924	236.90977964	20.35205279325	245.226621381	20.223978037726	253.110389008	24.115019606727	237.500209967	20.477123651528	242.876618931	20.317721909929	235.682348523	20.640585511630	240.627147279	22.325811765431	239.15819766	20.081464844232	236.773877976	21.28392341333	239.518709586	20.382731860534	249.563243815	23.84351130435	236.886963663	21.304624662236	267.172757532	26.777190848637	244.257896713	20.264157741638	246.838443714	23.364429377539	236.17600002	20.188081694740	235.334604126	20.61994385241	252.030360284	24.115441863542	235.656179816	20.585411525443	239.101281286	22.010830730344	236.911304164	20.464519424445	238.17205729	20.301757479446	245.796796289	20.206151116747	241.152975772	22.464936827148	236.508350146	21.320620442249	243.70472128	22.936397181550	244.220566866	22.885191903351	240.490433118	22.409875406152	239.640212847	22.104302366753	237.305945559	21.623768059754	239.113491175	21.965267688255	235.09443323	20.790276848656	235.586237336	20.826895278557	245.401054986	20.165223698758	236.655744297	20.332819951359	235.321661136	20.497294083960	242.832907722	22.896368175761	239.166689993	20.270179696462	235.69062192	20.320795601963	235.92486455	21.208245197564	250.961371286	20.4754702883

{'test': [27.886454253039808,
          31.097101994634663,
          24.398821131943695,
          22.119333837775546,
          21.36173934529026,
          24.524778110919126,
          22.11107543835692,
          23.170200445785611,
          20.781321606042791,
          20.964156704315787,
          20.716148032541746,
          20.443206182730837,
          20.522501093762887,
          23.555178443382072,
          21.529568237732502,
          20.688666684234544,
          26.799852585141259,
          20.624077169488821,
          31.229115171653209,
          20.502840137606356,
          20.410713768063406,
          20.459644567014085,
          22.636834753713423,
          20.395288483930496,
          20.35205279302167,
          20.223978037722734,
          24.115019606732641,
          20.477123651480333,
          20.31772190993247,
          20.640585511578976,
          22.325811765448911,
          20.081464844218523,
          21.283923413039361,
          20.38273186050721,
          23.843511303958032,
          21.304624662190527,
          26.777190848589619,
          20.264157741634381,
          23.364429377519983,
          20.188081694745645,
          20.619943851961981,
          24.115441863452684,
          20.585411525379442,
          22.010830730295869,
          20.464519424421756,
          20.301757479429572,
          20.206151116707932,
          22.464936827091741,
          21.320620442215251,
          22.936397181545548,
          22.885191903265891,
          22.409875406124417,
          22.104302366678141,
          21.623768059666951,
          21.965267688183459,
          20.790276848578447,
          20.826895278473458,
          20.165223698726365,
          20.332819951255129,
          20.497294083906496,
          22.89636817570732,
          20.270179696369073,
          20.320795601897252,
          21.208245197537099,
          20.475470288283891],
 'train': [284.38134418795369,
           308.89247478917599,
           264.10409113611809,
           271.83970178019644,
           259.49434956911858,
           260.08519430926839,
           274.83724708478974,
           245.78338452287716,
           253.60346426525683,
           237.7597740627138,
           239.38323216661064,
           244.57183153133536,
           244.9373641262614,
           248.73911816833015,
           270.38366503956979,
           237.00051287734246,
           267.95024255810119,
           254.90744440295313,
           302.20048689044017,
           248.7733572164417,
           247.6507706981389,
           238.12155273038036,
           242.37711414353208,
           241.66247806852263,
           236.90977964034505,
           245.22662138131994,
           253.11038900802848,
           237.5002099667353,
           242.87661893136993,
           235.68234852262069,
           240.6271472792466,
           239.15819766018942,
           236.77387797608475,
           239.51870958582359,
           249.56324381467138,
           236.88696366284555,
           267.17275753195133,
           244.2578967131962,
           246.83844371358228,
           236.17600001964169,
           235.33460412585333,
           252.03036028446741,
           235.65617981553612,
           239.10128128551946,
           236.91130416377916,
           238.17205729031411,
           245.79679628917805,
           241.15297577157446,
           236.50835014578763,
           243.70472127951143,
           244.22056686620587,
           240.49043311775833,
           239.64021284702108,
           237.30594555919839,
           239.11349117514763,
           235.094433229846,
           235.58623733573842,
           245.40105498579928,
           236.65574429725717,
           235.32166113596188,
           242.8329077222914,
           239.16668999299023,
           235.69062192000433,
           235.92486455018002,
           250.96137128550521]}


epoch	train err	test err0	256.430892535	27.49418714521	244.2956843	26.19935439022	276.516978376	28.5976078013	253.238314866	25.84145923294	265.923416204	26.73233295165	249.438080196	26.14772546296	234.336145227	23.78284778677	250.770947377	26.16963488818	243.435220668	25.24109905949	239.598750602	24.76467420610	234.788489133	23.600349449711	244.487511153	24.066897453912	235.118166163	24.032167959713	254.430512185	26.65091520914	237.180982856	24.379315989615	235.457101696	24.051089414116	234.071707212	23.835598075317	290.783102547	28.210259582418	241.934720037	23.825438214919	236.772242336	23.644259742220	233.147549872	23.473271220121	234.292899733	23.379285511522	237.489275776	24.398874645823	267.958711534	26.295450842424	233.354829688	23.646430394425	234.161234796	23.435885392326	241.867671784	24.986267007727	237.655307137	23.778351843928	239.360703203	24.676542227929	234.801440743	23.965293479130	241.377848633	23.911745854731	245.130593869	24.310255792132	237.592022209	24.414111424933	264.736981582	25.721875928334	232.844388047	23.557299344135	242.235440659	25.089110129936	240.498271722	23.813980596237	254.799100215	26.576342830938	233.077716701	23.440105807539	232.993714022	23.559567067540	233.366410278	23.779482789541	243.314675153	25.203952415142	236.073008651	24.3244869443	237.893611776	23.6850268944	235.470864757	24.122062195845	235.197094719	23.542849342646	235.683874307	23.356435706147	232.170161741	23.728203534448	245.372946546	25.597559315849	268.112800378	26.276788735150	234.418510726	23.973568137251	234.660660113	23.477607287652	233.005676437	23.664893063953	233.058855481	23.406673881554	233.161568621	23.823086087355	234.562318616	24.005356687956	239.921219922	24.88398988457	245.373066557	25.429070176358	244.376483797	24.078789360659	240.645887986	23.82347468960	231.729455462	23.371393849861	238.546858863	24.677935515462	232.441039625	23.666134661963	247.449899562	24.172349088164	240.508579643	24.9296741338

{'test': [27.494187145172948,
          26.199354390156078,
          28.597607801036649,
          25.841459232910395,
          26.732332951638483,
          26.147725462862962,
          23.782847786729505,
          26.169634888149091,
          25.241099059416189,
          24.764674206031234,
          23.600349449701138,
          24.066897453873288,
          24.032167959650334,
          26.650915209039752,
          24.37931598958717,
          24.051089414080359,
          23.835598075277272,
          28.210259582382456,
          23.825438214881476,
          23.644259742165399,
          23.473271220066433,
          23.379285511515654,
          24.398874645790453,
          26.295450842446972,
          23.64643039440827,
          23.435885392268201,
          24.986267007733414,
          23.778351843930999,
          24.676542227877032,
          23.965293479103916,
          23.91174585467553,
          24.310255792148503,
          24.414111424854806,
          25.721875928289851,
          23.557299344126825,
          25.089110129860995,
          23.81398059621911,
          26.576342830904714,
          23.440105807459112,
          23.559567067512077,
          23.779482789482714,
          25.203952415086125,
          24.324486940024521,
          23.685026889956482,
          24.122062195826782,
          23.542849342623576,
          23.356435706102651,
          23.72820353442652,
          25.597559315819332,
          26.276788735115755,
          23.973568137170599,
          23.47760728758659,
          23.664893063941051,
          23.406673881471708,
          23.823086087319275,
          24.005356687944417,
          24.883989883977108,
          25.429070176287254,
          24.078789360648472,
          23.823474688952423,
          23.371393849816609,
          24.677935515363519,
          23.666134661931729,
          24.172349088059708,
          24.929674133841868],
 'train': [256.43089253453866,
           244.29568430032813,
           276.51697837568207,
           253.2383148655523,
           265.92341620397394,
           249.43808019572799,
           234.33614522654636,
           250.77094737691294,
           243.43522066848979,
           239.59875060238593,
           234.78848913337194,
           244.48751115334335,
           235.11816616257445,
           254.43051218539131,
           237.18098285618373,
           235.45710169560516,
           234.07170721201621,
           290.78310254652257,
           241.9347200369383,
           236.77224233581768,
           233.14754987238479,
           234.29289973314263,
           237.48927577629325,
           267.95871153384968,
           233.35482968833193,
           234.16123479639811,
           241.86767178352625,
           237.65530713670347,
           239.36070320265299,
           234.80144074342289,
           241.37784863307132,
           245.13059386874554,
           237.59202220885177,
           264.73698158150069,
           232.84438804660039,
           242.23544065880364,
           240.49827172227484,
           254.79910021534559,
           233.07771670054512,
           232.9937140221534,
           233.36641027830194,
           243.31467515327643,
           236.07300865089866,
           237.89361177572465,
           235.47086475659285,
           235.19709471938967,
           235.68387430737704,
           232.17016174115335,
           245.37294654559938,
           268.11280037810764,
           234.41851072599925,
           234.66066011285517,
           233.00567643689578,
           233.05885548083518,
           233.16156862100053,
           234.56231861649724,
           239.92121992158866,
           245.37306655705865,
           244.37648379733875,
           240.64588798632138,
           231.72945546152917,
           238.54685886304142,
           232.44103962450285,
           247.44989956221409,
           240.50857964266888]}


epoch	train err	test err0	266.256186335	26.34290081591	251.380129417	25.57479283432	246.854235694	25.88985836953	240.430383049	24.16271475594	238.008463142	23.58170949285	245.39149381	22.9604273826	237.745489067	24.96555171487	241.169174008	22.90949465168	239.018135966	22.87051897849	240.684790695	22.746187426210	236.703642856	24.477393804811	235.103759152	24.680021561912	255.48427541	28.714069896713	247.708961561	22.843386257514	236.040593326	22.863622740515	234.614877605	23.012767210716	288.629927089	33.196731684417	234.115794975	23.202657138618	237.550096677	22.716365773119	253.008015196	28.097485711520	243.261071499	26.333135540221	236.847938757	22.921655218122	232.773193503	24.148721414723	236.28917796	22.793459442824	256.597384894	28.747575505125	238.109999047	25.714849534826	237.801181989	22.778871858527	243.92736184	26.55891711928	239.29313322	26.247729470929	236.371193635	22.820499074530	234.026266606	24.882379318931	235.761052643	22.888313528332	239.420566408	22.693899331733	231.653431382	24.110803859834	237.534700014	25.908135681635	234.889118984	22.963694729436	236.631750761	22.864682999137	252.313148165	28.497253116438	233.881120608	23.528434137739	245.555025052	22.850086571540	231.360083494	23.818388474741	232.397113989	23.767097899142	241.922409934	26.8214654643	233.743671905	22.901947839744	239.48173467	23.0122588945	250.952934693	28.716451715546	251.550361083	23.14565539247	254.383755158	23.314748124748	235.430029152	25.029089169449	231.115944148	24.073819311550	231.47733717	24.334911042851	232.178522444	24.728721584752	233.966166599	22.973050846453	238.970936257	22.825422719954	247.0867946	22.92165874555	234.154445608	25.383185489556	236.491032659	25.687899029357	233.163623808	22.892030430558	229.972180452	23.684625962659	231.47355448	23.042527203260	232.523401088	23.221996798261	230.660036051	24.192121614362	230.063123474	24.069101215763	230.428059981	23.184353424864	230.114469684	23.6725216613

{'test': [26.342900815887894,
          25.574792834336417,
          25.889858369504978,
          24.162714755923773,
          23.581709492841817,
          22.960427382002631,
          24.965551714832934,
          22.909494651608611,
          22.870518978398945,
          22.746187426188417,
          24.477393804751035,
          24.680021561935984,
          28.714069896707461,
          22.843386257524724,
          22.863622740486413,
          23.012767210729283,
          33.196731684367904,
          23.202657138551249,
          22.716365773076323,
          28.097485711476793,
          26.333135540150593,
          22.921655218059726,
          24.148721414744877,
          22.793459442798532,
          28.747575505082729,
          25.714849534764991,
          22.778871858463109,
          26.558917118987566,
          26.247729470915186,
          22.820499074541868,
          24.882379318881043,
          22.88831352825358,
          22.693899331731384,
          24.110803859846957,
          25.908135681588679,
          22.963694729354337,
          22.864682999149441,
          28.497253116392621,
          23.528434137691928,
          22.850086571474225,
          23.818388474743905,
          23.767097899124803,
          26.821465459989909,
          22.901947839657144,
          23.012258889970525,
          28.716451715476598,
          23.145655391952189,
          23.314748124681181,
          25.029089169415709,
          24.073819311507815,
          24.334911042757795,
          24.728721584724834,
          22.973050846431505,
          22.825422719918315,
          22.921658744962116,
          25.383185489540882,
          25.687899029340329,
          22.892030430466015,
          23.684625962645764,
          23.042527203210831,
          23.221996798178964,
          24.192121614277255,
          24.069101215717577,
          23.184353424763437,
          23.672521661318459],
 'train': [266.25618633510527,
           251.38012941662271,
           246.85423569425294,
           240.43038304887006,
           238.00846314208914,
           245.39149380997759,
           237.7454890674172,
           241.16917400757922,
           239.01813596561115,
           240.6847906945595,
           236.70364285624964,
           235.10375915207194,
           255.48427541001854,
           247.70896156056605,
           236.04059332601835,
           234.61487760527217,
           288.62992708912356,
           234.11579497481523,
           237.55009667653721,
           253.00801519617983,
           243.26107149913543,
           236.84793875718319,
           232.77319350305075,
           236.28917795996827,
           256.59738489374274,
           238.10999904683206,
           237.80118198863809,
           243.92736184033737,
           239.29313321955343,
           236.37119363488472,
           234.02626660556686,
           235.76105264261423,
           239.42056640829207,
           231.65343138230099,
           237.53470001402152,
           234.88911898371023,
           236.63175076091727,
           252.31314816466224,
           233.88112060802871,
           245.55502505213542,
           231.36008349393197,
           232.39711398875176,
           241.92240993364027,
           233.74367190481217,
           239.48173466985483,
           250.95293469325597,
           251.55036108279913,
           254.3837551579154,
           235.43002915215237,
           231.11594414848918,
           231.47733717015697,
           232.17852244436489,
           233.96616659889409,
           238.97093625743938,
           247.08679459982056,
           234.15444560831833,
           236.49103265853472,
           233.16362380770533,
           229.97218045219171,
           231.47355447967891,
           232.52340108782766,
           230.66003605107301,
           230.06312347387399,
           230.42805998145633,
           230.11446968408544]}


epoch	train err	test err0	303.54881621	32.45254101261	249.660799211	27.16769848652	246.263532008	26.62441920893	243.395466913	26.44722994824	251.038132713	26.8279878515	240.258275921	27.09029636146	237.525275726	25.43648077937	236.705564086	26.36980240848	246.000902461	27.97897732569	264.60567333	28.144357393210	244.596274082	27.657888280911	233.035239634	25.357917797412	234.279882446	25.544575123313	234.044722306	25.136853710214	238.236209783	25.406189804515	249.143842797	28.306222148716	251.082583388	26.957763515817	232.307941312	25.07237139618	232.484666142	24.938627409319	234.138811631	25.633672082520	247.17360246	26.206924073921	234.174041251	25.187003406622	233.035742052	25.579750796923	232.274878709	25.278525633424	233.986169906	25.272338887925	236.220206521	26.101711396426	232.234073542	25.150303021327	236.631027608	26.346292170928	233.445746036	25.522100471429	239.433430143	25.556468964330	240.606578282	26.77549080931	232.043399621	25.045490270932	284.457838058	30.334293266533	242.301489326	26.967102009234	236.566425082	25.573227327135	237.355064505	26.27932637336	284.950279608	30.442342940537	235.365563777	25.09002340938	232.306937116	25.125750709439	232.617328607	25.568576294140	236.300002564	26.069818777541	257.932190357	27.846161888342	232.883154956	25.131881982643	241.483979582	27.183372833144	237.587020634	26.456678878645	232.784499511	25.256605279546	240.516922337	26.785038684647	232.606164571	25.09172043748	265.575033872	28.45117808449	237.296335372	25.52107232950	252.687825082	27.13540287451	245.262082198	27.764867082552	232.308956292	25.078518852753	234.086487002	25.094435282954	236.561864653	25.553259206255	232.426533031	25.430509995456	248.785675197	27.948430230557	232.665653411	25.384601662758	240.495937152	25.47195143359	244.187924735	27.386821389860	248.267946957	28.243416204361	231.812013049	25.03752692662	260.202857041	29.940778823663	232.561226391	25.247051742864	235.413614835	25.9506076942

{'test': [32.452541012575772,
          27.167698486511341,
          26.62441920894533,
          26.44722994824949,
          26.827987851021138,
          27.09029636141172,
          25.436480779301249,
          26.369802408371623,
          27.978977325566262,
          28.144357393164011,
          27.657888280873344,
          25.35791779736271,
          25.544575123342142,
          25.136853710162907,
          25.406189804476742,
          28.306222148658971,
          26.957763515847525,
          25.072371395972464,
          24.938627409349664,
          25.633672082481677,
          26.206924073893902,
          25.18700340655819,
          25.579750796939294,
          25.278525633392391,
          25.272338887867043,
          26.101711396356894,
          25.150303021306627,
          26.346292170870814,
          25.522100471437433,
          25.5564689642578,
          26.775490808974663,
          25.045490270941432,
          30.334293266453969,
          26.967102009197802,
          25.57322732714438,
          26.2793263730333,
          30.442342940490292,
          25.090023408998533,
          25.125750709364567,
          25.568576294149675,
          26.069818777479291,
          27.846161888317962,
          25.131881982568945,
          27.183372833056179,
          26.456678878596239,
          25.256605279455854,
          26.785038684564501,
          25.091720437033366,
          28.451178083952339,
          25.521072328988687,
          27.135402874012005,
          27.764867082543592,
          25.07851885269158,
          25.094435282896228,
          25.553259206246885,
          25.430509995417601,
          27.948430230506261,
          25.384601662691097,
          25.47195143304025,
          27.386821389798847,
          28.243416204303575,
          25.037526925965963,
          29.940778823563473,
          25.247051742754458,
          25.950607694159732],
 'train': [303.54881620980012,
           249.66079921075871,
           246.26353200799093,
           243.39546691269848,
           251.03813271302175,
           240.25827592141115,
           237.52527572646329,
           236.70556408586788,
           246.00090246087706,
           264.60567332963268,
           244.59627408171914,
           233.03523963376503,
           234.27988244582761,
           234.04472230572503,
           238.23620978304814,
           249.14384279654072,
           251.08258338764762,
           232.3079413120721,
           232.48466614218881,
           234.13881163094658,
           247.17360245997634,
           234.17404125106057,
           233.03574205168431,
           232.27487870896692,
           233.9861699060861,
           236.22020652099286,
           232.23407354187731,
           236.63102760829801,
           233.44574603597204,
           239.43343014301115,
           240.60657828158298,
           232.04339962140662,
           284.45783805831422,
           242.30148932552129,
           236.56642508165021,
           237.35506450472442,
           284.95027960793652,
           235.36556377710249,
           232.3069371155915,
           232.61732860712436,
           236.30000256434761,
           257.93219035729197,
           232.88315495634441,
           241.48397958235603,
           237.58702063439461,
           232.78449951060094,
           240.51692233749142,
           232.60616457141438,
           265.5750338723318,
           237.29633537157733,
           252.68782508211513,
           245.26208219812321,
           232.30895629185113,
           234.08648700155283,
           236.56186465256536,
           232.42653303079572,
           248.78567519700798,
           232.66565341099508,
           240.49593715176275,
           244.18792473481011,
           248.26794695699715,
           231.81201304876853,
           260.20285704110029,
           232.56122639079558,
           235.41361483545239]}


epoch	train err	test err0	283.62182794	28.35621390471	271.054088719	30.01680023032	251.228972944	27.25048378323	382.991529887	43.43675805054	254.566350454	25.65926416315	242.027131522	25.94695983686	239.355073206	25.5133591017	243.323425616	26.20625378048	238.486464414	25.49651924239	234.744771548	24.800755383610	237.207495149	24.372168689111	233.643050113	24.741807204612	256.130477245	28.0855556713	237.425364403	24.528870800714	248.172039575	25.231858017915	236.320720136	25.259989339116	234.471408589	24.318288570617	233.58595448	24.303223647218	245.627490067	26.712639589719	341.432554712	38.348381768820	231.898773047	24.553971968121	235.450048691	24.400301469822	241.436841908	26.08790801423	233.555774895	24.831859584324	240.588426326	26.098550363425	240.096097428	24.678192246526	241.962341755	24.901076783927	231.369687665	24.448199138628	231.648742679	24.465232356429	233.036916485	24.341634689930	234.243351475	24.381369132331	236.548886498	24.574846594832	235.221976496	25.404738718733	234.932421933	24.421608036134	231.682886798	24.419763733735	231.036914078	24.43792432336	231.39257505	24.42772054837	241.02695287	26.308435834938	244.354892888	26.633463542839	242.487027658	24.824933223540	250.654683196	27.478184410941	234.735944775	24.355469334842	238.443813487	24.757765899943	244.955701859	25.116538688144	234.571832405	24.42655645445	232.06335167	24.37474539646	241.567492071	26.393685547	231.069693028	24.616861559148	233.685219996	25.056234152249	235.266824508	24.464604589950	254.367266054	28.040231189251	238.83726582	24.624844815452	230.50929229	24.505404310853	234.013845287	25.318836588854	230.65820301	24.469058682655	240.368347447	25.969322259556	246.657166062	26.848512750957	241.284500686	26.27964816958	235.369031689	24.53514802159	232.46804498	24.369006966760	235.045416162	24.444038652361	235.216418584	24.398004256362	239.939094926	25.987279720363	232.694958008	24.26874980764	250.405618511	27.3270608358

{'test': [28.356213904661768,
          30.016800230294137,
          27.250483783219003,
          43.436758050451779,
          25.65926416313388,
          25.946959836791187,
          25.513359101045378,
          26.206253780436775,
          25.496519242282083,
          24.800755383629177,
          24.372168689143354,
          24.74180720463503,
          28.085555669990729,
          24.528870800696748,
          25.231858017918995,
          25.259989339130403,
          24.318288570631683,
          24.303223647199633,
          26.712639589732674,
          38.348381768757235,
          24.553971968075384,
          24.400301469827969,
          26.087908013998142,
          24.831859584252417,
          26.098550363354899,
          24.678192246506491,
          24.901076783937029,
          24.448199138561602,
          24.465232356373065,
          24.341634689926963,
          24.38136913228557,
          24.574846594806495,
          25.404738718671254,
          24.421608036143358,
          24.419763733661114,
          24.437924322990479,
          24.427720548006977,
          26.308435834907154,
          26.633463542764773,
          24.824933223521256,
          27.478184410906305,
          24.355469334824079,
          24.757765899906751,
          25.116538688060974,
          24.426556454001826,
          24.37474539598362,
          26.393685500007784,
          24.616861559064706,
          25.056234152199544,
          24.464604589912483,
          28.040231189161574,
          24.62484481538797,
          24.505404310827537,
          25.318836588757517,
          24.469058682614204,
          25.96932225950874,
          26.848512750931224,
          26.279648169018376,
          24.535148021042055,
          24.369006966696041,
          24.44403865229199,
          24.398004256337487,
          25.987279720309946,
          24.26874980702669,
          27.327060835764886],
 'train': [283.62182794032105,
           271.05408871884185,
           251.22897294440187,
           382.99152988734204,
           254.56635045437136,
           242.02713152168511,
           239.35507320606126,
           243.3234256161638,
           238.48646441395806,
           234.74477154803364,
           237.20749514852992,
           233.64305011299933,
           256.13047724538148,
           237.42536440327183,
           248.17203957473868,
           236.32072013554051,
           234.47140858883407,
           233.58595448010504,
           245.62749006729769,
           341.43255471189258,
           231.89877304711007,
           235.45004869124634,
           241.4368419076599,
           233.55577489491256,
           240.58842632635691,
           240.09609742820763,
           241.96234175492654,
           231.36968766522091,
           231.6487426787391,
           233.03691648495675,
           234.24335147467247,
           236.54888649807222,
           235.22197649618576,
           234.93242193291235,
           231.68288679848089,
           231.03691407827148,
           231.39257505018185,
           241.02695286960767,
           244.35489288782534,
           242.48702765829333,
           250.65468319601325,
           234.73594477498332,
           238.44381348699721,
           244.9557018590981,
           234.57183240540871,
           232.06335167004164,
           241.56749207110437,
           231.06969302834915,
           233.68521999556526,
           235.26682450844396,
           254.36726605350844,
           238.83726581995742,
           230.50929229042509,
           234.01384528674237,
           230.65820301021279,
           240.3683474468265,
           246.65716606239329,
           241.28450068600191,
           235.36903168902933,
           232.46804497964857,
           235.04541616169882,
           235.21641858362375,
           239.9390949258221,
           232.69495800843106,
           250.40561851139287]}
