

epoch	train err	test err0	321.741469577	36.65932962921	257.269207025	29.78426720642	249.220331795	28.83669267863	248.910968404	29.23256689784	246.36003271	28.20638191135	244.163191685	28.96197319766	236.071433981	27.23379449887	234.114623436	27.41534811328	231.888040515	27.1025789059	233.387410922	27.111630183510	232.35856196	27.046680575711	233.534435224	26.93656251912	321.15865559	35.623501771113	267.856309816	30.326133417214	237.498914753	27.429192463715	232.473598004	27.103294591216	235.343425824	27.065883491317	236.427088226	27.491473489618	230.283296543	26.503010867319	241.493291347	27.838280245920	247.312473376	28.406195491821	231.218163036	26.83124228122	242.208724777	27.955289004323	231.317383769	26.657635636824	230.402063836	26.511623607325	238.987537205	27.719044952726	236.396742782	27.503944565127	232.480402766	26.817341578528	230.131650685	26.497110285329	230.069468661	26.452892845630	231.528017085	26.68449388131	233.478573735	26.850962321532	231.578629718	26.848579410533	239.244152272	27.445439838134	249.805721139	28.539178531435	229.296810032	26.475301364636	231.029778994	26.821063189937	234.141798389	27.193387051138	235.306944977	26.843413175139	229.304985177	26.52827670140	235.228238294	27.519623786641	231.601781989	26.978808951542	235.821673432	27.172595503943	229.593233969	26.540725848844	230.779176193	26.9715661271

{'test': [36.65932962915268,
          29.784267206438159,
          28.836692678621787,
          29.232566897786171,
          28.206381911272246,
          28.961973197602866,
          27.233794498805072,
          27.415348113230841,
          27.10257890495145,
          27.111630183545135,
          27.046680575725343,
          26.936562518993245,
          35.623501771057825,
          30.326133417183108,
          27.429192463663277,
          27.103294591178347,
          27.065883491262742,
          27.491473489648527,
          26.50301086725289,
          27.838280245856687,
          28.406195491773403,
          26.831242281008045,
          27.955289004283404,
          26.657635636825987,
          26.511623607291668,
          27.719044952689618,
          27.503944565149162,
          26.817341578490105,
          26.497110285338472,
          26.452892845610407,
          26.68449388095836,
          26.850962321522374,
          26.848579410524021,
          27.445439838140828,
          28.539178531387325,
          26.475301364643347,
          26.821063189946727,
          27.193387051126646,
          26.843413175092724,
          26.528276700987888,
          27.519623786560494,
          26.978808951470175,
          27.172595503903377,
          26.540725848833151,
          26.971566127137987],
 'train': [321.74146957672428,
           257.26920702473933,
           249.22033179466973,
           248.91096840365395,
           246.36003271044802,
           244.16319168522764,
           236.07143398137461,
           234.11462343611066,
           231.88804051509337,
           233.38741092193999,
           232.35856195993446,
           233.53443522439613,
           321.15865559036422,
           267.8563098160763,
           237.49891475290721,
           232.47359800377535,
           235.34342582424705,
           236.42708822553266,
           230.28329654278065,
           241.49329134672229,
           247.3124733759002,
           231.21816303559106,
           242.20872477686848,
           231.31738376933748,
           230.40206383608199,
           238.98753720485959,
           236.39674278160339,
           232.48040276648527,
           230.13165068529662,
           230.06946866144284,
           231.52801708472742,
           233.47857373491027,
           231.57862971803098,
           239.24415227227814,
           249.80572113909122,
           229.29681003196367,
           231.02977899410664,
           234.14179838872718,
           235.30694497677808,
           229.30498517706519,
           235.22823829366664,
           231.60178198924214,
           235.82167343186967,
           229.59323396949236,
           230.77917619315639]}
