

epoch	train err	test err0	282.295824198	34.85542222891	286.095673813	34.44184190692	247.711761566	31.7184211983	256.629655913	31.21314641934	250.441704269	29.73557582975	254.073387392	29.72189279346	237.345809504	29.475648987	241.983390484	28.33241349478	252.275260948	31.65241887399	254.011925379	29.820467681910	254.504349204	29.364340486811	240.796830206	30.493888670912	231.646838544	27.651551042913	232.489813611	28.872858539714	228.552013519	28.333320035515	232.21578826	29.324848409916	264.367331942	29.970563038217	232.621845308	29.3612893518	238.593404873	28.39866353619	228.77913332	28.992876314320	228.679370012	27.854697544321	228.268355183	28.188557949222	239.418681607	30.516018995323	227.633248571	28.381133557824	245.985524671	28.9273185542

{'test': [34.855422228930195,
          34.44184190693656,
          31.718421198048656,
          31.213146419258674,
          29.735575829686468,
          29.721892793439803,
          29.475648979993121,
          28.332413494734659,
          31.652418873886869,
          29.820467681937114,
          29.364340486830404,
          30.493888670905495,
          27.651551042929132,
          28.872858539680049,
          28.333320035451177,
          29.32484840990071,
          29.970563038246055,
          29.361289350015078,
          28.398663535993037,
          28.992876314275531,
          27.854697544295739,
          28.188557949192845,
          30.516018995301092,
          28.381133557763857,
          28.927318554217575],
 'train': [282.29582419805007,
           286.09567381305169,
           247.71176156609954,
           256.62965591326042,
           250.44170426880049,
           254.07338739171976,
           237.34580950399328,
           241.98339048353404,
           252.27526094829597,
           254.01192537946952,
           254.5043492042617,
           240.796830205981,
           231.64683854436655,
           232.48981361058483,
           228.55201351885501,
           232.21578826017719,
           264.36733194172922,
           232.6218453076242,
           238.59340487348399,
           228.77913331978664,
           228.67937001161889,
           228.26835518258008,
           239.41868160739548,
           227.63324857104885,
           245.98552467075493]}
