

epoch	train err	test err0	265.05285493	28.95375493231	253.852706923	26.88172597622	241.864571905	24.46718291043	245.618899853	25.5189257284	244.873748127	25.31239277455	252.039618061	26.20398783016	239.548570174	23.63249365387	233.701547419	23.58713615878	237.411218601	24.37790908189	241.401478427	25.037177864410	254.329575053	24.865362556211	244.856173697	25.413775526712	239.773071147	23.524996031813	241.629852013	23.754797330114	233.65121131	23.460107976615	234.998653677	23.45030519316	235.178087113	24.186178285617	238.457531857	23.651324887118	232.77093782	23.782758871819	258.254036502	25.325442668420	235.434076794	24.386551462621	245.078870852	25.559292736622	240.538017226	24.925254950223	236.639313062	24.574063881324	237.892856733	23.929051463625	250.376967077	24.760427565926	257.696344187	27.149043985327	233.542173654	23.407014248528	258.351677428	27.196007946629	260.149739479	27.546476512930	232.925838718	23.876489090731	242.640118207	25.42312982232	244.28323619	25.564797440933	232.570698384	23.783345498434	236.574323188	23.622020005335	240.088648422	24.006380523636	244.765927181	25.737659823637	267.240972837	26.073477283438	231.942030851	23.749428137739	236.596174613	24.673240264340	233.191084891	23.535491683541	249.552867163	26.121032266242	232.107398523	23.643130136443	235.381096006	23.621584887644	244.700278245	24.227597843845	232.440238114	23.753242479746	234.750668155	24.344806137747	232.297732125	23.656961570448	232.448495903	23.826769850649	234.249849729	24.062621919150	237.603395468	23.614669078751	231.447133646	23.65901678452	240.06729167	24.854315449853	233.720989626	24.111213773554	231.93167893	23.7265297155	233.267532763	24.24808096856	241.675170777	25.484617894557	231.756796989	23.788031136358	240.762948903	25.328537115359	233.767023761	24.1331462360	232.407063903	23.912469161561	238.656149174	24.999720182162	231.38570178	23.623025128363	231.063901947	23.713014870964	247.717090156	25.972229207965	234.564456836	24.522364475466	231.327295203	23.899733077567	267.697741986	26.299056913668	239.184634543	25.102794176569	232.94747222	24.066695180470	236.423653371	24.700223578771	232.711307505	23.52211281972	230.656191266	23.463560202873	242.69544472	25.530134145374	230.043230719	23.688399728375	237.289733936	24.526517260476	232.310073097	23.272342949177	230.086306172	23.867133098478	236.526967045	24.588528300679	233.263535904	23.538918129780	234.454323562	24.235434043281	235.732885982	24.512441618982	250.286722315	24.398663033783	230.045067685	23.629147115584	269.439234187	28.586927383185	230.488067191	23.879676974886	233.611102583	23.448500475387	232.280483103	24.211596026888	229.337911596	23.584612988689	251.018486983	26.504781079490	236.079132764	24.613571561991	230.313881598	23.735325833892	245.018677899	24.194166896893	252.319905278	24.765800372394	229.302559123	23.470107884995	231.417391947	24.020366898596	228.727717996	23.356602584597	230.170359722	23.643454367398	228.953080112	23.28318163799	234.272395485	24.5059828194100	264.803189045	28.3214344193101	228.75434819	23.2425260427102	242.784424141	25.4171102852103	229.461392203	23.3813269533104	228.57817953	23.3390100659

{'test': [28.953754932321441,
          26.881725976243487,
          24.4671829104479,
          25.518925727986876,
          25.312392774539372,
          26.203987830112982,
          23.632493653780358,
          23.587136158701547,
          24.377909081804617,
          25.037177864397446,
          24.865362556175445,
          25.413775526719018,
          23.524996031786941,
          23.754797330125101,
          23.460107976579927,
          23.450305192957558,
          24.186178285607905,
          23.651324887085018,
          23.782758871806109,
          25.325442668359596,
          24.386551462558216,
          25.559292736614982,
          24.925254950160912,
          24.574063881297082,
          23.929051463612538,
          24.760427565859349,
          27.149043985284621,
          23.407014248477825,
          27.196007946584643,
          27.54647651287938,
          23.876489090723958,
          25.423129821960259,
          25.564797440915267,
          23.783345498419685,
          23.622020005333312,
          24.00638052358061,
          25.737659823559291,
          26.073477283423955,
          23.749428137709561,
          24.673240264316775,
          23.535491683547814,
          26.121032266165546,
          23.64313013642483,
          23.621584887637873,
          24.227597843825297,
          23.753242479713492,
          24.344806137712759,
          23.65696157041118,
          23.826769850630104,
          24.062621919115792,
          23.614669078664022,
          23.659016783986065,
          24.854315449805668,
          24.111213773536075,
          23.726529710033695,
          24.248080967992635,
          25.484617894501305,
          23.788031136342312,
          25.328537115300584,
          24.133146229965,
          23.912469161504941,
          24.999720182149062,
          23.623025128309997,
          23.713014870880414,
          25.972229207905155,
          24.522364475392031,
          23.899733077521081,
          26.299056913648183,
          25.102794176532903,
          24.066695180388457,
          24.700223578718962,
          23.522112818954078,
          23.463560202775241,
          25.530134145327569,
          23.688399728343505,
          24.526517260407566,
          23.272342949090344,
          23.867133098372378,
          24.588528300588749,
          23.538918129738114,
          24.235434043245164,
          24.512441618855757,
          24.398663033712772,
          23.629147115504587,
          28.586927383117697,
          23.879676974831209,
          23.448500475322305,
          24.211596026772792,
          23.584612988590155,
          26.504781079368907,
          24.613571561891689,
          23.735325833803127,
          24.194166896806653,
          24.765800372348316,
          23.470107884918871,
          24.020366898492359,
          23.356602584518178,
          23.643454367327102,
          23.283181637035167,
          24.505982819411535,
          28.321434419279175,
          23.242526042746668,
          25.417110285213255,
          23.381326953329548,
          23.339010065853056],
 'train': [265.05285493015936,
           253.85270692278303,
           241.86457190515199,
           245.61889985302878,
           244.87374812730999,
           252.03961806135254,
           239.54857017369372,
           233.70154741864363,
           237.41121860138099,
           241.40147842668958,
           254.32957505328417,
           244.85617369708854,
           239.77307114700756,
           241.62985201297505,
           233.65121131014757,
           234.99865367699942,
           235.17808711263945,
           238.4575318569369,
           232.77093782015055,
           258.25403650198047,
           235.43407679358569,
           245.07887085172976,
           240.5380172256543,
           236.6393130624713,
           237.89285673274938,
           250.37696707714395,
           257.69634418680118,
           233.54217365416224,
           258.35167742780305,
           260.14973947899676,
           232.92583871846671,
           242.64011820680366,
           244.28323619001947,
           232.57069838423766,
           236.57432318764722,
           240.08864842248875,
           244.76592718102393,
           267.24097283721756,
           231.94203085092144,
           236.59617461313485,
           233.19108489145884,
           249.55286716257612,
           232.10739852313935,
           235.38109600585682,
           244.70027824469275,
           232.44023811427954,
           234.75066815527293,
           232.29773212490332,
           232.44849590345916,
           234.24984972917574,
           237.60339546796143,
           231.44713364592593,
           240.06729166986435,
           233.72098962564132,
           231.93167892992517,
           233.26753276339934,
           241.67517077726905,
           231.75679698906521,
           240.76294890313869,
           233.76702376114304,
           232.40706390332957,
           238.65614917406617,
           231.38570178034959,
           231.06390194689419,
           247.71709015553469,
           234.56445683615016,
           231.32729520265846,
           267.6977419860321,
           239.18463454285038,
           232.94747221981999,
           236.42365337144585,
           232.71130750521169,
           230.65619126550962,
           242.69544472015724,
           230.04323071857539,
           237.2897339359136,
           232.3100730969789,
           230.08630617167333,
           236.52696704504649,
           233.26353590429287,
           234.45432356162621,
           235.73288598176964,
           250.28672231509836,
           230.04506768509202,
           269.43923418686967,
           230.48806719133802,
           233.61110258266436,
           232.28048310258268,
           229.33791159613492,
           251.01848698306267,
           236.07913276443381,
           230.31388159831812,
           245.01867789919649,
           252.3199052783919,
           229.30255912338458,
           231.41739194738469,
           228.72771799601495,
           230.17035972192315,
           228.95308011242952,
           234.27239548450353,
           264.80318904512006,
           228.75434818990843,
           242.78442414094002,
           229.46139220289785,
           228.57817953022212]}
