

epoch	train err	test err0	283.553570145	29.66287813081	257.534835642	26.93339424442	253.820601225	26.81775212573	248.213351128	26.42588931624	238.809530611	25.57117781945	249.495858388	26.63033201666	237.001153975	25.41631146437	251.719429631	26.97653360468	240.74410786	25.78356497229	234.881972066	25.173348305910	236.55876081	25.333633127411	236.429510957	25.368725572412	235.140409425	25.280503369413	232.358774999	24.967360939314	258.448195249	28.19496246315	234.050307655	25.063826336416	233.678275642	25.16347179917	232.414604225	24.979689201818	248.217167909	26.417753173819	232.539087913	25.000984367720	231.892482893	24.857308966121	238.660624217	25.390651179622	249.610759084	27.355350894523	234.108622527	24.938172062224	239.437367193	25.505237862225	243.11772977	26.373088651826	234.225609333	24.997966668927	245.466060162	26.607217182828	232.364646105	24.919156855729	231.98374979	24.869072808730	236.015381938	25.211397428931	271.320837955	29.642898336432	231.352219043	24.814986281933	236.991027742	25.519003468134	231.774439223	24.772240047335	231.790227341	24.859634028736	234.494076449	25.349175947937	279.864749365	30.80021938238	232.355400996	24.795936272939	237.795953895	25.284635985440	234.325674101	24.896011296241	234.418723665	24.978851845342	241.572461434	26.024108150143	260.3506428	27.598368221744	234.457636079	25.2080420844

{'test': [29.662878130800113,
          26.933394244427497,
          26.817752125658963,
          26.425889316156162,
          25.571177819400909,
          26.630332016606108,
          25.41631146428724,
          26.976533604559776,
          25.78356497220862,
          25.173348305895274,
          25.333633127356016,
          25.368725572404095,
          25.280503369387937,
          24.967360939265266,
          28.194962463039438,
          25.063826336436538,
          25.163471799045762,
          24.979689201795015,
          26.417753173752619,
          25.000984367684357,
          24.857308966053569,
          25.39065117960083,
          27.355350894510664,
          24.938172062174694,
          25.505237862159309,
          26.373088651781149,
          24.997966668908294,
          26.607217182788602,
          24.919156855696592,
          24.869072808727502,
          25.211397428902377,
          29.642898336353326,
          24.814986281909178,
          25.519003468123614,
          24.772240047281592,
          24.859634028685825,
          25.349175947856818,
          30.800219381992161,
          24.795936272913185,
          25.28463598539274,
          24.896011296151745,
          24.978851845257701,
          26.024108150143899,
          27.598368221743808,
          25.208042084396354],
 'train': [283.55357014528738,
           257.53483564182181,
           253.82060122493138,
           248.21335112775864,
           238.80953061140048,
           249.49585838750679,
           237.00115397504101,
           251.71942963057452,
           240.7441078597092,
           234.88197206583891,
           236.55876081008719,
           236.42951095699962,
           235.14040942548249,
           232.35877499877338,
           258.44819524853222,
           234.05030765520831,
           233.67827564235964,
           232.41460422479679,
           248.21716790928173,
           232.53908791312523,
           231.89248289287499,
           238.66062421715287,
           249.61075908392004,
           234.1086225265735,
           239.43736719270009,
           243.11772976962081,
           234.22560933286061,
           245.46606016228603,
           232.36464610489475,
           231.98374978972842,
           236.01538193817109,
           271.32083795523283,
           231.35221904324447,
           236.9910277416285,
           231.77443922265832,
           231.79022734063588,
           234.49407644867588,
           279.86474936508029,
           232.35540099557056,
           237.79595389501102,
           234.3256741006243,
           234.41872366473811,
           241.57246143401093,
           260.35064279982447,
           234.45763607926159]}
