

epoch	train err	test err0	262.373155093	38.88418971041	241.216526862	35.21272244272	248.042254269	31.26948721193	235.032961251	34.07098839564	237.753229887	30.33651359065	236.966365682	30.10257105966	245.695890424	29.99047022297	233.094969922	33.42541082628	228.705955916	31.84866156439	232.121606179	32.934780437210	227.960076626	31.14458789911	238.753903561	29.334850098512	263.50716165	30.173646391713	229.624751245	31.834616905414	236.377289102	29.186431822715	227.719513743	31.205983355216	243.285795587	29.211502319317	243.334669386	29.204547028518	226.446154256	30.531596226119	226.811310912	29.916616488120	227.077370893	30.967908309821	226.226122386	30.117877852722	230.956982017	32.467430254723	230.724687407	29.186680589724	227.211582527	29.727439882925	226.255742013	29.920099064726	232.81834536	33.102800378827	226.65231765	29.725367093628	239.576833582	29.051071209829	231.884703592	29.131511056830	230.636149838	29.100622677131	226.326556244	29.664187348232	225.820983845	30.842206027333	225.575910456	30.701578499334	245.286743314	35.74174776335	225.862637781	30.932835655636	230.747278961	32.504733658537	264.19606998	29.839120896738	231.329455572	29.06464993739	226.766645048	31.305108183240	239.759630524	28.832874547641	224.651627634	30.134013356242	233.785746229	28.812375083943	227.932069524	31.778518272344	241.967414296	28.84596568

{'test': [38.884189710392334,
          35.212722442688168,
          31.269487211882776,
          34.070988395567419,
          30.33651359060395,
          30.102571059614181,
          29.990470222890153,
          33.425410826152095,
          31.84866156429662,
          32.934780437187634,
          31.144587898979601,
          29.334850098533373,
          30.173646391661162,
          31.83461690542596,
          29.186431822724618,
          31.205983355186238,
          29.211502319286616,
          29.204547028531245,
          30.531596226112082,
          29.91661648813858,
          30.96790830978469,
          30.117877852664954,
          32.467430254749608,
          29.186680589723281,
          29.727439882942157,
          29.920099064709543,
          33.102800378822167,
          29.725367093624925,
          29.051071209802238,
          29.131511056764808,
          29.100622677120054,
          29.664187348232183,
          30.84220602730727,
          30.701578499279179,
          35.741747763038127,
          30.932835655583226,
          32.504733658540765,
          29.839120896736439,
          29.064649936953916,
          31.305108183217797,
          28.832874547627494,
          30.134013356235549,
          28.812375083863518,
          31.778518272277147,
          28.845965680016601],
 'train': [262.37315509307507,
           241.21652686178123,
           248.04225426885199,
           235.03296125143456,
           237.75322988655822,
           236.96636568226887,
           245.69589042410078,
           233.09496992181758,
           228.70595591569321,
           232.12160617931914,
           227.96007662551787,
           238.75390356053472,
           263.50716165002603,
           229.62475124498314,
           236.3772891016082,
           227.71951374346901,
           243.285795587466,
           243.33466938615163,
           226.44615425592528,
           226.8113109124121,
           227.07737089273229,
           226.22612238596469,
           230.95698201685465,
           230.72468740713788,
           227.21158252732923,
           226.25574201256049,
           232.81834535988514,
           226.65231764969192,
           239.57683358245555,
           231.88470359213326,
           230.63614983755983,
           226.32655624414406,
           225.82098384540959,
           225.57591045643653,
           245.28674331398221,
           225.86263778055613,
           230.74727896127953,
           264.19606998029616,
           231.32945557236278,
           226.76664504844632,
           239.75963052385288,
           224.65162763353334,
           233.78574622850837,
           227.93206952439195,
           241.96741429609673]}
