

epoch	train err	test err0	313.853197331	33.4219476091	315.138063474	33.86376972042	307.346932695	32.59523433783	303.874962917	32.28455179964	299.102515528	31.87395528095	294.006695774	30.97661250826	289.727142855	30.52651674747	285.230630669	30.67622867528	280.062800808	29.84357459949	278.841717375	29.527625548410	275.981081455	29.26333032411	274.108634458	29.367842598812	271.909898601	29.097162396713	272.356425422	28.852324226514	268.99919363	28.720590155815	269.467748626	28.983908278616	267.253631112	28.58819296317	267.442521405	28.819361276418	266.131036132	28.659049520519	264.942451898	28.515073125320	268.861558027	28.55975445521	263.45482077	28.421750330822	265.786951847	28.902403358423	286.320486234	31.523749716524	261.189235761	28.128829841425	261.527456919	28.409640789826	260.273440902	28.231963851227	259.769961637	28.001295496728	261.069142316	28.028364828729	284.091633223	31.331657156830	257.833741299	28.103284010231	257.823489507	27.846638338832	259.14019258	27.878541754233	265.393714002	28.280445381334	262.452921208	28.913590393835	256.135458389	27.690694389536	256.800108125	27.736879011837	254.635547497	27.974393548338	315.344982	34.671473864939	252.521356895	27.505540066140	252.052729061	27.475175189141	261.628380161	28.940161364542	250.666334324	27.425106261443	271.580484622	30.060873901744	252.128096881	27.4243087983

{'test': [33.421947608993314,
          33.863769720388412,
          32.595234337756061,
          32.284551799618391,
          31.873955280919709,
          30.976612508210479,
          30.526516747391209,
          30.676228675175743,
          29.843574599432209,
          29.527625548408892,
          29.263330324027489,
          29.367842598822424,
          29.097162396684155,
          28.852324226493167,
          28.720590155825363,
          28.983908278571327,
          28.588192963040605,
          28.819361276410717,
          28.659049520465743,
          28.515073125260944,
          28.559754455000615,
          28.421750330846045,
          28.902403358435791,
          31.523749716468139,
          28.128829841358904,
          28.409640789786963,
          28.231963851180566,
          28.001295496679127,
          28.028364828718775,
          31.331657156777759,
          28.103284010249112,
          27.846638338849207,
          27.878541754159514,
          28.280445381329283,
          28.913590393753374,
          27.690694389548042,
          27.736879011810306,
          27.974393548256028,
          34.671473864857461,
          27.505540066139819,
          27.475175189051843,
          28.940161364472971,
          27.425106261416328,
          30.060873901707531,
          27.424308798292589],
 'train': [313.85319733129842,
           315.13806347431273,
           307.34693269471046,
           303.87496291656413,
           299.10251552804533,
           294.00669577430824,
           289.72714285532049,
           285.23063066853729,
           280.06280080808608,
           278.84171737462083,
           275.98108145500356,
           274.10863445758093,
           271.90989860094544,
           272.35642542203999,
           268.99919362952227,
           269.46774862639444,
           267.25363111237294,
           267.44252140468882,
           266.13103613172979,
           264.94245189798659,
           268.86155802692178,
           263.45482076961702,
           265.78695184716173,
           286.32048623424151,
           261.18923576120062,
           261.52745691873326,
           260.27344090171198,
           259.76996163686204,
           261.06914231573222,
           284.09163322284218,
           257.83374129918263,
           257.82348950669353,
           259.14019257969221,
           265.39371400239992,
           262.45292120795193,
           256.13545838921607,
           256.80010812481197,
           254.63554749725407,
           315.3449820002939,
           252.52135689458834,
           252.0527290607306,
           261.6283801611645,
           250.66633432370963,
           271.58048462227833,
           252.12809688068333]}


epoch	train err	test err0	321.806219326	33.65290512841	317.003437909	32.71179692152	307.857951753	29.25733217463	305.336445473	28.78266345564	302.075184239	29.38531839965	297.919710731	28.80072410756	293.272193297	27.95701257197	289.483074834	27.21874182488	292.272593993	28.9782713989	287.176802201	24.873633212810	280.410943006	25.634724098611	285.687051156	27.539677546312	278.323273738	25.523921587113	275.534079502	24.197343924314	278.30856016	23.059130284115	275.801872226	23.058480127916	274.995439941	22.947029236817	272.207496433	23.071997897918	288.965442396	28.540231408919	300.436165354	30.819815639320	272.434645156	24.665559431121	274.446254344	21.882816092722	268.101443381	22.468877383323	274.857455978	21.450273287824	267.442311938	22.111594766525	265.93160707	22.878106855426	265.109680892	22.328292603927	264.553875083	22.612482192728	268.164187285	24.327014717629	264.493599417	23.236752504930	263.771324355	23.088679378331	262.365732682	21.518476138332	262.10678675	22.569029653733	263.736784088	23.464934724134	260.441439162	21.875088901335	259.919520745	21.490237339536	259.508333267	21.410296796737	259.801788739	22.345490831138	258.956907349	21.015018613539	258.86082782	22.178507680340	261.861142956	23.511504714641	260.605472282	23.2084441342	269.709023393	19.771725971543	258.042482199	20.452258488344	265.047457189	24.6721207837

{'test': [33.652905128445326,
          32.711796921535765,
          29.257332174613659,
          28.782663455614433,
          29.385318399615677,
          28.800724107497807,
          27.957012571861124,
          27.218741824763963,
          28.978271397976716,
          24.873633212825556,
          25.634724098636575,
          27.539677546324192,
          25.523921587077229,
          24.197343924322944,
          23.05913028410011,
          23.058480127850849,
          22.947029236764639,
          23.071997897886831,
          28.54023140893305,
          30.819815639340248,
          24.665559431127186,
          21.882816092701624,
          22.468877383325658,
          21.450273287777765,
          22.111594766510194,
          22.878106855435078,
          22.328292603930784,
          22.612482192721053,
          24.327014717633748,
          23.236752504891893,
          23.088679378291893,
          21.518476138319549,
          22.569029653686492,
          23.464934724108794,
          21.875088901253044,
          21.490237339515716,
          21.410296796665975,
          22.345490831099198,
          21.015018613476759,
          22.178507680289883,
          23.5115047145615,
          23.208444130001517,
          19.771725971459219,
          20.452258488272545,
          24.672120783669467],
 'train': [321.80621932597018,
           317.00343790886069,
           307.85795175296983,
           305.336445472994,
           302.07518423862848,
           297.91971073085233,
           293.27219329673488,
           289.48307483400674,
           292.27259399338482,
           287.17680220111851,
           280.41094300640543,
           285.68705115632446,
           278.3232737379048,
           275.53407950162517,
           278.30856016021966,
           275.80187222602694,
           274.99543994066903,
           272.20749643265435,
           288.96544239647841,
           300.43616535400128,
           272.43464515624834,
           274.44625434380487,
           268.101443381183,
           274.85745597843737,
           267.44231193784987,
           265.93160706979069,
           265.1096808919134,
           264.55387508335184,
           268.1641872845646,
           264.49359941683099,
           263.77132435507468,
           262.36573268189352,
           262.10678675010087,
           263.73678408801692,
           260.44143916222436,
           259.91952074459505,
           259.50833326657408,
           259.80178873916014,
           258.95690734920237,
           258.86082781963756,
           261.86114295644984,
           260.6054722818966,
           269.70902339318826,
           258.042482199235,
           265.04745718940444]}


epoch	train err	test err0	302.826241341	34.64673310371	302.377580795	34.36062927472	298.940597084	34.09307707583	301.57048267	33.58292555044	290.723797368	33.15099927985	286.821764528	32.25017233726	283.475519705	31.77429456197	281.103139773	32.32257348978	274.741021828	31.10478850619	272.520724438	31.057983708710	268.258871254	30.605551522411	271.769250527	31.351499524512	265.39952878	30.435281735413	265.078897783	30.544754286914	269.790508343	31.436575049615	263.872945282	30.215036062816	261.497637343	30.121354454517	263.06670541	30.107261495818	272.49722899	32.029241714719	259.384351294	29.849451643320	260.83239252	30.328118930821	267.468518059	31.341726546122	266.647381395	31.234313588723	261.8421117	29.874002286424	262.540066506	30.568911311925	260.310218392	30.232217734226	255.845079266	29.439358773527	254.824691613	29.195919707928	259.402147822	29.533103079529	253.919143527	29.147033085830	256.051736349	29.133047124431	258.723035466	29.967813512332	252.836577591	28.801322574733	252.364843372	28.920012897634	251.745659188	28.644444003435	253.676772575	29.138276219636	250.989129262	28.517301625437	251.616629204	28.794333463638	250.933554723	28.635126933939	255.335282183	28.925652576140	250.874622295	28.596663349141	268.371842635	30.859943605142	248.689315291	28.148854093943	250.879336541	28.360236379444	248.973220679	28.1394919644

{'test': [34.646733103717303,
          34.360629274652915,
          34.093077075848797,
          33.582925550367598,
          33.150999279773679,
          32.25017233722636,
          31.774294561884926,
          32.322573489747846,
          31.104788506115639,
          31.057983708700775,
          30.605551522447477,
          31.351499524544138,
          30.435281735361727,
          30.54475428687924,
          31.436575049586793,
          30.21503606278123,
          30.121354454502796,
          30.107261495815415,
          32.029241714658639,
          29.849451643302523,
          30.32811893084062,
          31.341726546139441,
          31.234313588699091,
          29.874002286432191,
          30.568911311918676,
          30.232217734202685,
          29.439358773548744,
          29.195919707887008,
          29.533103079463153,
          29.147033085767159,
          29.133047124373384,
          29.967813512326735,
          28.80132257473365,
          28.920012897562991,
          28.644444003395069,
          29.13827621957477,
          28.517301625352776,
          28.79433346361462,
          28.635126933907387,
          28.925652576111325,
          28.596663349072063,
          30.859943605093317,
          28.148854093905545,
          28.360236379412502,
          28.139491964355813],
 'train': [302.82624134059301,
           302.37758079531386,
           298.940597083733,
           301.57048267037715,
           290.72379736770381,
           286.82176452808773,
           283.47551970461109,
           281.10313977284505,
           274.74102182788391,
           272.52072443842331,
           268.25887125428994,
           271.76925052722407,
           265.39952878049098,
           265.07889778322334,
           269.79050834319048,
           263.87294528213431,
           261.49763734296795,
           263.06670541019901,
           272.49722899022549,
           259.38435129389768,
           260.83239252007763,
           267.46851805870836,
           266.64738139457614,
           261.84211170037065,
           262.54006650610296,
           260.31021839181591,
           255.84507926628876,
           254.82469161257256,
           259.40214782200775,
           253.91914352708639,
           256.05173634850513,
           258.72303546583788,
           252.8365775908733,
           252.36484337211925,
           251.74565918835592,
           253.67677257526881,
           250.9891292616322,
           251.61662920408639,
           250.93355472342483,
           255.33528218289391,
           250.87462229548865,
           268.37184263470431,
           248.68931529121997,
           250.87933654096503,
           248.97322067901644]}
