

epoch	train err	test err0	307.007740162	35.50181913551	302.327109911	35.26304970342	300.816806726	35.02778260543	294.481683194	35.1929823224	290.333208692	34.6484202735	287.174356768	33.71591245476	278.287673993	33.50138128937	273.144069629	32.64508666638	269.711753566	32.12278468859	268.807679673	33.230268082310	261.746239818	31.976353563711	259.957404786	31.90313178612	260.633194132	31.210213567513	258.711891045	31.121685810714	256.046391079	31.358234206815	262.004787372	30.576876736816	256.872109932	31.88688887917	261.557607525	30.298343128618	270.112745316	30.307338589219	262.672005921	32.923178882620	251.851247595	30.583293934921	253.005865254	29.991123991222	256.634451435	32.023381888923	270.918726657	29.762619293424	249.54622348	30.312521569925	268.645676132	29.523484701326	251.627760583	29.331654694227	249.231919119	29.417651196728	249.761592941	30.724711212429	247.251562446	29.971226004530	253.791160873	28.834578599831	246.223320463	29.735917065832	252.197162537	28.653549688533	248.42767947	30.566030289334	250.762746382	28.495668543435	244.501908902	29.449448395436	245.463474236	28.590644552837	243.524666502	29.124617894138	251.000381833	31.134172563839	245.219343381	28.321730321140	242.554853165	28.909299279441	245.004696168	29.953069435642	252.125766135	31.353244873943	250.395044365	27.899474097544	248.961603511	30.796258985

{'test': [35.501819135484631,
          35.263049703364587,
          35.027782605427596,
          35.192982321951526,
          34.648420273002806,
          33.715912454743865,
          33.501381289288361,
          32.645086666278303,
          32.122784688464087,
          33.230268082333843,
          31.976353563672664,
          31.903131785997914,
          31.210213567528378,
          31.121685810690838,
          31.358234206791483,
          30.576876736758056,
          31.886888879005213,
          30.298343128558457,
          30.307338589177903,
          32.923178882645644,
          30.583293934853941,
          29.991123991238606,
          32.023381888935972,
          29.762619293416932,
          30.312521569919475,
          29.523484701333707,
          29.331654694243387,
          29.417651196669425,
          30.724711212369606,
          29.971226004472548,
          28.834578599841006,
          29.735917065772654,
          28.653549688515124,
          30.566030289257583,
          28.495668543446353,
          29.449448395382682,
          28.590644552820475,
          29.124617894122657,
          31.134172563759094,
          28.321730321077638,
          28.909299279427938,
          29.953069435604512,
          31.353244873945215,
          27.899474097484298,
          30.796258984960161],
 'train': [307.00774016186728,
           302.32710991055535,
           300.81680672583855,
           294.4816831939209,
           290.33320869247342,
           287.17435676776688,
           278.2876739925494,
           273.14406962856447,
           269.71175356595398,
           268.80767967270793,
           261.74623981779081,
           259.95740478577318,
           260.63319413192784,
           258.71189104546073,
           256.04639107897191,
           262.00478737191884,
           256.87210993208714,
           261.55760752511281,
           270.11274531611019,
           262.67200592073885,
           251.85124759547847,
           253.00586525384765,
           256.63445143473058,
           270.91872665651653,
           249.54622348037253,
           268.64567613214831,
           251.62776058273599,
           249.23191911889828,
           249.76159294061458,
           247.25156244582658,
           253.79116087272649,
           246.22332046316549,
           252.19716253701461,
           248.42767947008798,
           250.76274638162798,
           244.50190890158717,
           245.46347423611078,
           243.52466650231207,
           251.0003818325556,
           245.21934338112723,
           242.55485316455645,
           245.00469616763357,
           252.1257661348123,
           250.39504436547224,
           248.96160351074371]}


epoch	train err	test err0	303.779580579	34.55453472881	302.322011553	34.25829826662	296.145752581	33.91149492693	288.512346465	33.77268908334	287.624909017	34.0032514875	275.015357878	33.63480414966	268.260309648	33.88627377467	268.558300455	34.42314973048	281.714607817	35.50844137049	258.520451044	34.553315327110	261.082924171	34.580655434811	262.822415926	34.635264770112	254.711584184	34.787394614913	256.28005219	35.069698541414	252.873821736	34.728276658515	251.029882966	34.328113609916	250.332804131	34.37045179217	265.313906285	34.471726546818	248.525923685	34.145137628919	248.987768531	33.768803070620	247.268848213	33.681135506321	255.577865359	35.177370059122	249.648368246	34.344192246923	246.504443885	33.885285054724	268.539770831	34.055534815725	248.906910145	33.172783830226	243.93264278	33.271799307127	243.638197908	33.046129310728	242.908123108	33.011201204429	243.571110707	32.628891570430	244.528108973	33.346493781431	250.738771614	32.468929232232	241.096131092	32.554014563533	245.212111325	32.249818340734	240.367648798	32.417524097535	240.004525412	32.225302707536	247.725957535	32.172098967137	248.770783987	32.182082369238	242.138220889	31.898619891539	260.126508072	35.532707319140	244.998449049	33.511653935441	252.151103278	32.025921870742	238.334370429	31.762884098243	237.62763662	31.723000154444	239.528624502	31.5470935869

{'test': [34.554534728821878,
          34.258298266581861,
          33.911494926877651,
          33.77268908332465,
          34.003251487017856,
          33.634804149603433,
          33.886273774555072,
          34.423149730431447,
          35.508441370404725,
          34.553315327059956,
          34.580655434770165,
          34.635264770094977,
          34.787394614879659,
          35.069698541447472,
          34.728276658492391,
          34.328113609922006,
          34.370451791970936,
          34.471726546751484,
          34.145137628861015,
          33.768803070557645,
          33.681135506296307,
          35.177370059070718,
          34.344192246913856,
          33.885285054672259,
          34.055534815664622,
          33.172783830163247,
          33.2717993071102,
          33.04612931074108,
          33.011201204389472,
          32.628891570377014,
          33.346493781354951,
          32.468929232171185,
          32.554014563528341,
          32.249818340748234,
          32.417524097514175,
          32.225302707522935,
          32.172098967071044,
          32.182082369176221,
          31.89861989148681,
          35.5327073190889,
          33.511653935368187,
          32.025921870658777,
          31.762884098154547,
          31.72300015439831,
          31.547093586868524],
 'train': [303.77958057904681,
           302.32201155346809,
           296.14575258060847,
           288.51234646470988,
           287.6249090174183,
           275.01535787751345,
           268.26030964793745,
           268.55830045457344,
           281.71460781706935,
           258.52045104432352,
           261.0829241708737,
           262.8224159257536,
           254.7115841837512,
           256.28005218985231,
           252.87382173622927,
           251.02988296590897,
           250.33280413087292,
           265.31390628514055,
           248.5259236845742,
           248.98776853055381,
           247.26884821296787,
           255.57786535932246,
           249.64836824629202,
           246.5044438846208,
           268.5397708306993,
           248.90691014534087,
           243.93264277955697,
           243.63819790798192,
           242.90812310791387,
           243.57111070727038,
           244.52810897264601,
           250.73877161415217,
           241.09613109242721,
           245.21211132496626,
           240.3676487978201,
           240.00452541180732,
           247.72595753514307,
           248.7707839867343,
           242.13822088892152,
           260.12650807181325,
           244.99844904942736,
           252.15110327823515,
           238.33437042856298,
           237.62763662013577,
           239.52862450171813]}


epoch	train err	test err0	307.762617697	36.600262341	304.060425904	36.54443556552	300.855978503	36.53721680833	304.294628945	36.00830705694	308.257770319	35.66822168875	294.044210685	35.51227108856	289.674218175	35.02724417377	284.666436559	33.81311212838	280.062266421	33.06897034499	276.936331861	31.540256972610	274.101637534	30.634836054811	273.250674948	31.451988077812	267.994438045	29.627500573213	269.051950962	28.629037107314	265.087226467	28.729373460215	263.870485338	28.337783297316	264.727737046	27.683303854617	262.115350601	27.71978393918	270.631670941	27.353384455319	267.94114876	29.39872773720	288.760422052	28.046762364421	260.955957921	27.598544197922	259.636696544	27.275393796823	263.325518703	26.20142389124	265.799753693	28.604004234625	262.60872059	25.916376394326	259.167272902	27.250932018127	258.382786124	25.874603595528	286.445140665	27.318230088329	257.210469936	26.802791719430	254.757687038	26.060678557131	258.009909082	27.035663174132	255.149324577	25.119676226933	265.543975244	25.360079282834	253.63116622	24.786918956935	277.167822041	25.870321484536	254.691047733	24.600945105137	258.621120754	27.079121028938	253.360734327	24.623690482639	265.987868484	24.99787528640	250.007269098	24.903032586341	258.97520911	27.126116626742	249.994160477	24.398459182743	248.866584671	24.5987422844	248.640047907	24.4211231329

{'test': [36.600262339950255,
          36.544435565488889,
          36.537216808268703,
          36.008307056926945,
          35.668221688725922,
          35.512271088477313,
          35.027244173721961,
          33.813112128270596,
          33.068970344852275,
          31.540256972562794,
          30.634836054751212,
          31.451988077820264,
          29.627500573209726,
          28.629037107253787,
          28.729373460171061,
          28.337783297271592,
          27.68330385461573,
          27.71978393904466,
          27.353384455297576,
          29.398727736969281,
          28.046762364368067,
          27.598544197934274,
          27.275393796776633,
          26.201423891047739,
          28.604004234585243,
          25.916376394314643,
          27.250932018124125,
          25.874603595506166,
          27.318230088296829,
          26.802791719385727,
          26.06067855713998,
          27.035663174149949,
          25.119676226914073,
          25.360079282846247,
          24.786918956928407,
          25.870321484456383,
          24.600945105120388,
          27.079121028928149,
          24.623690482644818,
          24.997875286006085,
          24.903032586312293,
          27.126116626749742,
          24.398459182736506,
          24.598742280037346,
          24.421123132899091],
 'train': [307.76261769682839,
           304.06042590416405,
           300.85597850338388,
           304.29462894546936,
           308.25777031913537,
           294.04421068507679,
           289.67421817456608,
           284.66643655859303,
           280.06226642123335,
           276.93633186133229,
           274.10163753441282,
           273.25067494818427,
           267.99443804507933,
           269.05195096158877,
           265.08722646689495,
           263.87048533794558,
           264.72773704638354,
           262.11535060139533,
           270.63167094108996,
           267.94114876000128,
           288.76042205207654,
           260.95595792114665,
           259.63669654404572,
           263.32551870288529,
           265.79975369317106,
           262.60872059036961,
           259.16727290171264,
           258.38278612420231,
           286.44514066546799,
           257.21046993603017,
           254.75768703843815,
           258.0099090819499,
           255.14932457726857,
           265.5439752442216,
           253.63116622047212,
           277.16782204123444,
           254.69104773304531,
           258.62112075440399,
           253.36073432725749,
           265.98786848405172,
           250.00726909800221,
           258.97520911044217,
           249.99416047745345,
           248.86658467146526,
           248.64004790717331]}
