

epoch	train err	test err0	309.305265691	32.60086023791	310.808846569	32.93617581872	308.567844112	32.54820363863	306.33358681	32.21253131614	301.079632109	31.26035485035	299.00721193	31.05549745886	290.463631118	28.79630769677	284.44013244	27.7498698328	284.708506594	27.02131436659	281.570371234	26.00919537310	279.660466927	25.086339654211	276.061228791	24.389992260912	276.497723659	24.270686429613	274.753955661	23.62839266214	272.882351882	23.245834893315	276.590456098	23.593691335216	272.404847035	22.955515582117	276.652946307	23.358802223918	272.583111965	23.082093356719	273.435393611	22.766740183520	274.578204971	22.515373117221	273.149395512	22.338983758222	268.827832767	21.949739992923	267.974937075	21.533909633224	267.339747132	21.647245737225	266.089776861	21.2298600826	277.383479661	23.33588091427	270.336980305	21.203402691428	275.063383845	21.692569843229	263.882159947	21.023429627630	263.716402368	20.369076000231	263.527811694	20.514106072532	261.765965578	20.126800588833	263.359461595	20.634223467734	266.336374864	20.191856839235	261.616834303	19.797712012336	263.798518518	19.918765438537	267.322551656	20.047807633738	260.183505972	19.389673293739	269.212860822	22.180965124840	276.971036049	23.747298394641	259.350871997	19.872899023742	258.94743566	18.812193201343	257.867123323	18.78736540144	258.596947465	19.826737237

{'test': [32.600860237882713,
          32.936175818747074,
          32.548203638576616,
          32.212531316145949,
          31.260354850336803,
          31.055497458780465,
          28.796307696680994,
          27.749869832026075,
          27.021314366475728,
          26.009195373035954,
          25.086339654234141,
          24.389992260937049,
          24.27068642958627,
          23.628392661990716,
          23.245834893268171,
          23.593691335175009,
          22.955515582120324,
          23.358802223856888,
          23.082093356661026,
          22.766740183518703,
          22.515373117190784,
          22.338983758219541,
          21.949739992856976,
          21.53390963319098,
          21.647245737218174,
          21.229860080026654,
          23.335880914035506,
          21.203402691446453,
          21.692569843227204,
          21.023429627635764,
          20.369076000203879,
          20.514106072523202,
          20.126800588777954,
          20.634223467687185,
          20.191856839226087,
          19.797712012294713,
          19.918765438472761,
          20.047807633707354,
          19.389673293672494,
          22.180965124804757,
          23.747298394550054,
          19.872899023730209,
          18.812193201304922,
          18.787365401005587,
          19.826737236962739],
 'train': [309.30526569089693,
           310.80884656928498,
           308.5678441118344,
           306.33358681048486,
           301.07963210852694,
           299.00721192982263,
           290.46363111828373,
           284.44013243996932,
           284.70850659374167,
           281.57037123409128,
           279.66046692676764,
           276.06122879051105,
           276.4977236594878,
           274.75395566099064,
           272.88235188219159,
           276.59045609825324,
           272.40484703529427,
           276.65294630679546,
           272.58311196536891,
           273.43539361050978,
           274.57820497066973,
           273.14939551210585,
           268.82783276708238,
           267.9749370747079,
           267.3397471321739,
           266.08977686118635,
           277.38347966124405,
           270.3369803053651,
           275.06338384490351,
           263.88215994665177,
           263.7164023676799,
           263.52781169359872,
           261.76596557804419,
           263.35946159475969,
           266.33637486435197,
           261.61683430334313,
           263.79851851766136,
           267.3225516558021,
           260.18350597189999,
           269.21286082202766,
           276.97103604921671,
           259.35087199747437,
           258.94743565989836,
           257.86712332290705,
           258.5969474648432]}


epoch	train err	test err0	312.414664941	34.57293776661	307.366715737	33.97457292722	303.5828799	33.39319433583	293.328106963	32.91573252014	288.876086828	32.5420331925	279.515025945	31.12625228676	277.995650018	31.29896298597	273.816902567	31.02061773058	268.395788073	30.77509893989	266.353871309	30.650777260510	266.285458196	30.97572954111	268.16288376	31.012259597712	264.97700839	30.78994535713	263.147000765	30.626047950114	259.883739524	30.38337562515	263.934343107	31.003998562116	259.138859467	30.499401114617	256.620557952	30.216830201918	269.774691642	31.702726590819	255.016552161	30.16312207620	253.88682368	30.044997056621	253.453567494	29.972661328322	262.007808798	30.99025385523	254.430288909	30.172869181424	262.728245838	31.171096821725	259.188037204	30.736762884426	250.057814827	29.706344577127	248.971842386	29.602257584128	249.008715911	29.642159632229	251.11029082	29.801119418130	252.014929982	30.020077533831	248.68874119	29.624464055832	249.674005695	29.75073742433	259.317040938	30.904039894834	249.220377616	29.477697912735	245.028936494	29.121639225136	245.137893378	29.184672283237	244.454218837	29.075911199638	263.772958357	31.012794836639	275.034619505	32.174404783240	243.857197442	28.981041393141	243.2114414	28.802225966842	242.190179411	28.721032711543	275.595873138	32.187143795244	253.900635008	29.9067834516

{'test': [34.572937766560798,
          33.974572927212748,
          33.393194335767248,
          32.915732520138363,
          32.542033192048187,
          31.126252286734719,
          31.298962985948688,
          31.020617730476179,
          30.775098939832205,
          30.650777260490585,
          30.975729540953562,
          31.012259597727585,
          30.789945357034878,
          30.626047950071236,
          30.383375624967925,
          31.003998562072454,
          30.499401114612365,
          30.216830201868067,
          31.70272659083658,
          30.163122076036132,
          30.044997056643666,
          29.972661328290837,
          30.990253855011353,
          30.172869181435573,
          31.171096821664772,
          30.736762884375512,
          29.706344577110087,
          29.602257584098201,
          29.642159632203185,
          29.801119418122539,
          30.020077533802713,
          29.624464055831371,
          29.750737424011298,
          30.904039894776716,
          29.477697912676902,
          29.121639225057393,
          29.184672283203504,
          29.075911199624542,
          31.012794836622326,
          32.174404783182091,
          28.981041393106615,
          28.802225966815328,
          28.721032711508318,
          32.187143795201919,
          29.906783451605094],
 'train': [312.41466494066708,
           307.36671573660408,
           303.58287990023371,
           293.32810696333348,
           288.87608682815136,
           279.51502594505286,
           277.99565001802608,
           273.81690256731497,
           268.39578807347266,
           266.35387130878848,
           266.28545819564124,
           268.16288375982344,
           264.97700838960498,
           263.14700076512685,
           259.88373952377458,
           263.93434310725922,
           259.13885946741573,
           256.62055795168033,
           269.77469164238909,
           255.01655216091496,
           253.8868236800285,
           253.45356749350185,
           262.00780879751699,
           254.43028890902667,
           262.728245837533,
           259.18803720424722,
           250.05781482689736,
           248.97184238580516,
           249.00871591064461,
           251.11029081976631,
           252.01492998160177,
           248.68874119046032,
           249.67400569516462,
           259.31704093762124,
           249.22037761564332,
           245.02893649395881,
           245.13789337849764,
           244.45421883683841,
           263.77295835745457,
           275.03461950544835,
           243.85719744246938,
           243.21144140019248,
           242.19017941142587,
           275.59587313799,
           253.90063500796404]}


epoch	train err	test err0	303.256707847	38.19222368331	299.956055642	38.68272088912	303.593490682	37.20081946093	298.149376957	37.74154171784	295.015738175	37.86757212045	302.706352177	35.31415167266	287.545496311	37.16063062487	285.981101243	38.10092585398	285.043076462	35.25766310259	270.708293709	35.51013624510	266.626229814	35.583362684111	263.877364284	36.143232250512	262.110145477	36.346203597313	262.423272193	36.6545729814	262.23164193	36.724531996815	258.826203946	36.113194111216	260.446516915	36.514080393317	258.335106677	35.809273386418	258.819949375	36.005747890719	267.01794248	33.993236785120	269.055642847	33.897830678821	255.471945499	34.968831717122	255.260357527	34.941103104323	255.731080651	35.394671310924	254.255052193	34.917828799125	253.578367218	34.439888545126	252.922687652	34.315784866127	254.482324982	33.700894281928	253.514389536	34.784865572129	251.43144072	34.070621955530	252.197144355	34.546631650731	250.869202333	33.358012271532	252.338128633	32.737126873133	263.024146954	36.377477103534	250.418060237	33.85925757235	259.264498629	32.436994618536	250.374080576	33.806894440937	261.38669547	32.159180767738	250.815091055	32.006503724239	248.622529637	32.00193060440	262.832454505	31.805877485141	251.813227584	31.429232666342	249.985264331	33.488595799543	250.187706389	31.256403091444	245.919801022	31.3638628438

{'test': [38.192223683252891,
          38.68272088912078,
          37.200819460933047,
          37.741541717806548,
          37.867572120350268,
          35.314151672606805,
          37.160630624786371,
          38.100925853886665,
          35.257663102537528,
          35.5101362449969,
          35.583362684140518,
          36.143232250529962,
          36.346203597323409,
          36.654572979954352,
          36.724531996819856,
          36.113194111151017,
          36.514080393311261,
          35.809273386370144,
          36.005747890746761,
          33.993236785070224,
          33.897830678834502,
          34.968831717121226,
          34.941103104339589,
          35.394671310884014,
          34.917828799078407,
          34.439888545135048,
          34.315784866098383,
          33.700894281926473,
          34.784865572107215,
          34.070621955457355,
          34.546631650679124,
          33.358012271484149,
          32.737126873123373,
          36.377477103513378,
          33.859257572004019,
          32.436994618540261,
          33.806894440852624,
          32.159180767700079,
          32.006503724248077,
          32.00193060404996,
          31.805877485145601,
          31.429232666252865,
          33.488595799451907,
          31.256403091350368,
          31.363862843759009],
 'train': [303.25670784655262,
           299.95605564191101,
           303.5934906816629,
           298.14937695665287,
           295.01573817499002,
           302.70635217716136,
           287.54549631125673,
           285.98110124253139,
           285.04307646195434,
           270.70829370917318,
           266.62622981439614,
           263.8773642843077,
           262.11014547681953,
           262.42327219306708,
           262.23164193032341,
           258.82620394626622,
           260.44651691485274,
           258.33510667702382,
           258.819949375357,
           267.01794247984924,
           269.05564284676547,
           255.47194549862712,
           255.26035752651973,
           255.73108065068277,
           254.25505219288536,
           253.57836721809593,
           252.92268765174842,
           254.4823249821639,
           253.51438953618265,
           251.43144071973254,
           252.1971443553137,
           250.8692023329603,
           252.3381286325357,
           263.02414695356379,
           250.41806023698956,
           259.26449862919139,
           250.374080576023,
           261.38669546984124,
           250.81509105459878,
           248.6225296374638,
           262.83245450470508,
           251.8132275842936,
           249.98526433146495,
           250.187706389114,
           245.91980102189584]}
