

epoch	train err	test err0	281.980015045	30.33388321131	356.292831505	44.27346784052	287.676720286	30.21888253163	273.3984849	31.12321897414	314.288784269	39.26658477295	290.198871906	30.21390256686	285.478123043	35.1205647837	323.505131582	40.82856123328	288.810947943	29.92757445749	274.542147378	28.904939027710	272.206072122	32.889438330611	267.547768349	28.561617660712	267.643682798	28.36813910713	297.71626645	29.841077171414	258.763413363	29.72958423615	263.062555819	32.147777331616	259.365551175	28.316567168417	292.406837233	29.308084372218	295.687521542	37.856328964119	263.487549391	27.662951676220	262.177779019	27.605223727821	261.882224735	32.392148559922	254.523797698	29.974138322623	280.313283094	28.191732580624	280.859144369	35.9504322242

{'test': [30.333883211281712,
          44.273467840502995,
          30.21888253156779,
          31.123218974100446,
          39.266584772892905,
          30.213902566755053,
          35.120564782994997,
          40.828561233216291,
          29.927574457423013,
          28.904939027683415,
          32.889438330607391,
          28.561617660747441,
          28.368139106998516,
          29.841077171435668,
          29.729584236027929,
          32.147777331579597,
          28.316567168397889,
          29.308084372171614,
          37.85632896411407,
          27.662951676161857,
          27.605223727787525,
          32.392148559948318,
          29.974138322567065,
          28.191732580558721,
          35.950432224193037],
 'train': [281.98001504527264,
           356.29283150477181,
           287.67672028636309,
           273.39848489978198,
           314.28878426899655,
           290.19887190555204,
           285.47812304294877,
           323.50513158227636,
           288.81094794293881,
           274.54214737824481,
           272.2060721216676,
           267.54776834943067,
           267.64368279767427,
           297.71626645048809,
           258.76341336262766,
           263.06255581901746,
           259.36555117525228,
           292.40683723324935,
           295.68752154228963,
           263.48754939097779,
           262.17777901862166,
           261.8822247352125,
           254.52379769812367,
           280.31328309362647,
           280.85914436880506]}


epoch	train err	test err0	299.628959435	35.34938353041	309.159087605	36.76385185382	286.689606405	31.11746739183	314.957752621	33.02844841254	281.324003999	30.40512422585	308.129470031	32.16596765076	298.631298209	31.29712145257	306.678044054	36.5936953748	286.48506388	32.28611500689	275.790644048	29.943258259310	288.931120439	33.494454607611	296.767124715	35.110896912	285.256441839	30.034048141913	278.107088441	29.415225640814	275.536211144	30.01552988415	280.477035109	29.521727232516	291.619286431	30.293299720317	267.521629761	28.902346233918	267.222339874	28.461848698319	266.322382762	28.911093906420	291.405161797	29.854618134521	263.075705109	28.264866586522	290.822720962	34.46936729523	262.165858716	27.755448757424	282.200538189	32.8029400625

{'test': [35.349383530387385,
          36.763851853838034,
          31.117467391804453,
          33.028448412526735,
          30.405124225794459,
          32.165967650659042,
          31.297121452458313,
          36.593695374021692,
          32.286115006843815,
          29.943258259288399,
          33.494454607570468,
          35.110896899955407,
          30.034048141856083,
          29.415225640760664,
          30.015529884000909,
          29.521727232528523,
          30.293299720273748,
          28.902346233883193,
          28.461848698331696,
          28.91109390643669,
          29.854618134533098,
          28.264866586509143,
          34.469367294969707,
          27.755448757386034,
          32.80294006250606],
 'train': [299.62895943544999,
           309.15908760512133,
           286.68960640540809,
           314.95775262124835,
           281.32400399912916,
           308.12947003133513,
           298.63129820945773,
           306.67804405378212,
           286.48506387979273,
           275.79064404809583,
           288.93112043890341,
           296.7671247146003,
           285.25644183905104,
           278.10708844121604,
           275.53621114426085,
           280.47703510897514,
           291.61928643094632,
           267.52162976093513,
           267.22233987378627,
           266.32238276210751,
           291.40516179742531,
           263.07570510914951,
           290.82272096162882,
           262.16585871574495,
           282.20053818908781]}


epoch	train err	test err0	334.443374983	38.17568499441	324.929084833	37.42361700622	280.675464705	40.04771543393	286.928120456	41.68994533164	292.263122081	41.71373527635	287.982842897	34.61618874596	269.30609868	35.13604432577	274.639333533	39.14716217768	269.397818713	37.19467589539	267.815097789	34.066637218210	269.420578593	38.094361143611	267.575238711	37.564793649312	277.624151815	33.747162076213	279.048523296	39.981037872614	261.176906039	34.206082160115	265.24001017	33.224585960316	268.342250541	33.162389205917	337.156653643	39.54184474918	279.345359963	33.736311540119	257.031775018	33.70092876920	259.057899012	35.819879871321	257.178752063	32.960312184222	255.267495468	34.125592002323	254.579484487	34.027808766524	258.242242997	32.4728850359

{'test': [38.17568499441397,
          37.42361700623249,
          40.047715433924111,
          41.68994533158817,
          41.713735276302593,
          34.616188745878816,
          35.136044325669282,
          39.147162177558073,
          37.194675895285144,
          34.066637218153502,
          38.094361143584422,
          37.564793649344203,
          33.747162076241629,
          39.981037872576557,
          34.206082160092933,
          33.224585960339539,
          33.162389205908227,
          39.5418447489538,
          33.736311540072052,
          33.700928768970741,
          35.819879871295328,
          32.960312184196034,
          34.125592002321817,
          34.027808766471892,
          32.472885035861324],
 'train': [334.44337498261871,
           324.92908483345781,
           280.67546470512622,
           286.92812045642142,
           292.26312208056436,
           287.98284289688831,
           269.30609867998578,
           274.63933353307021,
           269.39781871311681,
           267.81509778918968,
           269.42057859250588,
           267.57523871146856,
           277.6241518149476,
           279.04852329559503,
           261.17690603927934,
           265.24001017002212,
           268.3422505413763,
           337.15665364297001,
           279.34535996279209,
           257.03177501794249,
           259.05789901178753,
           257.17875206310276,
           255.26749546774801,
           254.5794844871084,
           258.24224299683874]}
