

epoch	train err	test err0	294.983614758	33.37598605441	300.83894677	32.83913974062	286.024725908	34.31384743433	296.605877122	31.93264414584	278.83571894	32.69711802135	277.291657597	32.27922887336	277.162261884	31.92138318787	284.874571615	31.3377864068	278.040248	31.11775969519	273.071757391	31.718800676610	276.139285974	30.791355298711	291.366029736	38.589998483612	269.515650273	31.841322702813	268.27290037	30.835337427514	286.409672	37.678256354315	269.438934429	29.891250541616	263.739515839	30.797482170917	279.100174762	29.899248077118	262.697904488	29.759595529219	264.348886772	29.554476430520	261.358904333	31.820691279921	263.248683023	29.337974950322	266.389724275	34.269254385323	266.826822768	28.9496959224	259.300163772	28.950454853825	255.773663658	29.439956700926	264.77431763	34.301211236127	254.229602941	30.365524494328	254.009507463	29.393913135129	256.807268637	32.505426144330	261.566381342	34.218145078631	256.432166358	32.582492482932	258.727892425	33.475083303133	251.582272336	30.712651800934	253.410264749	32.130790253835	265.336205635	28.764210340836	255.587073241	28.582800340837	268.818531776	36.481074494238	254.737387545	28.450058333639	250.307449179	30.934090825840	274.206179927	29.200729804741	295.74295223	30.825927014642	259.740961064	34.782539375343	249.674611733	31.76706532244	248.935308618	28.670579239445	246.791279594	29.529360979946	246.209301618	29.896314166947	257.575001597	34.247691731448	269.508804785	36.955384034749	256.589466655	34.22914594450	253.442134974	33.601734732851	261.176478334	28.332516973452	244.733633646	30.260814864453	244.32652314	30.584495435354	244.66354235	30.244508545555	243.685810228	29.250253138656	246.538158197	32.061272082457	267.84823432	36.971551237958	243.072872223	28.70844536159	241.748984206	29.397100949660	249.757145051	33.393693216361	242.199126435	30.932549351662	249.338542103	32.559671139263	254.093452446	34.565912365864	264.627504137	28.711312397565	240.551277315	30.489204901866	240.315514073	28.851136209367	245.799383925	28.34065442268	241.346495206	31.003590126269	245.015933268	32.049642873870	239.199329579	30.58178785571	243.409805898	31.223402086572	239.259931196	29.873432852373	242.886643456	32.430829312674	237.518090249	29.330137551175	247.924850205	33.263809946876	241.194493104	32.04194704277	251.755487345	28.137504190178	236.726000395	30.138484944879	284.825702383	30.399495301880	239.933661757	31.930850649281	242.120727428	32.472930548582	235.935417948	29.369844041983	241.800751218	32.708245036484	234.213906592	30.007600928785	233.336066925	29.323186560286	234.531532339	29.46126751787	236.60954459	29.635468188788	241.247256669	27.689084474989	239.545602472	27.703823424790	236.765715032	27.682358440591	237.010017046	31.263745145792	248.728689949	27.99034422393	232.782084655	29.524626327594	260.007070486	36.263471101695	232.198648308	27.763083745796	255.503708906	35.675197219897	229.674829658	29.812174317798	258.622014409	28.659892804399	230.558920594	28.331234264100	241.542625973	27.754359878101	248.156889939	32.9424394026102	238.025414767	31.6761587678103	227.95101412	28.9217910485104	226.665029484	28.8788587168

{'test': [33.37598605436613,
          32.839139740608616,
          34.313847434296264,
          31.932644145780358,
          32.697118021312328,
          32.279228873273212,
          31.921383187776364,
          31.337786405973972,
          31.117759695061082,
          31.718800676564921,
          30.79135529870527,
          38.589998483641907,
          31.841322702790016,
          30.835337427456434,
          37.678256354273053,
          29.89125054162621,
          30.797482170903997,
          29.899248077115999,
          29.759595529233433,
          29.554476430469588,
          31.820691279852014,
          29.337974950250853,
          34.269254385250541,
          28.949695920031544,
          28.950454853815021,
          29.439956700877332,
          34.301211236123741,
          30.365524494298178,
          29.393913135068178,
          32.505426144267574,
          34.218145078591931,
          32.5824924829015,
          33.475083303109962,
          30.712651800932274,
          32.130790253790863,
          28.764210340793245,
          28.582800340811716,
          36.481074494190956,
          28.450058333578919,
          30.934090825822562,
          29.200729804703016,
          30.825927014596694,
          34.782539375260306,
          31.767065321964605,
          28.670579239426672,
          29.529360979947157,
          29.896314166926508,
          34.247691731367361,
          36.955384034678353,
          34.229145943953199,
          33.601734732799748,
          28.332516973449231,
          30.260814864421132,
          30.584495435264188,
          30.244508545468964,
          29.250253138571246,
          32.061272082388207,
          36.971551237912962,
          28.708445361023447,
          29.397100949630289,
          33.393693216263955,
          30.932549351565868,
          32.559671139217222,
          34.565912365788442,
          28.711312397470031,
          30.489204901762708,
          28.851136209327084,
          28.340654422021146,
          31.003590126229948,
          32.049642873799471,
          30.581787854999313,
          31.223402086460222,
          29.873432852325113,
          32.430829312571795,
          29.330137551091433,
          33.263809946846543,
          32.041947041997716,
          28.137504190098507,
          30.138484944763562,
          30.399495301832037,
          31.930850649245805,
          32.472930548465726,
          29.36984404186034,
          32.708245036419626,
          30.007600928660459,
          29.323186560202359,
          29.461267517029825,
          29.635468188690673,
          27.689084474936639,
          27.703823424729862,
          27.682358440526702,
          31.26374514569023,
          27.990344223031009,
          29.524626327475751,
          36.263471101619317,
          27.76308374569723,
          35.675197219849565,
          29.81217431769651,
          28.65989280428029,
          28.33123426401885,
          27.754359877984914,
          32.94243940259615,
          31.676158767781761,
          28.921791048489663,
          28.878858716848708],
 'train': [294.98361475795036,
           300.83894676987791,
           286.02472590782946,
           296.60587712223719,
           278.83571894049294,
           277.29165759701505,
           277.16226188353522,
           284.87457161538487,
           278.04024799998524,
           273.07175739107112,
           276.13928597433852,
           291.36602973609143,
           269.51565027272193,
           268.27290037022249,
           286.40967200043673,
           269.4389344294263,
           263.73951583859053,
           279.10017476195901,
           262.69790448751866,
           264.34888677201087,
           261.35890433273147,
           263.24868302268806,
           266.38972427510697,
           266.82682276767906,
           259.30016377186894,
           255.77366365816152,
           264.77431762977909,
           254.22960294122308,
           254.00950746280634,
           256.80726863665063,
           261.56638134239125,
           256.43216635783023,
           258.72789242530251,
           251.58227233618737,
           253.41026474947569,
           265.33620563466235,
           255.58707324115517,
           268.81853177603898,
           254.73738754505359,
           250.30744917930474,
           274.2061799266346,
           295.74295222956061,
           259.7409610641871,
           249.67461173316192,
           248.93530861778453,
           246.79127959391832,
           246.20930161771111,
           257.57500159682263,
           269.50880478490308,
           256.58946665466362,
           253.44213497447143,
           261.176478334188,
           244.73363364565171,
           244.32652314022314,
           244.66354234964172,
           243.68581022829983,
           246.53815819709251,
           267.84823432012513,
           243.07287222345479,
           241.74898420576591,
           249.75714505095283,
           242.19912643498265,
           249.33854210335625,
           254.09345244573524,
           264.62750413696614,
           240.55127731534026,
           240.31551407257314,
           245.79938392509055,
           241.34649520618839,
           245.01593326774008,
           239.19932957902105,
           243.40980589842852,
           239.25993119575381,
           242.88664345603965,
           237.51809024931802,
           247.92485020453182,
           241.1944931039703,
           251.75548734483814,
           236.72600039534947,
           284.82570238309842,
           239.93366175737469,
           242.12072742805549,
           235.93541794792378,
           241.80075121771284,
           234.21390659221498,
           233.33606692484921,
           234.53153233928458,
           236.60954458966376,
           241.24725666927944,
           239.54560247236805,
           236.76571503199884,
           237.01001704560443,
           248.7286899490195,
           232.78208465468688,
           260.00707048629835,
           232.19864830829903,
           255.50370890571611,
           229.67482965750304,
           258.62201440892414,
           230.5589205942274,
           241.54262597318402,
           248.15688993934074,
           238.0254147673939,
           227.95101411953107,
           226.66502948372047]}


epoch	train err	test err0	290.696107706	42.23517312381	287.577091991	42.41238950382	285.892019955	34.67179321933	279.869130855	40.68533516424	293.625543277	33.81780433365	281.888040246	34.14965946296	312.767086596	33.96107384267	275.951204278	40.90159713018	269.150225435	38.14523780159	274.958694238	41.684142905310	269.21540943	39.554543887211	265.01383298	37.9028863312	264.543158644	34.589394999813	271.457344414	42.013264154614	259.103003555	36.002046226615	272.21870115	33.36586057416	267.07940618	41.565962490717	259.595909134	34.225294004318	255.254915247	35.186048866819	261.693385489	33.72682128120	252.95027221	36.775412074321	261.89026657	41.426220976522	251.389475804	35.474189613723	254.023233345	34.333133152424	249.69040639	35.817495086325	264.893038022	43.44354908326	247.889274817	36.134920755527	251.42770698	34.251172844128	273.843252608	33.477010315429	252.557484122	34.075601985630	270.870881321	33.435362918731	248.092801389	34.494204206732	263.001037119	44.1358928433	248.576899907	34.420796488234	243.185558318	36.719673021435	252.735132971	41.617389253236	255.754557162	42.677920940737	253.299087839	33.888240215338	248.0881802	40.481926138639	242.585041606	35.283014654240	242.958564081	38.642816502241	246.931129907	34.624781827242	241.935568706	35.134613094743	245.63174346	40.372208555444	239.422432068	36.157750145845	250.364113917	42.177112074246	238.63582516	37.379467943347	242.61880862	34.543277507248	248.132015689	33.998152693349	241.006860023	39.385632465350	239.375355417	38.557940490151	236.768414305	37.205659138452	239.569656929	35.199743301553	260.056957005	33.610211147654	235.996616106	35.438502077655	242.397282572	34.365104549456	272.54707626	34.02108070257	235.343580499	36.198154873558	280.119490576	34.024815496159	239.792535343	40.027220807460	243.4788371	41.358126628661	234.373722961	34.819630314462	243.425832321	33.72791933363	235.036036001	38.609635992664	231.626453985	35.379858463665	244.491210099	33.47990529566	244.096412751	41.903540902267	233.576499459	38.135357483568	237.132949012	34.197523756869	240.818500711	33.695337556170	240.268698933	33.587175175371	230.58841827	34.786342232672	239.652026062	41.11108604873	258.168267372	45.517198773274	228.868704734	37.668653956275	227.145932661	35.555284204976	233.316364947	39.744884769477	248.751880148	33.244217324378	240.929848508	33.281532005679	227.972399563	34.437754578680	227.037640986	37.472329691781	248.184087537	33.045032730682	225.26694403	36.508576561583	234.978328876	40.548904099684	224.704616993	36.615924547385	230.684849912	39.15126581186	233.552938427	40.147052859687	224.401617557	35.895906885888	224.613357117	34.386836120689	267.827919989	33.317608692590	223.834384536	36.597616577591	226.277713886	33.800581188592	223.40009514	34.317471127593	223.534803247	34.591074409394	232.861536543	33.196751941695	234.092345641	32.703536883696	226.307503697	33.430601958497	223.380844874	35.050389801998	221.580886652	34.493318003299	221.303987476	35.8944154413100	240.678361488	32.6066195155101	223.486967613	36.3221773866102	246.238837634	32.1672074624103	227.918524549	32.6489524337104	238.539403531	32.5016621737

{'test': [42.235173123775184,
          42.412389503797932,
          34.671793219299495,
          40.685335164195351,
          33.817804333558229,
          34.149659462867149,
          33.96107384263135,
          40.901597130056167,
          38.145237801519229,
          41.684142905276758,
          39.554543887174688,
          37.902886329953262,
          34.589394999752308,
          42.013264154611399,
          36.002046226641667,
          33.365860573954023,
          41.565962490740418,
          34.225294004308978,
          35.186048866784169,
          33.72682128098365,
          36.775412074333701,
          41.426220976549764,
          35.474189613678902,
          34.333133152376007,
          35.817495086324321,
          43.443549083011511,
          36.134920755507054,
          34.25117284406015,
          33.477010315428736,
          34.075601985626399,
          33.435362918684163,
          34.494204206708979,
          44.135892839955446,
          34.420796488244463,
          36.719673021415019,
          41.617389253237775,
          42.67792094068151,
          33.888240215292136,
          40.481926138645626,
          35.283014654154556,
          38.642816502164685,
          34.624781827247936,
          35.134613094686955,
          40.372208555415995,
          36.157750145837205,
          42.177112074241194,
          37.379467943280368,
          34.543277507238273,
          33.998152693269773,
          39.385632465254417,
          38.557940490077712,
          37.20565913843383,
          35.199743301503524,
          33.610211147560484,
          35.438502077581077,
          34.36510454943177,
          34.021080702010664,
          36.198154873457113,
          34.024815496100068,
          40.027220807421116,
          41.358126628636526,
          34.819630314417665,
          33.727919333046358,
          38.609635992557934,
          35.37985846359755,
          33.479905294989294,
          41.903540902184218,
          38.13535748352249,
          34.197523756829199,
          33.695337556052976,
          33.58717517528288,
          34.78634223261858,
          41.111086048025321,
          45.517198773183836,
          37.668653956174531,
          35.555284204924561,
          39.744884769429909,
          33.24421732431076,
          33.28153200564271,
          34.437754578563286,
          37.472329691681843,
          33.045032730552393,
          36.508576561492077,
          40.548904099617339,
          36.615924547326387,
          39.15126581095145,
          40.147052859644297,
          35.895906885795981,
          34.386836120616344,
          33.317608692544567,
          36.597616577487635,
          33.800581188539958,
          34.317471127538248,
          34.591074409273801,
          33.196751941647371,
          32.703536883579908,
          33.430601958445699,
          35.050389801936603,
          34.49331800319505,
          35.894415441344755,
          32.606619515489918,
          36.322177386578424,
          32.167207462370037,
          32.648952433686276,
          32.501662173732733],
 'train': [290.69610770644891,
           287.57709199057285,
           285.89201995465135,
           279.86913085478056,
           293.6255432771751,
           281.88804024595885,
           312.76708659628031,
           275.95120427782621,
           269.15022543532206,
           274.9586942383508,
           269.21540942966533,
           265.01383298036734,
           264.54315864434636,
           271.45734441418494,
           259.10300355503153,
           272.21870115049859,
           267.07940617952249,
           259.59590913445959,
           255.25491524744541,
           261.69338548888749,
           252.95027221048423,
           261.89026656952473,
           251.38947580397036,
           254.02323334512013,
           249.69040638958381,
           264.89303802173589,
           247.88927481657785,
           251.42770697999151,
           273.84325260752325,
           252.55748412215004,
           270.87088132096432,
           248.09280138897162,
           263.00103711922742,
           248.57689990710196,
           243.18555831777425,
           252.7351329710327,
           255.75455716219477,
           253.29908783937307,
           248.0881801997659,
           242.58504160577223,
           242.95856408089492,
           246.93112990740093,
           241.93556870624474,
           245.63174346022515,
           239.42243206848886,
           250.36411391664998,
           238.63582516007651,
           242.61880861999384,
           248.13201568934068,
           241.00686002319139,
           239.37535541651098,
           236.76841430537897,
           239.56965692892422,
           260.056957004786,
           235.99661610640501,
           242.39728257191194,
           272.5470762603814,
           235.34358049923264,
           280.11949057575646,
           239.79253534314796,
           243.47883709970688,
           234.373722961434,
           243.42583232070768,
           235.03603600052276,
           231.62645398530296,
           244.49121009863563,
           244.09641275114751,
           233.5764994589606,
           237.13294901163744,
           240.81850071093356,
           240.26869893264103,
           230.58841827004923,
           239.6520260621536,
           258.16826737210749,
           228.86870473396027,
           227.14593266113991,
           233.316364946833,
           248.75188014797052,
           240.92984850798643,
           227.972399562932,
           227.0376409864748,
           248.18408753677204,
           225.26694403019937,
           234.97832887637603,
           224.70461699275239,
           230.68484991204554,
           233.55293842654757,
           224.40161755688666,
           224.61335711672785,
           267.82791998882942,
           223.83438453634477,
           226.27771388633857,
           223.40009514019107,
           223.53480324729861,
           232.86153654302777,
           234.09234564102323,
           226.30750369660072,
           223.38084487387658,
           221.58088665174787,
           221.30398747649585,
           240.67836148751601,
           223.4869676129139,
           246.23883763362593,
           227.91852454853114,
           238.53940353129732]}


epoch	train err	test err0	311.761605295	30.69830743091	291.310290471	29.83704455322	293.915111165	29.69551993683	313.242632977	30.01802252594	283.25487957	29.65662028965	279.556903993	28.42004804686	279.520871198	29.26234181737	283.671163407	28.12759908238	280.232241627	30.13150406059	274.572168363	28.554769614410	287.143790421	32.303050307411	278.439434096	27.136194375312	271.837943117	27.1611490613	274.312764866	27.010703386214	289.072409162	33.325196048415	272.368794796	26.859074957816	270.199150755	28.628375957517	282.158610144	27.432752204618	269.56314717	26.516836222419	283.323067663	32.583806125320	267.431172299	26.341693243621	303.449616529	36.768802431822	282.039022975	27.082070514523	266.465835101	26.15026668324	262.461833374	27.319528787125	270.746397539	30.284816898326	261.342522091	27.413448063727	292.609133733	35.180366869228	314.094543581	38.791493739329	268.318786298	30.199860363130	257.738177322	25.878894917731	257.332155922	26.765334071332	261.576865757	25.284138378233	255.510838751	26.100036699834	256.961443085	25.218165382135	259.00518481	28.219577010336	280.892963606	33.508481411137	256.218347083	27.347113721538	268.820146841	25.168346712339	269.103276343	31.060636308140	252.187267662	25.962239376241	251.716337011	25.678995225442	255.168696324	24.594442501943	260.268091409	29.149733771544	263.014249745	24.715574097745	252.095316887	24.685527756146	282.317520035	25.941031762247	258.11922319	24.242590947348	253.85908799	27.600167338349	252.211996486	27.143763555250	250.198995613	26.516787679651	252.460368507	24.130555803652	254.690629439	28.075360077853	253.355722891	27.724108664254	248.479311882	24.242829881855	257.885049731	29.01963531856	247.334047423	24.465367922957	256.098207092	23.980257229858	252.921505053	27.821505816359	293.693225542	36.096054470360	296.628533354	36.487429144561	248.842058796	23.849553760162	318.57597029	39.781220378763	250.178603074	27.275295315464	246.590942797	26.117366954165	248.969126924	26.507759451466	255.173909653	23.594332012267	243.920703435	24.868574006768	253.67548384	23.514978719469	246.049784342	23.511923532570	247.123544529	26.57284521371	242.354952484	24.286643410872	254.772800826	28.622921604773	241.857159014	23.785638743674	256.63965234	29.135038723475	247.486442317	26.860704624576	244.037615591	25.639394860877	241.796235197	24.092583890178	254.344744073	23.30082101879	264.894294354	31.08189905480	244.899583187	26.160832623181	241.082720284	23.251350785582	248.104270302	23.037526704183	242.952135129	25.586704869684	245.975780767	26.671793130685	239.708400529	24.20384149686	255.003312952	28.912376212287	237.344680928	23.707850531788	246.548141729	22.863888716789	249.80049498	22.822091297490	240.141073125	24.834205742391	236.388653071	23.990684928692	239.149830457	25.008166426493	238.320690175	22.474257643194	242.08607225	22.786237679895	241.403126341	22.357677385496	246.063561815	22.391448395197	240.127498359	25.425961787798	234.431691101	22.453306162199	246.038781714	22.5586213654100	235.443536402	23.8758724583101	233.349188556	22.6347057424102	254.340622877	23.2298069682103	266.851496377	30.7200689624104	249.328300113	22.7001982994

{'test': [30.698307430869214,
          29.837044553193778,
          29.695519936813554,
          30.018022525931968,
          29.656620289635502,
          28.420048046799607,
          29.262341817304424,
          28.127599082345984,
          30.131504060512235,
          28.554769614432548,
          32.303050307408256,
          27.136194375266264,
          27.161149060016452,
          27.010703386191345,
          33.325196048381457,
          26.85907495777974,
          28.628375957537315,
          27.432752204551502,
          26.516836222356424,
          32.583806125259478,
          26.34169324360446,
          36.768802431813597,
          27.08207051454648,
          26.15026668303992,
          27.319528787135102,
          30.284816898302626,
          27.41344806371151,
          35.180366869201265,
          38.791493739266429,
          30.199860363136128,
          25.878894917706649,
          26.765334071302394,
          25.284138378184508,
          26.100036699841816,
          25.218165382099766,
          28.219577010331829,
          33.50848141114961,
          27.347113721504634,
          25.168346712260011,
          31.060636308070123,
          25.962239376237399,
          25.678995225398893,
          24.594442501871505,
          29.149733771496862,
          24.715574097720314,
          24.685527756069789,
          25.941031762243512,
          24.242590947270255,
          27.600167338343585,
          27.143763555208807,
          26.516787679613458,
          24.130555803611877,
          28.07536007778382,
          27.724108664221152,
          24.242829881846177,
          29.01963531800034,
          24.465367922859748,
          23.980257229763001,
          27.821505816283253,
          36.096054470291733,
          36.487429144454147,
          23.849553760094111,
          39.781220378655078,
          27.275295315374649,
          26.11736695411058,
          26.507759451445953,
          23.594332012152069,
          24.868574006664126,
          23.514978719437032,
          23.511923532526019,
          26.572845213008819,
          24.286643410791747,
          28.622921604734572,
          23.785638743551409,
          29.135038723421289,
          26.860704624499053,
          25.63939486080212,
          24.092583890134478,
          23.300821017989762,
          31.081899053996743,
          26.160832623086929,
          23.251350785511576,
          23.037526704137175,
          25.586704869579926,
          26.671793130575598,
          24.20384149599559,
          28.912376212242172,
          23.707850531659652,
          22.863888716692923,
          22.822091297447475,
          24.834205742308576,
          23.990684928572634,
          25.008166426398962,
          22.474257643128063,
          22.786237679772327,
          22.357677385362752,
          22.391448395143662,
          25.425961787691346,
          22.453306162073311,
          22.558621365399205,
          23.875872458332488,
          22.634705742390427,
          23.229806968167214,
          30.720068962410355,
          22.700198299406122],
 'train': [311.76160529475283,
           291.31029047086429,
           293.91511116526448,
           313.24263297701322,
           283.25487956970215,
           279.55690399330928,
           279.52087119753628,
           283.67116340697493,
           280.23224162721084,
           274.5721683629526,
           287.14379042136852,
           278.43943409648665,
           271.83794311711881,
           274.31276486622136,
           289.07240916191989,
           272.36879479594126,
           270.19915075516877,
           282.15861014442703,
           269.5631471697485,
           283.32306766270369,
           267.43117229944835,
           303.44961652905516,
           282.03902297536933,
           266.46583510084378,
           262.46183337429704,
           270.7463975385628,
           261.3425220906542,
           292.60913373342214,
           314.09454358059662,
           268.31878629835325,
           257.73817732192862,
           257.33215592170484,
           261.57686575738546,
           255.51083875067187,
           256.96144308516864,
           259.00518480964149,
           280.89296360614316,
           256.21834708272866,
           268.82014684075489,
           269.10327634336198,
           252.18726766186663,
           251.71633701076445,
           255.16869632446051,
           260.2680914086074,
           263.01424974468961,
           252.09531688740009,
           282.31752003499849,
           258.11922318974723,
           253.85908799039964,
           252.21199648618128,
           250.1989956126738,
           252.46036850691468,
           254.69062943913792,
           253.35572289078067,
           248.47931188216972,
           257.88504973132825,
           247.33404742284927,
           256.09820709195253,
           252.9215050534153,
           293.69322554156031,
           296.6285333536195,
           248.84205879622647,
           318.57597028955928,
           250.17860307377595,
           246.59094279660115,
           248.9691269235374,
           255.17390965269615,
           243.92070343466492,
           253.67548384030334,
           246.04978434165713,
           247.12354452902966,
           242.35495248375258,
           254.77280082578244,
           241.85715901363073,
           256.63965234044269,
           247.48644231655877,
           244.03761559072012,
           241.79623519656957,
           254.34474407329446,
           264.89429435357061,
           244.89958318681735,
           241.08272028374876,
           248.10427030164419,
           242.95213512922973,
           245.97578076661864,
           239.70840052893897,
           255.00331295171844,
           237.34468092790115,
           246.54814172948193,
           249.80049498048618,
           240.14107312540571,
           236.38865307092416,
           239.14983045666332,
           238.32069017544552,
           242.08607225018096,
           241.40312634105322,
           246.06356181542799,
           240.12749835936012,
           234.4316911005306,
           246.03878171381709,
           235.44353640185287,
           233.34918855602191,
           254.34062287657957,
           266.85149637651341,
           249.32830011320189]}
