

epoch	train err	test err0	305.530201829	31.36413141791	295.539521699	30.5074321552	318.530964809	35.5132534783	302.539993578	29.86215149174	285.241751711	30.83957141515	281.511115476	28.03247814776	302.807067021	33.41753546967	279.8802529	30.12499003118	270.879989969	28.00081473669	276.107190696	27.365903902310	286.584294637	27.354849496111	269.304256122	27.330057713912	271.947086459	26.98512509313	274.356787087	26.821634298314	269.898701101	26.759682043715	284.51866624	30.876048495516	275.37524548	26.474074454517	265.213848809	27.641437703918	265.370990212	26.453342039119	265.260439927	27.697326926920	264.874620843	26.187384603321	265.321285415	26.040361632422	262.14844652	27.140187753523	271.861096455	26.002866444724	261.865147159	25.885147825625	269.099196986	28.621533764226	267.008085227	28.281508862927	258.653778585	26.080025348228	266.72716365	25.475920121629	257.760436396	26.063210221230	259.528549829	25.360250918831	273.512822692	26.237013902632	257.849737296	25.221928660133	307.480513184	33.42460671234	265.426048498	25.082020768535	264.820936977	27.914571684736	256.568207949	24.934586392837	260.120232919	27.125130784638	264.594520474	27.867160010139	256.548802521	24.771641641840	253.48114201	25.092192727441	253.996018235	24.778391352342	252.986678073	25.120425696443	258.476918635	24.630133059744	260.681892368	27.2225278825

{'test': [31.364131417899813,
          30.507432155003261,
          35.513253477959246,
          29.862151491663838,
          30.839571415055538,
          28.032478147733293,
          33.417535469611458,
          30.124990031100939,
          28.000814736600088,
          27.365903902316752,
          27.354849496077897,
          27.330057713942562,
          26.985125093047941,
          26.821634298345717,
          26.759682043732145,
          30.876048495539475,
          26.474074454546809,
          27.641437703947808,
          26.453342039104054,
          27.697326926889613,
          26.187384603320211,
          26.040361632430645,
          27.140187753524707,
          26.00286644469778,
          25.885147825554373,
          28.621533764218697,
          28.281508862913299,
          26.080025348215287,
          25.475920121636676,
          26.063210221157458,
          25.360250918822885,
          26.23701390257305,
          25.221928660101945,
          33.424606712049183,
          25.082020768492843,
          27.914571684709021,
          24.934586392809756,
          27.125130784597527,
          27.867160010088412,
          24.771641641838762,
          25.092192727351922,
          24.778391352262865,
          25.120425696362517,
          24.630133059712502,
          27.22252788248792],
 'train': [305.53020182855346,
           295.53952169887441,
           318.5309648090128,
           302.53999357811415,
           285.24175171051638,
           281.51111547629364,
           302.80706702124775,
           279.88025289952611,
           270.87998996860148,
           276.10719069620831,
           286.58429463670058,
           269.30425612216675,
           271.94708645852438,
           274.3567870866051,
           269.89870110105369,
           284.51866624043009,
           275.37524547954615,
           265.21384880881851,
           265.37099021206149,
           265.26043992656764,
           264.87462084269902,
           265.32128541533757,
           262.14844651967633,
           271.86109645523464,
           261.86514715932066,
           269.09919698614647,
           267.00808522699987,
           258.65377858527609,
           266.7271636502669,
           257.7604363963506,
           259.52854982896974,
           273.51282269194763,
           257.84973729621487,
           307.48051318379589,
           265.42604849841302,
           264.82093697684945,
           256.56820794908981,
           260.12023291919127,
           264.59452047416795,
           256.54880252128982,
           253.48114201002926,
           253.99601823517378,
           252.98667807322803,
           258.47691863492975,
           260.68189236787407]}


epoch	train err	test err0	287.603842024	35.40677264921	287.429386905	34.42433036932	279.3366633	35.00651461333	288.56742421	36.87473018854	276.448908397	34.17538869265	279.214592894	33.45592307956	273.871650397	34.35158857157	271.99192802	33.82148205978	272.050571013	33.25194858919	279.830467254	35.949616523710	274.898301759	35.165447937511	273.260606967	32.404448278412	270.502660245	32.386811117913	281.745817929	36.157032556114	271.098982706	31.901367207815	268.196824437	34.61240818216	279.78707854	31.139776358517	262.848490507	33.051261965718	263.265824024	31.924331393519	261.489723306	32.17755620220	260.983623652	31.80984768521	259.252667157	32.61469698422	260.33861351	31.297881831923	263.201944469	30.631773199124	256.841799215	31.874540144425	256.800470903	32.71413161426	255.907563052	32.477770613727	257.184190575	30.795985435228	278.663344206	35.506537848629	256.911173224	32.962554809830	265.186540004	29.6491747931	254.741294061	30.372269908832	253.136982129	30.557550714933	277.29969758	29.21683497134	267.356028312	29.024960781435	273.279303307	35.082394787436	267.356167935	34.520822746437	255.174164534	29.700017403838	249.939101634	30.663078859339	250.254317972	30.432942079540	249.608122263	30.788003216241	262.529748841	28.81293908342	253.632502329	32.631805048443	252.340372547	32.103719243744	249.159158366	30.5683715054

{'test': [35.406772649210801,
          34.424330369272887,
          35.006514613277879,
          36.874730188502902,
          34.175388692630357,
          33.455923079464043,
          34.351588571499747,
          33.821482059658514,
          33.251948589057228,
          35.949616523746478,
          35.165447937458687,
          32.404448278367482,
          32.386811117852737,
          36.15703255608733,
          31.901367207782478,
          34.612408181981287,
          31.139776358482273,
          33.051261965721608,
          31.924331393520255,
          32.177556201987628,
          31.809847685039951,
          32.614696983967946,
          31.297881831898522,
          30.63177319913013,
          31.874540144415541,
          32.714131613991029,
          32.477770613730577,
          30.795985435240045,
          35.506537848647227,
          32.962554809817576,
          29.649174789972225,
          30.372269908821295,
          30.557550714931118,
          29.21683497100592,
          29.024960781372211,
          35.082394787364954,
          34.520822746400988,
          29.700017403814353,
          30.663078859265212,
          30.432942079528996,
          30.788003216178538,
          28.812939083048587,
          32.631805048353712,
          32.103719243678896,
          30.568371505389777],
 'train': [287.60384202417441,
           287.42938690488597,
           279.33666330023516,
           288.5674242097532,
           276.44890839694455,
           279.2145928942582,
           273.87165039676336,
           271.99192801992723,
           272.05057101298047,
           279.83046725364198,
           274.89830175884373,
           273.26060696707066,
           270.50266024480976,
           281.74581792921452,
           271.09898270581522,
           268.19682443710207,
           279.78707854011236,
           262.84849050737625,
           263.26582402358576,
           261.48972330587617,
           260.9836236523372,
           259.25266715693459,
           260.33861351049092,
           263.20194446885728,
           256.84179921534189,
           256.8004709026082,
           255.90756305151541,
           257.18419057481418,
           278.66334420587737,
           256.91117322366119,
           265.18654000376097,
           254.74129406148154,
           253.13698212949407,
           277.29969757983156,
           267.3560283117331,
           273.27930330683023,
           267.35616793460906,
           255.17416453437627,
           249.93910163350165,
           250.25431797196927,
           249.60812226300223,
           262.52974884142014,
           253.63250232924608,
           252.34037254735026,
           249.15915836583534]}


epoch	train err	test err0	289.338742554	30.77831655481	295.936798795	32.85054212312	288.032460298	31.85308907453	282.871679815	31.33084297974	282.221416748	30.31499185855	284.205614225	30.42723001326	276.51741338	29.91800126647	276.083354063	29.97158354768	273.066707546	30.2969822239	270.205345669	29.978719406310	266.635966422	29.564076372111	316.879476543	35.101622748412	264.388993376	29.435180711213	284.928168858	30.317176310714	298.488370074	32.952287061915	269.255009056	29.808225880716	276.095085479	30.490599964817	260.713004684	28.758980498318	282.840633751	29.794509199219	288.827762895	31.87963939720	262.317560939	29.015228387421	264.686679056	29.244451992122	274.171619249	29.253932586823	274.657526536	30.223360699224	266.091968031	29.35328124525	263.645159764	28.603033957526	255.558782737	28.202935103327	261.885267725	28.428460403528	254.807695558	28.157236435829	276.537568674	29.119198164630	263.647600715	29.041874925131	252.666224522	27.628639066732	266.581069717	29.401820439833	257.156158128	27.863044324634	251.715280252	27.682479398535	262.480786869	28.224944138736	266.08971883	28.379369739137	251.646501634	27.298511822138	258.89966259	27.438184738139	258.080584876	28.415046132840	249.906285808	27.442377858341	249.166509185	27.203861903242	262.444698239	27.861159238543	247.054553025	27.006259771944	246.647249709	26.7140246647

{'test': [30.778316554789402,
          32.850542123053536,
          31.85308907446646,
          31.330842979666564,
          30.314991858526522,
          30.42723001324741,
          29.918001266428302,
          29.971583547629031,
          30.296982223018055,
          29.978719406286416,
          29.56407637207689,
          35.101622748400438,
          29.435180711191606,
          30.317176310707303,
          32.952287061866798,
          29.808225880725999,
          30.490599964753272,
          28.758980498325439,
          29.794509199235527,
          31.879639397037995,
          29.015228387419633,
          29.244451992128088,
          29.253932586841493,
          30.223360699176787,
          29.35328124499695,
          28.60303395750115,
          28.202935103276559,
          28.428460403499145,
          28.157236435777982,
          29.119198164641809,
          29.04187492507236,
          27.628639066738589,
          29.401820439849928,
          27.863044324610932,
          27.682479398508015,
          28.224944138682631,
          28.379369739133463,
          27.298511822129321,
          27.438184738067022,
          28.415046132809824,
          27.442377858251163,
          27.203861903156543,
          27.861159238521847,
          27.006259771915705,
          26.714024664739615],
 'train': [289.33874255442311,
           295.93679879519203,
           288.03246029774709,
           282.87167981546861,
           282.22141674841197,
           284.20561422490141,
           276.51741338017024,
           276.08335406259192,
           273.06670754643756,
           270.20534566853638,
           266.63596642233961,
           316.87947654308374,
           264.38899337599287,
           284.92816885805371,
           298.4883700737355,
           269.25500905597812,
           276.0950854791846,
           260.71300468383936,
           282.84063375134792,
           288.82776289474674,
           262.31756093910587,
           264.68667905601325,
           274.1716192487898,
           274.65752653555614,
           266.09196803099638,
           263.64515976368193,
           255.5587827368405,
           261.88526772527041,
           254.80769555832123,
           276.53756867411073,
           263.64760071528997,
           252.66622452181886,
           266.58106971705308,
           257.1561581278458,
           251.71528025181078,
           262.48078686899419,
           266.08971882995075,
           251.64650163377453,
           258.89966258974903,
           258.08058487584913,
           249.90628580767162,
           249.16650918451785,
           262.44469823935088,
           247.05455302513155,
           246.64724970899056]}
