

epoch	train err	test err0	304.106860251	31.3406430031	299.566104392	30.20417576772	289.002741045	27.57083033263	286.35935801	27.01965848514	283.806214405	26.72183376195	284.459088294	26.18566379796	285.142746003	25.93544431937	289.584233805	29.35879679348	281.334320761	25.56779625969	287.553518661	29.38117773610	274.620973782	25.558640473911	272.701284729	25.564311997612	273.107778653	26.45608396513	271.354902537	25.179792037714	269.841072726	25.563769738315	269.733234995	26.24105030216	268.234911515	24.876168080817	270.310023879	25.06067582518	270.984163723	27.309709272819	264.640401285	24.783215966220	270.902781898	24.863468009221	265.027702175	26.389636015822	261.224223314	25.090954940123	270.545557467	28.070621235424	269.108239381	25.126235715825	267.61379534	27.576775674126	258.834683518	25.039997932627	264.383861892	27.021719468628	259.504827405	24.603888367329	275.29399063	29.65024270330	260.872923873	24.673733871431	254.260366541	25.064659390532	253.492507932	24.939677838833	274.844726697	29.887799299434	252.333085458	25.302664749735	252.87346802	24.715411908536	250.925118364	25.191813910637	250.765680425	24.73445850138	271.638063941	25.431463057939	277.192789249	30.799583821740	254.196600039	25.088521091541	248.176697407	25.375702812442	248.240189048	25.641235951543	247.038693321	24.547550186544	316.9078919	37.126567993145	246.794341039	24.194981139146	244.883561414	24.533015421547	283.423448069	32.170911248248	243.914750869	24.535006608149	257.459178049	27.884073312750	243.737170512	24.348224047251	264.222788908	24.753867234952	247.99605048	23.999965684953	241.947135823	24.158221716754	268.33601177	29.954035227455	250.36111124	24.237737459856	240.243089134	24.554312366757	255.556075097	28.177756256758	252.733727587	27.410314223259	251.698782629	27.351393333460	238.912337841	23.663024934161	252.899567051	23.950607253862	243.837365544	25.615158783463	254.68978065	28.002598929864	241.156617227	23.184074777665	246.67148416	23.649573604466	250.522484466	27.179471453567	235.593302587	23.739164542768	261.549696929	29.378416957169	235.343373874	23.353861620670	235.195822814	23.299843513671	235.16905313	23.979659461172	267.541917421	30.345062671373	234.076068943	23.48684001374	233.166614739	23.487896883275	235.345008567	24.65338308376	235.018819667	24.382088419377	237.391376954	22.830576412878	235.993324326	23.615470086779	238.269870822	25.33668960680	233.000630663	23.413946218981	232.178589211	22.577302184782	238.177874938	25.315151410183	231.308172959	22.704050225684	237.954721593	22.832279079885	232.060697446	23.978771575586	231.83208115	23.659800593187	253.323818036	22.96577855588	230.932541337	22.52810403189	241.570393723	26.077817668990	234.86136706	24.854394259191	247.341550173	27.23572526392	233.520316377	22.318428521293	229.447012958	22.750809635894	229.686900993	22.517767186495	232.751915299	22.328010151896	293.662702399	34.58991387297	237.623667988	21.801112016198	263.576136397	23.849253640799	232.052231713	22.0202968336100	260.640698457	23.4763143997101	237.271251243	22.0230882059102	246.2860479	22.2494208922103	227.681470098	22.4466043388104	265.611004371	23.8797861399

{'test': [31.340643002986951,
          30.204175767737748,
          27.570830332551882,
          27.019658485134293,
          26.721833761944833,
          26.185663797855256,
          25.93544431934378,
          29.358796793404071,
          25.567796259578024,
          29.381177736002108,
          25.558640473894187,
          25.564311997585943,
          26.45608396495857,
          25.179792037692501,
          25.563769738268299,
          26.241050301981243,
          24.876168080835647,
          25.060675824998011,
          27.309709272810203,
          24.783215966207159,
          24.863468009215172,
          26.389636015839578,
          25.090954940128981,
          28.070621235387929,
          25.126235715846384,
          27.576775674052108,
          25.039997932637277,
          27.021719468601429,
          24.603888367260144,
          29.650242703023309,
          24.673733871391445,
          25.064659390528895,
          24.939677838771583,
          29.887799299360765,
          25.302664749710381,
          24.715411908505658,
          25.191813910627651,
          24.73445850102658,
          25.431463057940618,
          30.79958382171387,
          25.088521091529426,
          25.37570281241053,
          25.641235951465873,
          24.54755018650383,
          37.126567993114442,
          24.194981139127403,
          24.533015421469916,
          32.170911248242696,
          24.535006608110244,
          27.884073312713362,
          24.348224047186459,
          24.753867234862465,
          23.999965684871594,
          24.158221716724324,
          29.954035227408816,
          24.237737459790619,
          24.554312366748491,
          28.177756256737222,
          27.410314223160391,
          27.351393333446577,
          23.663024934059912,
          23.950607253825801,
          25.615158783398901,
          28.002598929794665,
          23.184074777605286,
          23.649573604411525,
          27.17947145347182,
          23.739164542691665,
          29.37841695713221,
          23.35386162064372,
          23.29984351362015,
          23.979659461133725,
          30.345062671300163,
          23.486840013015765,
          23.487896883200349,
          24.653383083020017,
          24.382088419263212,
          22.830576412754347,
          23.615470086688362,
          25.336689606048822,
          23.413946218924661,
          22.577302184706181,
          25.315151410061432,
          22.704050225645744,
          22.832279079778139,
          23.978771575487809,
          23.659800593148258,
          22.965778554959417,
          22.528104030950711,
          26.077817668850809,
          24.854394259134764,
          27.235725263035349,
          22.318428521233585,
          22.75080963582899,
          22.517767186353812,
          22.328010151788959,
          34.589913872025619,
          21.801112016081792,
          23.849253640718693,
          22.020296833588372,
          23.476314399705924,
          22.023088205874942,
          22.249420892187626,
          22.446604338769742,
          23.879786139946333],
 'train': [304.10686025083703,
           299.56610439178939,
           289.00274104545792,
           286.35935800996742,
           283.80621440537664,
           284.45908829405766,
           285.14274600274678,
           289.58423380531826,
           281.33432076092311,
           287.55351866083373,
           274.62097378168494,
           272.70128472907538,
           273.10777865275696,
           271.35490253667712,
           269.84107272598612,
           269.73323499511758,
           268.23491151526338,
           270.31002387883603,
           270.98416372282389,
           264.64040128534765,
           270.90278189820964,
           265.02770217527143,
           261.22422331404601,
           270.54555746738077,
           269.10823938120353,
           267.61379533994523,
           258.8346835180879,
           264.3838618915986,
           259.50482740475866,
           275.29399063019559,
           260.87292387307428,
           254.26036654105746,
           253.49250793228239,
           274.8447266974606,
           252.33308545815891,
           252.87346802035913,
           250.92511836445786,
           250.76568042502566,
           271.6380639413315,
           277.19278924919951,
           254.19660003927049,
           248.17669740661631,
           248.24018904793905,
           247.03869332089641,
           316.90789190009866,
           246.79434103909534,
           244.88356141382948,
           283.4234480692997,
           243.91475086924885,
           257.45917804930116,
           243.73717051210238,
           264.22278890834951,
           247.9960504800132,
           241.9471358230164,
           268.33601177006699,
           250.36111123957221,
           240.24308913364064,
           255.5560750971938,
           252.73372758681785,
           251.69878262859356,
           238.9123378414472,
           252.89956705147594,
           243.83736554352231,
           254.68978065043936,
           241.15661722701307,
           246.67148415978744,
           250.5224844655271,
           235.59330258696201,
           261.54969692948333,
           235.3433738736685,
           235.19582281443999,
           235.16905312978622,
           267.54191742112511,
           234.07606894269378,
           233.16661473851192,
           235.34500856706856,
           235.01881966748022,
           237.39137695356663,
           235.99332432558754,
           238.26987082221811,
           233.00063066264414,
           232.17858921146632,
           238.17787493832861,
           231.30817295947875,
           237.95472159309003,
           232.06069744614675,
           231.83208114977631,
           253.32381803607834,
           230.93254133713486,
           241.57039372258561,
           234.86136705967172,
           247.34155017304698,
           233.52031637661344,
           229.44701295783833,
           229.68690099304126,
           232.75191529916108,
           293.66270239893618,
           237.62366798827298,
           263.57613639685997,
           232.05223171272439,
           260.64069845678125,
           237.27125124321498,
           246.28604790017451,
           227.68147009834502,
           265.611004370807]}


epoch	train err	test err0	298.168372371	33.72463339081	292.809860558	33.76147003112	284.950538387	32.15289843743	284.86031849	33.05295552174	279.293118645	31.53818257555	276.550893813	31.44247126896	276.54134386	31.65782929787	285.074281175	34.13007601348	283.50605349	33.92301661599	272.846131902	31.891746524710	270.018333386	31.904365830311	269.430287559	31.79090233912	296.915649878	36.986382288613	295.740698796	37.017352516814	279.929051981	35.031924130415	276.403401232	34.616003069516	284.480565701	36.210094093317	259.479969705	31.628587424118	258.365832329	31.813056825519	257.615469517	31.409670727920	255.180027783	31.51821164521	254.859730923	31.465543772222	253.253210091	31.918314376923	252.679818598	31.759278432624	252.113918545	31.990174374425	251.237854718	31.700707889426	271.602549469	35.994275450127	261.018398279	32.293470141528	281.489230627	37.908116408529	262.27862105	32.641764136530	249.508818981	32.356033573331	260.203622217	32.350725358732	254.677069562	31.780552821833	246.723141011	32.09982340134	245.663509956	31.462245611935	246.499065496	32.282292085636	248.480151884	32.934101784737	244.169784654	31.363813378838	244.235632057	31.369929082139	270.58965109	36.982105536540	242.98936091	31.149186495141	243.408805862	32.194376852842	245.531948347	32.289928889543	255.82759104	34.830670023644	249.12444544	33.202584729645	239.944813675	31.060411137646	260.386687201	35.207864280647	264.386195747	33.455690192948	243.927897552	32.307990409549	240.270617642	32.164610496350	261.259163884	33.149062361551	238.662534232	30.868649151152	244.223579787	31.249218266953	258.98898301	36.078449507554	237.489209298	30.854434368155	234.436062382	30.583002025256	234.05865001	30.512873409557	234.382617504	30.453278687358	240.305102833	30.815266706959	235.167629868	30.933963816960	233.606732738	30.769378426761	232.597852796	30.406430344862	241.68559395	31.137128235863	232.407901578	30.862228401764	259.175173017	33.10950461665	232.065075564	30.946837329366	232.301949437	30.371181053467	230.664373424	30.718321214668	240.855248407	32.852769751969	229.288697745	30.038379576770	241.078270611	32.614638492971	239.477459293	32.16599914772	233.356191716	30.269693389273	227.696259357	30.075951061674	235.298004125	31.77996221675	228.125651879	29.860427528876	227.213390236	29.948907256277	260.335711617	33.377110780478	228.806974577	29.872956258179	228.696505114	30.601186569680	226.146747294	29.681211694181	229.533200854	31.100542174782	246.510322324	33.811792914683	231.984293938	30.078079018584	229.691336713	30.43296240785	226.125689117	29.671049002686	224.495083808	29.451025445487	224.940420737	29.633854214888	225.941047128	30.159021610689	232.152756439	30.060037338290	226.677408539	29.504949427391	223.565661585	29.304972074492	227.434149912	29.5039403393	223.214086352	29.247205899294	223.120623929	29.053024185195	224.340714284	29.217024968796	232.324969113	31.870697563797	222.612763508	29.108787232598	243.938182294	32.233352305399	223.198898793	29.2664618456100	222.925885082	29.1951875692101	233.954443002	31.732684789102	222.984445867	29.0256238151103	222.057900496	28.9343549818104	239.67386342	32.2640806414

{'test': [33.724633390839792,
          33.761470031133094,
          32.152898437401745,
          33.052955521698017,
          31.538182575515581,
          31.442471268866964,
          31.657829297820591,
          34.130076013377391,
          33.923016615901652,
          31.891746524655478,
          31.90436583032087,
          31.790902338973236,
          36.986382288639007,
          37.017352516799136,
          35.031924130414055,
          34.616003069523224,
          36.210094093318943,
          31.628587424141497,
          31.813056825534559,
          31.409670727866679,
          31.51821164502261,
          31.46554377217587,
          31.918314376894337,
          31.75927843257913,
          31.990174374396243,
          31.70070788943163,
          35.994275450135497,
          32.29347014148771,
          37.90811640846195,
          32.64176413649421,
          32.356033573263318,
          32.350725358712495,
          31.780552821755968,
          32.099823401003263,
          31.46224561186872,
          32.282292085595877,
          32.934101784691485,
          31.363813378793985,
          31.369929082121111,
          36.982105536505095,
          31.149186495059862,
          32.194376852755106,
          32.289928889541955,
          34.830670023579067,
          33.202584729635518,
          31.060411137601342,
          35.207864280618551,
          33.455690192889975,
          32.307990409498579,
          32.164610496310985,
          33.149062361469035,
          30.868649151138143,
          31.249218266936982,
          36.078449507519615,
          30.854434368101042,
          30.583002025209638,
          30.512873409507669,
          30.453278687339523,
          30.815266706904477,
          30.933963816869536,
          30.769378426744471,
          30.406430344795851,
          31.137128235767079,
          30.862228401706762,
          33.109504616041583,
          30.946837329320616,
          30.37118105340463,
          30.718321214629217,
          32.852769751857672,
          30.038379576690669,
          32.614638492869418,
          32.165999147039649,
          30.269693389165646,
          30.075951061620213,
          31.779962216010059,
          29.860427528832982,
          29.948907256189191,
          33.377110780423479,
          29.872956258147212,
          30.601186569636813,
          29.681211694088994,
          31.100542174733512,
          33.811792914647327,
          30.07807901850866,
          30.432962407019282,
          29.671049002578517,
          29.451025445369002,
          29.633854214848498,
          30.159021610631829,
          30.060037338210165,
          29.504949427255482,
          29.304972074417538,
          29.503940330048316,
          29.247205899244701,
          29.05302418507581,
          29.2170249687066,
          31.870697563743644,
          29.108787232468032,
          32.233352305317226,
          29.266461845646376,
          29.195187569219307,
          31.732684788963248,
          29.025623815112365,
          28.934354981791731,
          32.264080641396127],
 'train': [298.16837237128738,
           292.80986055849206,
           284.95053838747157,
           284.86031848961471,
           279.29311864497436,
           276.5508938133608,
           276.54134385958019,
           285.07428117451968,
           283.5060534897483,
           272.84613190157665,
           270.01833338622498,
           269.43028755853641,
           296.915649878377,
           295.74069879573022,
           279.929051980677,
           276.40340123165987,
           284.48056570073015,
           259.47996970528277,
           258.36583232929587,
           257.61546951653537,
           255.18002778319772,
           254.85973092320552,
           253.25321009068281,
           252.67981859806366,
           252.11391854510708,
           251.23785471786798,
           271.60254946925812,
           261.01839827872283,
           281.48923062696019,
           262.27862105025656,
           249.50881898121796,
           260.20362221692687,
           254.67706956179035,
           246.72314101144161,
           245.66350995626354,
           246.4990654955885,
           248.48015188351721,
           244.16978465367941,
           244.23563205744333,
           270.5896510898466,
           242.98936091014667,
           243.40880586225882,
           245.53194834728762,
           255.8275910399787,
           249.12444543996477,
           239.94481367512284,
           260.38668720115373,
           264.38619574695815,
           243.92789755161394,
           240.27061764185402,
           261.25916388390402,
           238.6625342317829,
           244.22357978662029,
           258.988983009685,
           237.48920929787243,
           234.43606238161161,
           234.05865000970081,
           234.38261750394889,
           240.30510283313367,
           235.16762986813296,
           233.60673273785193,
           232.59785279609125,
           241.68559395028788,
           232.40790157798247,
           259.17517301705044,
           232.06507556398196,
           232.30194943665768,
           230.66437342434654,
           240.85524840723929,
           229.28869774506464,
           241.0782706110717,
           239.47745929265869,
           233.35619171631444,
           227.69625935674418,
           235.29800412494933,
           228.12565187887404,
           227.21339023599336,
           260.33571161713581,
           228.80697457715104,
           228.69650511425775,
           226.14674729375653,
           229.5332008537583,
           246.51032232394766,
           231.98429393766199,
           229.69133671322237,
           226.12568911715917,
           224.49508380813052,
           224.94042073720198,
           225.94104712795124,
           232.15275643879954,
           226.67740853859459,
           223.56566158492657,
           227.43414991156681,
           223.21408635206913,
           223.12062392852044,
           224.34071428399795,
           232.32496911251957,
           222.61276350788739,
           243.93818229431454,
           223.19889879334923,
           222.92588508157496,
           233.95444300227163,
           222.98444586693415,
           222.05790049587773,
           239.67386342039799]}


epoch	train err	test err0	305.573320554	33.52153273411	322.665568548	36.02288078682	289.740961325	32.48801739293	287.423485252	32.13860172564	278.793405784	31.71250792985	274.623802783	31.06839877816	285.001724014	31.98232424937	271.826729647	30.70275159658	280.651783807	31.62477835159	274.199638951	30.935690157510	269.196273066	30.597924485411	279.914061131	31.761373095612	274.329407143	31.171125209813	279.538687072	31.86918480314	266.271679459	30.474757124215	269.41065291	30.769373569616	266.365960832	30.66059693317	272.660537128	31.373925326918	263.182288099	30.256180389419	261.863522835	30.127464182120	268.641971692	31.106230224821	262.293974528	30.403528695922	264.331143522	30.809700458123	274.708951965	32.013652253324	263.82865727	30.850584441525	257.368983006	30.018616245726	256.953972371	30.095975271827	261.210062996	30.441363212128	257.326226648	30.017542616329	296.202864543	35.753998553530	264.302481718	31.613019197331	267.503147576	31.764009338532	262.795245508	31.645584136333	251.937121283	30.146743280834	252.867189154	30.492667925935	256.690990362	30.646577250936	250.843713629	30.020418657737	249.722613704	30.2878365238	256.289823861	31.493613975339	248.649041308	30.112490852740	253.997146758	30.893170016841	254.153183779	31.019007038842	245.359914257	30.172317799143	248.265746262	30.457711811944	244.252965303	30.230515141445	251.968641946	31.844561499246	246.083362894	31.098710733147	259.987442027	32.335114000148	242.386866581	30.369177730149	242.555645317	30.454865730950	268.488143179	34.548383974551	245.398746774	30.887810939352	245.221853602	30.947280052753	246.328666986	31.910826395354	245.24577019	31.763930855255	240.272039605	30.653963323656	238.551789167	30.572718261857	243.690812227	31.072950592858	248.800261117	31.677402285859	236.9978143	30.684814435860	237.777656763	31.02255063361	238.696211409	30.775198943362	235.928941872	30.742443980263	235.419948195	30.708819179964	251.272172969	33.522849061665	245.869619697	32.752267533566	234.402056556	30.645540607167	239.420796303	32.067196101468	241.821995784	32.217668748769	245.592857742	31.652482242670	233.452286412	30.625667409471	232.870498333	31.106260316172	232.208524417	30.638264642473	232.145283424	30.609729967874	231.183131032	30.828646550775	232.090333698	30.640517113176	233.309075124	31.644741705477	243.281845781	33.034116815378	230.236125439	30.683718684379	235.39867439	32.164424066480	229.155139691	30.797806302681	229.109540179	30.755759710982	230.716748177	31.432506383683	228.307601379	31.082994186984	228.479553027	30.760803038885	229.099200079	30.607757407786	228.679994387	31.4458964487	226.964574011	30.867400954488	231.389004587	30.896401500189	226.878078953	30.551902833990	232.417467623	32.072616340391	226.982417062	31.313759468992	229.22016092	31.157000380793	225.622162868	31.103438956994	226.348335367	30.779295573495	225.847918008	30.813086987596	231.875723368	32.298392849597	228.265914623	31.277219947698	241.793630931	31.709540235199	259.04525856	35.2870651276100	247.08078585	34.2315693775101	224.327407662	30.656802508102	223.957600727	31.0524060803103	227.257503001	31.8136005936104	236.883027095	31.3626334001

{'test': [33.521532734121713,
          36.022880786754868,
          32.488017392927574,
          32.138601725619992,
          31.712507929821783,
          31.068398778123665,
          31.98232424934459,
          30.702751596539123,
          31.624778351514507,
          30.935690157462776,
          30.597924485360892,
          31.761373095600511,
          31.171125209764703,
          31.869184803046466,
          30.474757124184773,
          30.7693735696433,
          30.66059693295465,
          31.373925326911177,
          30.256180389364641,
          30.127464182121233,
          31.106230224827954,
          30.403528695887758,
          30.809700458079945,
          32.013652253320345,
          30.850584441454874,
          30.018616245722651,
          30.095975271837617,
          30.441363212093759,
          30.017542616338755,
          35.753998553482532,
          31.613019197263398,
          31.76400933854924,
          31.645584136272173,
          30.146743280755068,
          30.492667925874578,
          30.646577250869058,
          30.020418657688424,
          30.287836519983784,
          31.493613975308886,
          30.112490852704944,
          30.893170016823571,
          31.019007038759902,
          30.172317799148189,
          30.457711811898218,
          30.230515141365807,
          31.844561499237642,
          31.098710733069765,
          32.335114000108135,
          30.369177730071932,
          30.454865730881572,
          34.548383974457472,
          30.8878109392863,
          30.947280052727294,
          31.910826395342365,
          31.763930855196865,
          30.653963323620047,
          30.572718261786008,
          31.072950592810898,
          31.677402285837953,
          30.684814435798529,
          31.022550632998911,
          30.775198943269849,
          30.742443980169984,
          30.708819179871785,
          33.522849061598968,
          32.752267533454997,
          30.645540607064039,
          32.067196101409671,
          32.217668748735683,
          31.652482242584298,
          30.625667409408077,
          31.106260316141977,
          30.638264642369165,
          30.609729967770217,
          30.82864655073416,
          30.640517113106569,
          31.644741705424991,
          33.034116815337015,
          30.683718684263248,
          32.164424066413602,
          30.797806302635394,
          30.755759710885684,
          31.432506383579867,
          31.082994186886602,
          30.760803038775812,
          30.607757407696802,
          31.445896439962443,
          30.867400954427737,
          30.896401500057955,
          30.551902833931447,
          32.072616340289542,
          31.313759468936716,
          31.157000380729041,
          31.103438956868228,
          30.779295573402621,
          30.813086987517337,
          32.298392849459475,
          31.277219947638919,
          31.709540235136281,
          35.287065127608692,
          34.231569377461902,
          30.656802507986846,
          31.052406080261939,
          31.813600593560686,
          31.362633400116074],
 'train': [305.57332055416566,
           322.6655685484418,
           289.74096132463052,
           287.42348525207183,
           278.7934057839397,
           274.62380278253079,
           285.00172401397663,
           271.82672964652357,
           280.65178380701695,
           274.19963895122436,
           269.19627306556714,
           279.91406113060731,
           274.32940714349593,
           279.53868707211979,
           266.27167945912248,
           269.41065291021613,
           266.36596083189846,
           272.66053712781013,
           263.18228809932833,
           261.8635228351402,
           268.64197169220995,
           262.29397452796456,
           264.33114352155758,
           274.70895196509531,
           263.82865726987029,
           257.3689830063538,
           256.9539723706996,
           261.21006299623332,
           257.32622664814369,
           296.20286454343886,
           264.30248171787463,
           267.50314757572949,
           262.79524550768855,
           251.93712128347025,
           252.86718915372819,
           256.6909903624969,
           250.84371362911423,
           249.72261370390845,
           256.28982386130969,
           248.64904130771507,
           253.99714675806183,
           254.15318377861584,
           245.35991425680922,
           248.26574626213045,
           244.25296530320639,
           251.96864194648117,
           246.0833628943974,
           259.98744202651841,
           242.38686658109799,
           242.55564531703905,
           268.48814317910757,
           245.39874677353211,
           245.22185360249756,
           246.32866698573636,
           245.2457701896266,
           240.27203960472255,
           238.55178916739831,
           243.69081222725507,
           248.80026111666155,
           236.99781429951662,
           237.77765676257411,
           238.69621140913179,
           235.92894187201637,
           235.41994819539278,
           251.27217296941714,
           245.8696196974991,
           234.40205655573146,
           239.42079630273716,
           241.8219957837419,
           245.59285774157507,
           233.45228641178909,
           232.87049833253235,
           232.20852441708792,
           232.14528342395852,
           231.18313103221413,
           232.09033369752447,
           233.30907512400449,
           243.28184578077912,
           230.23612543861714,
           235.39867438976796,
           229.15513969108474,
           229.10954017868434,
           230.71674817665885,
           228.30760137908788,
           228.47955302705967,
           229.09920007949239,
           228.67999438701679,
           226.9645740107382,
           231.38900458729046,
           226.87807895270402,
           232.41746762312073,
           226.98241706198962,
           229.22016092043867,
           225.62216286817605,
           226.34833536674182,
           225.84791800770154,
           231.87572336765751,
           228.26591462296528,
           241.79363093124488,
           259.04525856036594,
           247.08078585043003,
           224.32740766249844,
           223.95760072697291,
           227.25750300143991,
           236.88302709498234]}
