

epoch	train err	test err0	336.728983594	36.97923098531	330.379645511	36.51655784662	309.349536852	35.61543733643	304.054383882	35.58995679584	304.419242808	35.41069942135	298.536954117	35.52755304626	295.020606737	35.81433983847	295.780623137	35.02840351728	290.074531522	35.44009299119	286.196569025	34.987864740910	285.872007271	36.417579775411	278.199348719	34.85292482212	274.06028982	33.624455540113	270.120404403	34.039809245714	268.565879604	34.370488723115	264.60484682	33.515839938316	277.800937416	33.050747573517	262.329608033	32.600721401818	259.092024326	33.193412475719	258.755360268	32.582023668920	256.901040928	32.729033018921	257.218605562	32.497993148422	263.601290153	32.545722754523	254.837411138	33.114525230524	257.689959044	32.355693296925	254.684143622	32.341957049526	253.73733384	33.329690588627	252.186577568	32.976039998928	273.960370262	33.092986323629	250.996599042	32.842810139530	255.332606459	32.166040765531	251.121820963	33.175490111732	259.435479792	34.933292190333	260.194806037	32.291874354634	254.46932827	32.086633115435	261.970834685	32.353181932436	248.27492607	32.937103879337	252.883872251	33.986891086238	246.957073811	32.717374264139	255.707819365	31.949368817840	246.32542136	31.846092016341	258.503656143	35.155444556342	253.034321894	31.691837955943	244.698034169	32.463327389844	244.920654967	31.677456882945	249.167950292	31.539436005646	242.89004139	31.945720502647	245.508928273	31.453686004148	250.814102404	31.430062582549	249.485767109	33.830577350850	249.226780536	33.797268004151	247.994270265	33.596579589752	241.08854948	31.828911580253	245.636107421	31.105072067654	261.518412635	31.554803851555	241.118730221	31.195023705156	248.441962792	31.014987721457	267.738093462	31.735400738458	241.150141707	32.286122481359	253.33773275	31.04085057760	240.265898338	32.105744680661	266.918266865	31.526644971362	238.486261722	31.363344697163	238.746834659	31.005665253964	239.360285413	30.847440274765	241.835959669	30.618694820866	241.063711588	30.567553730567	248.230745923	30.519113386968	241.05383125	30.469701833869	237.223392934	30.870340699470	246.063810669	30.370371788471	236.777478473	30.900947337172	236.854588135	30.730541339573	238.124833543	31.800812010774	236.510912739	31.242258365475	241.855262123	32.753158964176	236.017903998	31.044136984877	239.144905994	30.174696418178	236.213007864	30.46063293479	237.36389174	31.691290723880	249.202825835	30.121183476281	237.272990035	30.125026036782	240.799214986	29.936218636583	235.669687714	31.138487465584	236.875044835	31.5859397666

{'test': [36.979230985283429,
          36.51655784658864,
          35.61543733637258,
          35.589956795820108,
          35.410699421265683,
          35.527553046184316,
          35.814339838399434,
          35.028403517170702,
          35.440092991077378,
          34.987864740859024,
          36.417579775383039,
          34.852924822003516,
          33.624455540113331,
          34.039809245650972,
          34.370488723093594,
          33.515839938254949,
          33.05074757348396,
          32.600721401829233,
          33.19341247573076,
          32.582023668851306,
          32.72903301894155,
          32.4979931483591,
          32.545722754510528,
          33.114525230517422,
          32.355693296877057,
          32.341957049486062,
          33.329690588619144,
          32.976039998929132,
          33.092986323583062,
          32.842810139537576,
          32.166040765500817,
          33.175490111723107,
          34.933292190327577,
          32.291874354566524,
          32.086633115427553,
          32.353181932395159,
          32.937103879275959,
          33.986891086219849,
          32.717374264119279,
          31.949368817814552,
          31.846092016310653,
          35.155444556261877,
          31.691837955901654,
          32.463327389838355,
          31.677456882881398,
          31.539436005623955,
          31.945720502576172,
          31.45368600412959,
          31.430062582487029,
          33.830577350785774,
          33.797268004065081,
          33.596579589693974,
          31.828911580193701,
          31.105072067602048,
          31.554803851488423,
          31.195023705147083,
          31.014987721358885,
          31.735400738411688,
          32.286122481335923,
          31.040850576997084,
          32.105744680610222,
          31.526644971292548,
          31.363344697140803,
          31.005665253938389,
          30.847440274745406,
          30.618694820781698,
          30.567553730545917,
          30.519113386941896,
          30.469701833754961,
          30.87034069939601,
          30.37037178838769,
          30.900947337112235,
          30.730541339489942,
          31.800812010665844,
          31.242258365406741,
          32.753158964055899,
          31.044136984818714,
          30.174696418144968,
          30.460632934005318,
          31.69129072376991,
          30.121183476216263,
          30.125026036657811,
          29.936218636502772,
          31.138487465530297,
          31.585939766558294],
 'train': [336.72898359433378,
           330.37964551105892,
           309.34953685177595,
           304.05438388191669,
           304.41924280753506,
           298.53695411656173,
           295.02060673718563,
           295.7806231374712,
           290.07453152157262,
           286.19656902522235,
           285.87200727072724,
           278.19934871895566,
           274.06028981970883,
           270.12040440306038,
           268.56587960417448,
           264.60484681975652,
           277.80093741583283,
           262.32960803337255,
           259.09202432595163,
           258.7553602680137,
           256.90104092793359,
           257.21860556225681,
           263.60129015256121,
           254.83741113760229,
           257.68995904374094,
           254.68414362156119,
           253.73733384043129,
           252.18657756784435,
           273.96037026192408,
           250.99659904198563,
           255.33260645935746,
           251.12182096310909,
           259.43547979159041,
           260.19480603698486,
           254.46932826952386,
           261.97083468517314,
           248.2749260704405,
           252.88387225126695,
           246.95707381143254,
           255.7078193654061,
           246.32542135992625,
           258.50365614318395,
           253.0343218939619,
           244.69803416946371,
           244.92065496730513,
           249.16795029234115,
           242.89004139000525,
           245.50892827259676,
           250.81410240381467,
           249.48576710945196,
           249.22678053558002,
           247.99427026495499,
           241.08854948034877,
           245.63610742112817,
           261.51841263469129,
           241.11873022106266,
           248.44196279157396,
           267.73809346229217,
           241.15014170717069,
           253.33773275044467,
           240.26589833764822,
           266.91826686515543,
           238.48626172176256,
           238.74683465924662,
           239.36028541265463,
           241.83595966850152,
           241.06371158767917,
           248.23074592312219,
           241.05383125001637,
           237.22339293379687,
           246.0638106693589,
           236.77747847293384,
           236.85458813457416,
           238.1248335433134,
           236.51091273924041,
           241.85526212330478,
           236.01790399791116,
           239.14490599412596,
           236.21300786432724,
           237.3638917403527,
           249.20282583528842,
           237.27299003546844,
           240.79921498570431,
           235.66968771370173,
           236.87504483504551]}


epoch	train err	test err0	305.489403026	31.0187989241	303.128520785	31.06400325962	299.495583383	30.74351306093	296.911643816	31.08796048364	291.175667665	30.04549444015	286.630023043	29.95000752196	289.435346624	31.84063045547	278.561894207	29.91798170968	274.87513376	29.617266919	271.7911407	29.356758683910	272.382590201	28.528045078711	268.374235423	28.761400871512	266.245294445	29.37982501813	264.726383935	29.158662839714	278.896703615	31.695027390415	263.801729115	29.377840846316	272.585627353	30.807123205517	261.214598293	28.662814014518	263.687102299	29.433238943319	265.181798146	27.790387832420	259.440939915	28.141651105821	259.194690559	28.445850525722	258.495895927	27.832573613223	261.464428284	28.881431474124	262.989949513	27.201033720725	258.182103997	28.145508185526	259.715662587	27.061090668127	262.341491289	28.834079266128	257.030625508	26.975204190429	260.07123269	26.743852672630	255.033599856	27.336602866131	276.217357126	30.498516323932	278.251604743	30.702557066633	253.878145649	27.053571476334	254.412442484	26.413372136335	257.41077715	27.761496951136	256.589370936	26.128819936637	252.568895905	26.268932905138	252.281179474	26.649963258439	251.463438265	26.261604481340	252.828287242	26.821472407841	258.44216993	25.74982891142	254.890238663	27.177129117943	250.810393688	26.347060017444	249.911417638	26.078075913945	253.432771501	26.894448463646	249.620947192	26.071619988947	250.435004857	26.299688829248	248.779193201	25.834347317249	279.092262411	30.370363668550	248.679945014	25.299752870851	248.45885055	25.837734600152	247.913092114	25.220938124453	248.590704496	25.90575487154	247.004643759	25.246855178255	247.720113119	25.710191251856	246.844800342	25.029723925157	246.21848919	25.185600974758	247.992004575	25.799890092859	250.076507682	26.201137747360	248.897805163	25.983876618661	286.037675274	31.120238849462	245.677933443	24.729151545763	245.472469941	25.227294025864	252.291296087	24.57292853765	262.212494873	24.912492333766	251.744758682	24.491151491867	244.638897201	24.530483318968	244.033814334	24.863232359569	244.228480463	24.980997353370	243.540744283	24.598240425771	243.968918834	24.945700956572	243.41109752	24.42505314373	243.859372339	24.953786257174	251.377208234	24.254089728575	244.678258682	25.1769329576	244.780941732	24.123804142277	263.234637425	28.074676489478	256.125231411	27.073637364379	242.954116413	24.114720282680	242.447582921	24.137700935981	249.704726856	26.077912135982	241.981646947	24.511543047483	246.111194329	23.930548184684	248.301537055	25.848271701

{'test': [31.018798924033284,
          31.064003259559115,
          30.743513060880403,
          31.087960483616222,
          30.045494440100473,
          29.950007521910209,
          31.84063045544077,
          29.917981709565662,
          29.617266910030743,
          29.356758683879139,
          28.528045078692983,
          28.761400871548346,
          29.379825018010362,
          29.158662839727931,
          31.695027390366285,
          29.377840846288137,
          30.807123205549996,
          28.662814014491623,
          29.433238943269018,
          27.790387832445667,
          28.141651105829361,
          28.445850525652965,
          27.832573613219338,
          28.881431474084408,
          27.201033720712658,
          28.145508185460276,
          27.061090668070673,
          28.834079266092196,
          26.975204190402813,
          26.743852672629895,
          27.336602866097959,
          30.498516323863345,
          30.70255706662126,
          27.053571476347621,
          26.413372136252686,
          27.761496951130741,
          26.128819936585341,
          26.26893290508394,
          26.649963258383064,
          26.261604481285001,
          26.82147240784456,
          25.749828911039177,
          27.177129117861078,
          26.347060017428291,
          26.078075913872226,
          26.894448463612111,
          26.0716199889332,
          26.299688829227541,
          25.83434731721389,
          30.3703636685043,
          25.299752870838301,
          25.837734600119475,
          25.220938124361368,
          25.905754870975322,
          25.246855178176475,
          25.710191251840278,
          25.029723925075224,
          25.185600974749264,
          25.799890092765068,
          26.201137747289422,
          25.983876618571117,
          31.120238849437545,
          24.729151545650403,
          25.227294025818118,
          24.572928537009297,
          24.912492333664733,
          24.491151491807084,
          24.530483318914083,
          24.863232359466707,
          24.980997353342445,
          24.598240425670909,
          24.945700956463202,
          24.425053142989189,
          24.95378625712063,
          24.254089728487525,
          25.176932950020891,
          24.123804142220912,
          28.074676489441469,
          27.07363736427514,
          24.114720282630131,
          24.137700935932372,
          26.077912135868914,
          24.511543047372726,
          23.930548184587863,
          25.848271701021797],
 'train': [305.48940302615074,
           303.12852078487373,
           299.49558338346696,
           296.91164381639038,
           291.17566766453604,
           286.63002304275204,
           289.43534662375254,
           278.56189420708364,
           274.87513376007212,
           271.79114070010257,
           272.38259020114748,
           268.37423542347278,
           266.24529444491412,
           264.72638393479497,
           278.8967036148764,
           263.80172911514967,
           272.58562735315627,
           261.21459829334515,
           263.68710229909669,
           265.1817981461154,
           259.44093991476507,
           259.19469055880978,
           258.49589592687397,
           261.46442828437813,
           262.98994951274761,
           258.18210399707959,
           259.71566258698101,
           262.34149128895228,
           257.0306255075165,
           260.07123268968246,
           255.03359985612008,
           276.21735712625997,
           278.25160474255239,
           253.87814564885937,
           254.41244248351296,
           257.41077715008646,
           256.58937093631022,
           252.56889590549605,
           252.28117947354721,
           251.46343826464215,
           252.82828724152378,
           258.44216992998895,
           254.8902386626016,
           250.8103936878249,
           249.91141763846122,
           253.43277150106312,
           249.6209471923909,
           250.43500485725249,
           248.77919320054349,
           279.09226241114487,
           248.67994501356839,
           248.45885055036052,
           247.91309211369233,
           248.59070449616385,
           247.00464375948749,
           247.72011311904268,
           246.84480034203673,
           246.21848919028238,
           247.992004575408,
           250.07650768173377,
           248.89780516327602,
           286.03767527375089,
           245.67793344250742,
           245.4724699412011,
           252.29129608652411,
           262.2124948733445,
           251.74475868220313,
           244.63889720096128,
           244.03381433440538,
           244.22848046296053,
           243.54074428316233,
           243.96891883444962,
           243.41109751955051,
           243.85937233908635,
           251.37720823399673,
           244.67825868167063,
           244.78094173168344,
           263.23463742506436,
           256.12523141132147,
           242.95411641300592,
           242.44758292142615,
           249.70472685590394,
           241.98164694712557,
           246.11119432908461,
           248.30153705533485]}


epoch	train err	test err0	316.329040212	32.29585980351	314.340074704	31.88294453272	308.705882541	30.18919279233	308.287584406	30.85040173674	303.490620661	29.58736291475	302.653737591	31.17778609696	311.044781917	33.94902430867	291.668261912	30.17350058998	286.016732312	28.93885175379	282.236414549	28.400476147410	278.48122913	29.443664798211	274.660003567	28.262382193812	273.714662873	27.704276610113	271.268268839	27.697427609514	269.762674248	29.423042509715	266.15815562	28.133777558516	266.461585388	29.057468013217	263.722434768	28.31680358518	264.810651514	27.35225805819	261.676790442	27.973379254220	270.032197153	26.800733093621	260.374376557	28.116246280222	259.837649115	28.134456256723	264.196123677	29.290073730124	262.529805522	29.000208109925	257.572631311	27.352059689826	266.844366244	29.762522165627	256.399755826	27.367481386328	258.438235494	28.278622172129	255.848337853	26.896612743230	254.977922886	27.414834756231	254.43611832	26.947193389632	257.872405431	26.309643256533	260.441294418	26.139372269834	257.469692754	28.296657506635	254.464258946	27.677012467336	262.953568575	29.213238418137	252.328043944	26.344176399638	251.11376445	26.583385389339	255.68805151	25.932942037440	264.010677805	29.413320766741	250.256754428	26.831947554742	252.745969684	25.851529929843	250.825778967	25.94124895544	255.635288586	28.16161404745	248.674967943	26.636012484546	251.646177509	25.725702678747	248.014629297	26.572457125448	247.345183735	26.304394151849	249.120936468	25.706732786850	246.782027789	26.02250008651	248.769496618	25.56223568952	256.971863541	28.414254851853	248.533757061	25.501557461854	249.502498432	25.390828121655	245.984805824	25.634487932256	249.470730846	25.364021203257	253.341553969	27.921601428358	249.174039457	27.254062493759	258.510035657	28.706608163160	247.969489959	25.274021158461	243.905786226	25.62804719262	251.559621472	27.6867322563	253.648861863	25.16303793264	245.919803252	26.701876140165	246.986177961	26.924065047266	244.478026441	26.453584239167	248.10583948	27.173248395668	242.172998115	25.591373439269	260.588965046	28.990521585370	243.552860507	25.1523785171	241.635794981	25.612965659572	243.316199835	25.084132103973	246.602091318	24.93818413274	243.302160427	25.014761422575	246.568465427	26.926156563276	240.815330683	25.408951395277	247.251938828	27.080012709578	284.98823075	32.028066031579	246.219457027	26.935180506280	248.146741112	24.874570354281	240.100150876	25.323937570682	267.909193528	29.934805131483	259.454687816	25.104427322784	252.834069758	24.9158331797

{'test': [32.295859803459336,
          31.88294453270256,
          30.189192792264166,
          30.85040173672191,
          29.587362914746603,
          31.177786096892532,
          33.949024308640723,
          30.17350058987547,
          28.93885175367668,
          28.400476147448806,
          29.443664798199322,
          28.262382193824475,
          27.704276610077276,
          27.697427609474513,
          29.423042509745219,
          28.133777558546559,
          29.057468013203504,
          28.316803585002333,
          27.352258057951957,
          27.97337925417974,
          26.800733093606599,
          28.116246280217183,
          28.134456256707089,
          29.290073730082195,
          29.000208109870627,
          27.352059689822219,
          29.762522165582588,
          27.367481386328087,
          28.278622172082198,
          26.896612743208472,
          27.414834756182728,
          26.947193389550083,
          26.309643256452492,
          26.139372269782928,
          28.296657506621013,
          27.677012467292613,
          29.213238418099493,
          26.34417639958048,
          26.583385389337636,
          25.932942037416105,
          29.413320766684002,
          26.831947554741767,
          25.851529929826633,
          25.94124895496978,
          28.161614047012673,
          26.63601248452537,
          25.725702678664476,
          26.572457125433669,
          26.304394151795872,
          25.706732786794625,
          26.022500086021829,
          25.562235689048268,
          28.414254851845456,
          25.5015574617805,
          25.390828121599125,
          25.634487932223742,
          25.364021203192397,
          27.921601428282656,
          27.254062493680156,
          28.706608163067891,
          25.274021158365549,
          25.62804719197684,
          27.686732249980555,
          25.163037932004837,
          26.701876140107736,
          26.92406504721944,
          26.453584239101339,
          27.173248395597138,
          25.591373439243362,
          28.990521585260876,
          25.152378510040599,
          25.612965659468575,
          25.084132103865691,
          24.938184132046011,
          25.01476142252055,
          26.926156563179156,
          25.408951395203161,
          27.080012709478449,
          32.028066031472029,
          26.935180506182554,
          24.874570354242309,
          25.323937570566386,
          29.934805131372126,
          25.104427322718479,
          24.915833179678529],
 'train': [316.32904021155008,
           314.34007470367118,
           308.70588254054729,
           308.2875844055672,
           303.49062066074771,
           302.65373759093785,
           311.04478191680056,
           291.66826191217535,
           286.01673231245201,
           282.23641454903077,
           278.4812291300928,
           274.6600035671201,
           273.71466287286711,
           271.26826883945739,
           269.76267424833367,
           266.15815561986454,
           266.46158538802507,
           263.72243476777055,
           264.8106515140073,
           261.67679044169051,
           270.03219715281591,
           260.3743765565435,
           259.83764911534928,
           264.19612367720271,
           262.52980552248772,
           257.57263131057562,
           266.84436624360228,
           256.39975582609128,
           258.43823549426401,
           255.8483378530191,
           254.97792288640761,
           254.43611832017007,
           257.87240543081828,
           260.44129441759071,
           257.46969275372527,
           254.46425894645353,
           262.95356857485791,
           252.32804394430138,
           251.11376444966572,
           255.68805151014917,
           264.0106778049485,
           250.25675442803589,
           252.74596968359356,
           250.82577896682039,
           255.63528858570689,
           248.67496794313328,
           251.64617750948122,
           248.01462929679653,
           247.34518373473324,
           249.1209364677822,
           246.78202778944694,
           248.76949661767594,
           256.9718635406,
           248.53375706075275,
           249.50249843170997,
           245.98480582415903,
           249.4707308464296,
           253.34155396883736,
           249.1740394572239,
           258.51003565679099,
           247.96948995909412,
           243.90578622611736,
           251.55962147188703,
           253.64886186274191,
           245.91980325214865,
           246.98617796076263,
           244.47802644088125,
           248.10583948035233,
           242.17299811527278,
           260.58896504551882,
           243.55286050745497,
           241.63579498072332,
           243.31619983457688,
           246.60209131785513,
           243.30216042731729,
           246.56846542657405,
           240.81533068335489,
           247.25193882841663,
           284.98823074990236,
           246.21945702713106,
           248.14674111229667,
           240.1001508759108,
           267.90919352793225,
           259.45468781598851,
           252.83406975774071]}
