

epoch	train err	test err0	299.866234879	34.95207364391	288.858398823	36.20136174072	288.855053011	33.98670910613	285.504280707	37.16642900364	279.168136027	35.77331665845	277.504135491	35.76032585116	276.34966246	35.9557197077	284.229746831	38.59786431688	271.741201736	33.91150018769	273.362565335	36.037282695310	292.236592785	33.447597392111	272.907588153	36.145550206312	280.249508757	33.178008661213	269.508467691	33.618958900414	267.696848794	33.875408234115	268.77952252	35.856122693916	268.258986205	36.025236886817	270.088708659	33.143868139718	265.291930631	35.677937641719	290.475183269	33.21941567820	267.052270591	33.068596670621	260.652711972	34.186039421122	261.824324362	35.586396016423	262.171151218	36.121629624224	257.84440689	33.85025922525	259.798556381	33.113231815426	256.842286661	33.446197005927	264.524224406	32.792363916428	254.604718883	33.478034135929	265.059973398	32.622741786330	252.234334618	34.403808840931	259.750549965	32.662103685632	252.361029303	33.271745128633	254.744319692	36.597411056534	251.263827793	33.225041177835	250.488761672	35.764539098536	252.537558328	36.416879062937	247.152609135	33.88597787838	246.887223204	34.346569672839	247.914925954	35.170371673840	245.662158672	34.735515960141	262.064095916	39.102343652242	258.009540083	32.503812215443	246.845831876	35.951695168744	247.401987271	33.126579093345	248.311483653	33.133521445846	256.337812479	38.416202274547	242.819529935	34.127527299448	245.011754117	33.003476665649	245.888363062	36.231293592650	253.927907128	32.681214062151	245.23013987	36.335006446252	241.666384295	33.271156234753	245.286755718	32.961300784354	242.790134713	35.69683237555	243.599652202	32.698031161756	239.116492635	33.819653111157	238.508736011	33.959260648458	238.149775293	33.613099558459	238.117460855	33.223592475460	276.877168641	32.412791249161	238.890754041	34.717983959662	237.811399329	32.93933277163	237.4310322	33.54954629964	246.207178156	32.081943259165	252.45872093	38.218128290166	234.908542885	33.594200078767	234.81838177	32.769418735768	235.681352814	34.721857744869	262.266961302	31.744900341870	237.266406952	32.009163106571	233.678750943	32.476951707172	235.393183384	34.242691931773	232.561531846	33.167727060274	233.299088538	34.214104351975	234.532206139	31.878744072676	231.951969124	33.544421732177	231.361363158	33.414858734478	232.121948278	32.970377029879	229.489996518	32.222239333280	229.449301722	33.013936115781	231.851882318	34.036765348682	263.656221327	40.38938979683	247.162141849	30.847986108384	228.328554341	32.8623592339

{'test': [34.952073643869781,
          36.201361740688647,
          33.986709106082223,
          37.16642900364883,
          35.77331665837746,
          35.760325851137566,
          35.955719706952088,
          38.597864316823184,
          33.911500187645082,
          36.037282695262739,
          33.447597392059663,
          36.14555020633717,
          33.178008661192813,
          33.61895890037416,
          33.875408234111305,
          35.85612269385993,
          36.025236886805601,
          33.143868139718755,
          35.677937641745672,
          33.219415678016972,
          33.068596670565704,
          34.18603942111087,
          35.586396016442492,
          36.121629624243411,
          33.850259224981201,
          33.113231815357061,
          33.44619700592812,
          32.79236391644848,
          33.478034135936191,
          32.622741786254991,
          34.403808840859661,
          32.662103685585137,
          33.271745128559274,
          36.597411056467386,
          33.225041177777896,
          35.764539098535195,
          36.416879062921168,
          33.885977878020164,
          34.346569672827627,
          35.17037167380785,
          34.735515960099022,
          39.102343652152619,
          32.503812215417518,
          35.951695168719752,
          33.126579093333454,
          33.133521445821358,
          38.41620227447028,
          34.127527299380738,
          33.003476665585438,
          36.231293592604771,
          32.681214062085516,
          36.335006446214507,
          33.271156234662072,
          32.961300784280994,
          35.696832374973496,
          32.698031161700115,
          33.819653111075823,
          33.959260648372506,
          33.613099558391433,
          33.223592475377082,
          32.412791249101026,
          34.717983959552001,
          32.939332771028909,
          33.549546298954311,
          32.081943259099866,
          38.218128290136363,
          33.594200078700283,
          32.769418735670264,
          34.721857744841856,
          31.744900341830387,
          32.009163106537166,
          32.47695170712943,
          34.242691931744531,
          33.167727060194117,
          34.214104351855212,
          31.878744072648573,
          33.544421732067576,
          33.414858734383849,
          32.970377029752157,
          32.222239333213437,
          33.013936115705903,
          34.03676534858468,
          40.389389795968455,
          30.847986108288378,
          32.862359233856864],
 'train': [299.8662348793294,
           288.85839882311615,
           288.8550530112276,
           285.50428070700451,
           279.16813602673182,
           277.50413549096669,
           276.34966245978978,
           284.22974683087517,
           271.74120173612494,
           273.36256533469276,
           292.23659278488572,
           272.90758815302559,
           280.24950875713472,
           269.50846769141953,
           267.69684879400222,
           268.77952251980611,
           268.25898620467188,
           270.08870865902969,
           265.29193063130958,
           290.47518326896557,
           267.05227059126747,
           260.65271197160462,
           261.82432436172866,
           262.17115121815402,
           257.84440689033613,
           259.79855638053874,
           256.84228666125682,
           264.52422440558979,
           254.60471888330207,
           265.05997339784517,
           252.23433461776131,
           259.75054996509112,
           252.3610293028955,
           254.74431969174378,
           251.26382779288355,
           250.48876167209781,
           252.53755832818547,
           247.15260913483945,
           246.8872232042321,
           247.914925954165,
           245.66215867194907,
           262.06409591561965,
           258.00954008322549,
           246.84583187585048,
           247.40198727113631,
           248.31148365276454,
           256.33781247888044,
           242.81952993528591,
           245.0117541174572,
           245.88836306191928,
           253.9279071278425,
           245.23013986967305,
           241.66638429528567,
           245.28675571752365,
           242.79013471310654,
           243.59965220247,
           239.11649263510441,
           238.50873601051521,
           238.14977529321209,
           238.11746085548199,
           276.87716864055437,
           238.89075404112776,
           237.81139932918194,
           237.43103220027308,
           246.20717815618741,
           252.45872093025736,
           234.90854288452473,
           234.81838176952388,
           235.68135281442071,
           262.26696130175606,
           237.26640695162686,
           233.67875094265909,
           235.39318338363648,
           232.56153184575277,
           233.29908853824384,
           234.53220613899924,
           231.95196912448225,
           231.36136315795258,
           232.1219482781965,
           229.48999651807296,
           229.4493017220866,
           231.85188231770033,
           263.65622132745352,
           247.16214184893016,
           228.32855434130033]}


epoch	train err	test err0	284.604660543	31.71256311041	278.011283169	31.2449180222	286.612327444	32.1418438173	278.387488383	31.44402657674	288.244444349	32.18476029125	272.263390097	30.62593111996	268.91706742	30.29221450757	277.239399205	31.08408497088	268.052282234	30.10338795519	270.270263102	30.471057124210	273.231939255	30.332733319911	272.381181171	30.301664163212	262.929727852	29.416864379613	265.420555488	29.778743584514	261.710689761	29.141210891215	266.553372665	29.394571141616	264.82900015	29.763426888317	289.797465974	33.239703571218	262.701971165	29.172997312319	283.637492335	32.476705556220	266.600436958	30.03039777421	280.123224652	30.363405306522	257.751397375	28.65269032423	259.127007918	28.483655730324	281.160653346	32.020090287425	255.520924456	28.095915781826	259.349642838	28.317917424427	254.226590322	28.047829027728	254.064188803	28.077266767729	277.221567314	30.021658057730	258.48109423	28.738763001631	269.749323215	29.0298318732	252.257190868	27.71621211733	255.19379612	28.282939404534	255.114541218	27.673081532835	256.461650148	28.531822502136	279.700078533	31.832718528837	259.38751527	27.918587225238	252.682789567	27.370021544639	258.693065448	28.749322581640	253.876802965	28.025536889141	253.070052895	27.524285226242	273.685623685	30.861324780443	248.605833001	27.184849753144	247.782654363	26.763116324445	252.443025776	27.785073061346	254.066338948	27.94471894247	252.593661568	26.943195475348	246.545605346	26.819750455149	249.917760651	27.317550503850	272.01408165	28.929065510351	257.276808566	28.258670952852	260.105641649	28.562084668253	246.388030837	26.786585234554	247.455859449	26.890008905855	244.480337302	26.204748056356	244.547634565	26.472091218757	244.910263388	26.444812929858	243.363266983	26.174999284859	243.787044695	26.115534528160	245.540565278	26.284696928961	271.656227667	30.357418674662	262.251587213	27.848850673563	242.151213701	26.005597651264	241.239408298	25.887341769765	241.241220101	25.915733431766	249.301064915	26.922680262467	247.701993054	26.048356091668	239.91341543	25.523811472669	241.388106764	25.642759938570	239.844725786	25.414246658571	251.108140299	26.406655710972	240.902362276	25.84681136373	238.161023724	25.218750098274	239.1271662	25.465185973475	243.238018229	26.269489323576	243.60941177	26.332706891577	241.719619462	26.021156207578	251.634712388	26.765239778579	237.006468059	25.284450710380	262.054972387	28.8873843481	240.850700159	25.753835101882	236.6662812	25.108505136883	237.907919443	24.674017566584	243.022088481	25.3327196092

{'test': [31.712563110357145,
          31.244918021992234,
          32.141843816977335,
          31.444026576710325,
          32.184760291246022,
          30.625931119903388,
          30.292214507518668,
          31.084084970815788,
          30.103387955145138,
          30.471057124205728,
          30.332733319913864,
          30.301664163245498,
          29.416864379598696,
          29.778743584523614,
          29.141210891152934,
          29.394571141567919,
          29.763426888274701,
          33.2397035711802,
          29.172997312263874,
          32.476705556160027,
          30.030397774028668,
          30.363405306482967,
          28.65269032403274,
          28.483655730279985,
          32.020090287439139,
          28.095915781828083,
          28.317917424375189,
          28.047829027666552,
          28.077266767690467,
          30.021658057693674,
          28.738763001617492,
          29.029831870045996,
          27.716212117017967,
          28.282939404462635,
          27.673081532812528,
          28.531822502117787,
          31.832718528793052,
          27.91858722516918,
          27.370021544609944,
          28.749322581554623,
          28.025536889064451,
          27.524285226231513,
          30.861324780425701,
          27.184849753084524,
          26.763116324444908,
          27.785073061320706,
          27.944718941956015,
          26.943195475283368,
          26.819750455115752,
          27.317550503801183,
          28.929065510307076,
          28.258670952782953,
          28.562084668204726,
          26.786585234460198,
          26.890008905782455,
          26.204748056331781,
          26.472091218662936,
          26.444812929819214,
          26.174999284767871,
          26.115534528082669,
          26.284696928873359,
          30.357418674620664,
          27.848850673530869,
          26.00559765124849,
          25.887341769660534,
          25.915733431662048,
          26.922680262393133,
          26.048356091620814,
          25.523811472624164,
          25.64275993851485,
          25.414246658478628,
          26.406655710942267,
          25.846811362986102,
          25.218750098178788,
          25.465185973434373,
          26.269489323458671,
          26.332706891465286,
          26.021156207511869,
          26.765239778518897,
          25.284450710310452,
          28.887384339972503,
          25.753835101752518,
          25.108505136754125,
          24.674017566545668,
          25.332719609203629],
 'train': [284.60466054269483,
           278.01128316906795,
           286.61232744434341,
           278.38748838263427,
           288.24444434936709,
           272.26339009670949,
           268.91706741973189,
           277.23939920489272,
           268.05228223393738,
           270.27026310212636,
           273.23193925481337,
           272.38118117065324,
           262.9297278521405,
           265.42055548768263,
           261.71068976127333,
           266.55337266536822,
           264.82900015013632,
           289.79746597372531,
           262.70197116528448,
           283.63749233509998,
           266.60043695821497,
           280.12322465211673,
           257.75139737532294,
           259.12700791752502,
           281.16065334598647,
           255.52092445572382,
           259.34964283815663,
           254.22659032225863,
           254.06418880303039,
           277.22156731405812,
           258.48109423041291,
           269.74932321482595,
           252.25719086814604,
           255.19379612006458,
           255.11454121789365,
           256.46165014805143,
           279.70007853308488,
           259.38751526996577,
           252.68278956747642,
           258.69306544792863,
           253.87680296496237,
           253.07005289530855,
           273.68562368517058,
           248.60583300099168,
           247.78265436299981,
           252.44302577555681,
           254.06633894836193,
           252.59366156847793,
           246.54560534616553,
           249.91776065133325,
           272.01408165017341,
           257.27680856630792,
           260.1056416492674,
           246.38803083741567,
           247.45585944941251,
           244.48033730231708,
           244.54763456515582,
           244.91026338822152,
           243.36326698346599,
           243.78704469500036,
           245.54056527796803,
           271.65622766733634,
           262.25158721292524,
           242.1512137008273,
           241.23940829797166,
           241.2412201013953,
           249.30106491547926,
           247.70199305407206,
           239.91341543042088,
           241.38810676410372,
           239.84472578583387,
           251.10814029897406,
           240.90236227629796,
           238.16102372368846,
           239.12716620041732,
           243.23801822886995,
           243.60941176951826,
           241.7196194624326,
           251.63471238752877,
           237.00646805899038,
           262.05497238705192,
           240.85070015874828,
           236.66628119999058,
           237.90791944331531,
           243.02208848101796]}


epoch	train err	test err0	302.841012748	35.48256636431	292.248500717	34.98435729852	287.827202803	33.97850482963	295.832044926	35.55321700334	284.219650983	34.19885779775	293.327560262	35.15290859626	323.696693316	33.46043161847	277.968007931	31.56901410948	279.996482278	33.2839875649	273.481897483	31.277161832210	283.122412297	33.570913452311	274.595850364	30.675693071812	270.537511272	30.75674693813	271.633922978	31.618968330714	269.33254743	30.67888207115	268.715606089	30.292316163316	271.81557026	29.850275342217	266.548615533	30.517468072218	265.771124571	29.708381838319	271.249850516	31.364279134720	266.997975172	29.018864065121	263.53986621	29.742094313622	264.233869801	30.056786379923	263.983364594	29.995651114124	261.260184194	28.783712358125	267.924457566	30.407719938626	265.09174954	27.968475565827	260.03017722	28.882839978128	267.596795149	27.674963725329	260.642747878	27.649814112530	264.885109879	27.357812498431	257.539601132	27.932245530932	257.115080637	27.858896641933	257.049978574	27.592104099934	256.404488452	27.708506873535	256.431823222	27.803615469136	255.528473339	27.233439736337	265.251685101	29.168789554138	261.388965941	28.549488805339	255.106028353	26.59889850940	254.121063447	26.430677740141	254.476775641	27.174824707542	258.559250031	26.167501290743	262.676832616	25.945899580444	267.162275676	28.91431380145	258.702760362	25.569630507746	260.36508771	27.887135481847	251.587893915	25.984848948548	255.016498517	26.966968391949	251.39233093	26.178523476350	279.897933978	26.465387333151	255.960107858	27.104376529452	250.300802985	25.745897203553	254.287106653	24.959109036354	249.569387913	25.2703562155	251.133484437	24.76248224756	249.261731478	25.055437402557	249.128390428	25.459366361158	253.754798113	26.42228959159	285.09490291	25.50366467360	251.139022323	24.41974665361	250.27126914	25.730673296862	248.150149021	25.190642790963	263.654122248	24.797201880364	275.454181759	25.333177598265	260.294864419	27.131485309466	246.633119588	24.685276218667	256.538724678	24.185283399668	270.431174539	24.721953867369	246.079610355	24.547532211370	249.001694894	24.076284982871	247.123157521	24.908301673472	251.394210787	25.607343383473	251.650270718	25.589227440574	245.027149795	24.201175889175	245.020327762	23.699896852876	272.965724523	24.420268948177	249.291349834	25.191641672278	245.210592423	23.22278968779	244.844489977	24.245903056480	245.801873161	23.175975354281	243.750180131	23.788166756282	243.285613724	23.682013796383	247.006732452	24.684491836584	247.04883379	22.8666001119

{'test': [35.482566364306969,
          34.984357298545916,
          33.978504829636442,
          35.553217003343534,
          34.198857797682692,
          35.152908596189079,
          33.460431618382671,
          31.569014109365497,
          33.283987564032095,
          31.277161832167025,
          33.570913452290462,
          30.675693071750647,
          30.756746937977372,
          31.618968330674448,
          30.678882071002931,
          30.2923161632758,
          29.850275342247585,
          30.517468072159264,
          29.708381838258646,
          31.364279134688406,
          29.018864065052068,
          29.742094313564337,
          30.056786379863912,
          29.995651114087103,
          28.783712358115476,
          30.407719938599897,
          27.968475565757302,
          28.882839978050306,
          27.674963725256845,
          27.649814112454166,
          27.357812498395418,
          27.93224553087321,
          27.858896641865432,
          27.592104099915389,
          27.708506873503673,
          27.803615469103658,
          27.233439736307325,
          29.168789554136893,
          28.549488805308016,
          26.598898508998168,
          26.430677740114838,
          27.174824707482848,
          26.167501290691145,
          25.945899580354954,
          28.91431380103425,
          25.569630507740989,
          27.887135481800271,
          25.984848948460314,
          26.966968391923952,
          26.178523476308246,
          26.465387333073377,
          27.104376529424407,
          25.745897203483231,
          24.95910903628242,
          25.270356210028286,
          24.762482246985662,
          25.05543740254803,
          25.45936636112814,
          26.4222895910254,
          25.50366467298646,
          24.419746653049049,
          25.730673296828446,
          25.190642790888912,
          24.797201880263501,
          25.333177598155427,
          27.131485309387138,
          24.685276218620285,
          24.185283399647833,
          24.721953867250498,
          24.547532211313399,
          24.076284982845422,
          24.908301673422624,
          25.607343383401869,
          25.589227440483832,
          24.201175889119828,
          23.699896852790786,
          24.420268948087941,
          25.191641672153679,
          23.222789687028655,
          24.245903056370409,
          23.175975354221865,
          23.788166756227305,
          23.682013796286483,
          24.684491836515132,
          22.866600111869605],
 'train': [302.84101274846938,
           292.24850071732493,
           287.82720280348349,
           295.83204492596161,
           284.21965098292748,
           293.3275602616157,
           323.69669331579735,
           277.96800793063869,
           279.99648227849372,
           273.48189748345868,
           283.12241229716165,
           274.59585036368213,
           270.53751127177327,
           271.63392297840079,
           269.33254743040925,
           268.71560608902189,
           271.81557025986353,
           266.54861553347644,
           265.77112457148445,
           271.2498505163062,
           266.99797517156122,
           263.53986621001849,
           264.23386980145716,
           263.98336459416919,
           261.26018419356342,
           267.92445756589524,
           265.09174953998053,
           260.0301772195869,
           267.59679514892269,
           260.64274787752095,
           264.88510987886929,
           257.53960113225338,
           257.11508063676126,
           257.04997857368971,
           256.40448845230117,
           256.43182322203694,
           255.52847333852591,
           265.25168510082426,
           261.38896594050198,
           255.10602835273323,
           254.1210634470624,
           254.47677564111274,
           258.55925003092722,
           262.67683261555038,
           267.16227567605199,
           258.70276036216018,
           260.36508770958591,
           251.58789391533821,
           255.0164985170959,
           251.39233092998026,
           279.89793397830545,
           255.96010785781471,
           250.30080298526062,
           254.28710665331744,
           249.56938791315469,
           251.13348443740105,
           249.26173147848905,
           249.12839042806948,
           253.754798113281,
           285.09490290952647,
           251.13902232303093,
           250.27126914034767,
           248.15014902108689,
           263.65412224779305,
           275.4541817586998,
           260.29486441914378,
           246.63311958810988,
           256.53872467769065,
           270.43117453881553,
           246.07961035494728,
           249.001694893864,
           247.12315752149297,
           251.39421078694048,
           251.65027071782444,
           245.02714979509037,
           245.02032776236641,
           272.96572452250678,
           249.29134983388855,
           245.21059242315388,
           244.84448997713116,
           245.80187316066321,
           243.75018013143631,
           243.28561372436963,
           247.00673245162466,
           247.04883379010724]}
