

epoch	train err	test err0	325.911404346	33.58543252511	280.202615158	31.69565380482	298.43749689	35.8066006973	279.000016528	31.78654089014	293.964182111	30.10206826275	300.587874784	36.0910269156	293.41657282	35.10069977557	276.033334992	31.51415262748	281.497138363	32.90726804319	268.454690396	29.251508443510	269.676758686	29.873099912711	275.660573767	27.331910930912	265.454115693	28.273751699613	287.562866667	34.17086974914	271.082361692	27.039707759115	274.011763896	31.504877436416	267.983382301	29.610157491517	263.336545477	28.234065062418	262.098529738	27.95800490119	266.566799899	26.900579115920	261.235114371	27.844266079321	262.484564268	28.719732849122	270.585655348	27.029209916823	259.73512988	27.64206973224	259.661209594	27.9174418987

{'test': [33.585432525053783,
          31.695653804816359,
          35.80660069704313,
          31.786540890073809,
          30.102068262653333,
          36.091026914990351,
          35.100699775539745,
          31.514152627386867,
          32.907268043059553,
          29.251508443526468,
          29.873099912724989,
          27.331910930947878,
          28.273751699566091,
          34.170869749049459,
          27.039707759098111,
          31.50487743642849,
          29.610157491479519,
          28.234065062413656,
          27.95800490104347,
          26.900579115850171,
          27.844266079320885,
          28.719732849064677,
          27.029209916808362,
          27.642069731962387,
          27.917441898727425],
 'train': [325.91140434616034,
           280.20261515844936,
           298.43749688979847,
           279.00001652753679,
           293.96418211103753,
           300.58787478370459,
           293.41657281960545,
           276.0333349922256,
           281.49713836346103,
           268.45469039571486,
           269.67675868559644,
           275.66057376654453,
           265.45411569287842,
           287.56286666671531,
           271.08236169151036,
           274.01176389623259,
           267.98338230081549,
           263.33654547687593,
           262.0985297383628,
           266.56679989861505,
           261.23511437116821,
           262.4845642678913,
           270.58565534805911,
           259.73512987992603,
           259.66120959443873]}


epoch	train err	test err0	413.298799356	51.49685531691	303.222134259	23.20860123462	296.441358658	23.77437763493	314.036744653	22.06555012494	305.507297508	33.8653397095	303.052483075	22.13732531316	317.376015913	22.05357620127	351.25213795	42.73240307158	294.006602824	22.71135466519	274.640874123	25.84687159410	274.548022923	26.915987496711	294.954766168	21.996847265412	273.131358745	27.352491683513	272.490699551	24.244782313814	272.933751997	23.931803928115	274.352384818	28.521683456416	297.613489546	34.001532673117	292.407705336	33.135890929518	266.370640935	24.26242710619	264.774370333	24.674927519220	316.030769586	37.916155745321	267.478219566	23.107540165222	261.241863671	25.296633419723	260.065743763	24.600997165924	260.173835021	23.9085706335

{'test': [51.496855316899804,
          23.208601234593697,
          23.774377634929422,
          22.065550124900078,
          33.865339709027083,
          22.137325313089612,
          22.053576201183247,
          42.732403071482558,
          22.711354665091495,
          25.846871593962359,
          26.915987496660009,
          21.996847265351427,
          27.352491683454424,
          24.244782313824317,
          23.931803928063012,
          28.521683456404141,
          34.001532673104251,
          33.135890929481249,
          24.262427105970698,
          24.6749275192401,
          37.916155745332659,
          23.107540165153054,
          25.296633419686259,
          24.600997165923133,
          23.908570633509967],
 'train': [413.29879935642094,
           303.2221342589495,
           296.44135865818731,
           314.03674465349923,
           305.50729750803873,
           303.05248307454059,
           317.3760159129331,
           351.25213794955789,
           294.00660282352356,
           274.64087412330184,
           274.54802292302622,
           294.95476616810186,
           273.13135874515893,
           272.4906995509939,
           272.93375199700154,
           274.35238481841839,
           297.61348954625987,
           292.40770533601022,
           266.370640934547,
           264.77437033340431,
           316.03076958647819,
           267.47821956601575,
           261.24186367148678,
           260.06574376276563,
           260.1738350214178]}


epoch	train err	test err0	400.450702061	46.22020675581	421.102424234	49.45935784532	280.103485847	30.7381555733	294.082275211	30.6942596874	316.728343659	38.10680360295	276.217343557	31.41170462216	286.621400271	33.94564252587	271.728857874	29.56223646028	289.04048254	30.85700645499	267.761813216	29.494846735610	279.412851277	29.913029045911	275.967657822	32.704802309812	270.584818921	29.44068873213	264.689605691	29.32603330214	262.582839935	29.551827921215	262.106615272	29.432093829916	267.071848793	29.372435095717	263.305846451	31.216195432718	260.199966167	29.095250903619	256.888030755	29.307469160320	258.571352736	29.303365208921	257.135925519	30.403486720722	265.564595317	29.46535387223	252.866346441	29.535313726224	305.053183827	37.6516354159

{'test': [46.220206755839762,
          49.45935784529695,
          30.738155573000434,
          30.694259687011971,
          38.106803602910823,
          31.411704622069532,
          33.945642525830422,
          29.562236460172063,
          30.857006454891742,
          29.49484673556772,
          29.913029045850443,
          32.704802309779858,
          29.440688731981119,
          29.326033302032691,
          29.551827921195201,
          29.432093829948794,
          29.372435095729664,
          31.216195432719768,
          29.095250903648417,
          29.307469160312298,
          29.303365208861273,
          30.403486720695962,
          29.465353872009409,
          29.535313726215261,
          37.65163541590158],
 'train': [400.45070206137689,
           421.1024242343907,
           280.10348584655412,
           294.08227521082864,
           316.72834365902071,
           276.2173435567156,
           286.62140027140629,
           271.72885787430999,
           289.04048254026236,
           267.76181321592679,
           279.41285127716753,
           275.96765782202647,
           270.58481892082727,
           264.6896056909145,
           262.58283993526101,
           262.10661527217439,
           267.07184879339673,
           263.30584645087094,
           260.19996616719806,
           256.88803075471094,
           258.57135273618098,
           257.13592551913234,
           265.56459531703842,
           252.86634644134875,
           305.05318382741649]}
