

epoch	train err	test err0	297.312428893	39.9026139341	283.134667939	33.00822885582	319.707431293	33.27808249333	287.787095392	36.84870920944	274.935939014	32.92309380675	282.429213546	35.68628180346	294.560942125	30.89296043787	293.316363535	30.6844057588	268.935866956	32.10931044999	272.113524191	33.444401965910	265.691479628	31.322941933811	265.300931665	29.947874022912	269.859802123	33.232650553913	270.701684274	33.900803007714	271.934452802	34.041383172515	273.13995326	28.796657574516	259.425521702	29.759623719717	258.623735203	29.611829897218	258.297282907	28.975145991919	256.980414005	30.141881357720	265.825086581	28.460511377721	288.206158681	29.035378798122	264.144864107	33.646051183523	264.895509586	33.975381561324	289.021919816	28.830234121725	257.178021681	27.422677204526	251.416306989	29.137202223927	252.037283779	27.9825794628	255.99682618	27.277690042329	252.484693292	30.814582890130	251.26049615	27.510726687431	248.611152082	28.227360958632	302.599233131	29.396354640933	248.917476989	30.163734372434	246.913695919	28.059713239535	295.786994367	28.962476098636	246.114090371	27.707914774337	247.044246735	29.520258493238	276.385162297	27.353903607339	273.809055078	27.622436072640	244.303808079	28.223097957541	284.449935897	27.947586626442	259.960491996	33.03726505843	243.185597655	27.624422260544	248.299953329	26.298786123245	246.927015898	30.052731925446	242.001564367	27.890755683147	243.456481566	26.560932899748	255.448976976	26.40320304649	241.648733726	28.279063984150	247.446163064	30.369102661751	271.721779379	27.522265564652	252.318137029	31.914857179453	256.75020038	25.574985605854	250.970248134	31.721588334355	243.006761168	29.172803522756	238.555851148	27.430635215257	238.098364865	27.201005636258	249.974176487	26.793146125559	239.355889681	26.684235249560	238.128959452	25.80565637861	237.047697143	27.302767226962	251.526816537	25.275347493163	239.061928085	27.882156306564	259.284656897	26.156770425365	240.821553938	28.746297224966	236.08836993	25.803063483967	241.115326687	29.716211103968	257.074608545	26.824566523769	248.962276763	31.714472345770	238.409641527	28.656634629371	234.583766842	26.022971739572	235.254780906	27.887094136873	258.685585818	25.566281489874	250.600027286	31.508281548875	245.491056864	25.14879794476	235.073831036	27.135606158577	233.639779781	25.658894820378	249.533810489	25.370292573479	242.641808777	30.593628273580	235.103165753	27.236766042181	240.599383929	29.75743557482	232.966396192	26.932789843983	235.898040299	28.753049200284	246.457094263	30.9932270925

{'test': [39.902613934015079,
          33.008228855831391,
          33.278082493320277,
          36.84870920942533,
          32.923093806670742,
          35.686281803353175,
          30.892960437775997,
          30.684405757957471,
          32.109310449894465,
          33.444401965944387,
          31.322941933779568,
          29.947874022880296,
          33.232650553945753,
          33.900803007652186,
          34.041383172524334,
          28.796657574510419,
          29.759623719686719,
          29.611829897248441,
          28.975145991868345,
          30.141881357695119,
          28.460511377664705,
          29.03537879808713,
          33.646051183517088,
          33.975381561278134,
          28.830234121711563,
          27.422677204530583,
          29.137202223924611,
          27.982579459984375,
          27.277690042328423,
          30.814582890116323,
          27.510726687397646,
          28.22736095859295,
          29.39635464086486,
          30.16373437237462,
          28.05971323948016,
          28.962476098585736,
          27.707914774250888,
          29.520258493177039,
          27.353903607313498,
          27.62243607256077,
          28.223097957510532,
          27.947586626381053,
          33.03726505796854,
          27.624422260503103,
          26.298786123215397,
          30.052731925388287,
          27.890755683052944,
          26.56093289972506,
          26.403203045985901,
          28.279063984088051,
          30.369102661653869,
          27.522265564568485,
          31.914857179350786,
          25.574985605753184,
          31.721588334302716,
          29.172803522685875,
          27.430635215158311,
          27.201005636179087,
          26.793146125490598,
          26.684235249495192,
          25.805656377968713,
          27.302767226882594,
          25.275347493078471,
          27.882156306528998,
          26.156770425276861,
          28.746297224947753,
          25.803063483882372,
          29.716211103912098,
          26.824566523701332,
          31.714472345746,
          28.656634629323825,
          26.022971739459329,
          27.8870941367943,
          25.566281489761426,
          31.508281548801452,
          25.148797944040801,
          27.135606158457087,
          25.658894820324424,
          25.370292573424294,
          30.593628273516007,
          27.236766042076287,
          29.757435574010032,
          26.932789843922137,
          28.753049200182431,
          30.993227092517767],
 'train': [297.31242889257419,
           283.13466793873175,
           319.70743129299711,
           287.78709539178624,
           274.93593901413681,
           282.42921354616601,
           294.56094212456759,
           293.31636353507866,
           268.93586695620462,
           272.11352419135682,
           265.69147962777868,
           265.30093166466577,
           269.85980212337245,
           270.70168427443616,
           271.9344528016577,
           273.139953260129,
           259.42552170231733,
           258.62373520280084,
           258.29728290705475,
           256.98041400466872,
           265.82508658131741,
           288.20615868082064,
           264.14486410733241,
           264.89550958572568,
           289.02191981562703,
           257.17802168142498,
           251.41630698867652,
           252.03728377853923,
           255.9968261795087,
           252.48469329201899,
           251.26049614997751,
           248.61115208181448,
           302.59923313116042,
           248.91747698901278,
           246.91369591890304,
           295.78699436729767,
           246.11409037081657,
           247.04424673478391,
           276.38516229695233,
           273.80905507761872,
           244.30380807910578,
           284.44993589747895,
           259.96049199596126,
           243.18559765515062,
           248.2999533291752,
           246.92701589790528,
           242.00156436655243,
           243.4564815657597,
           255.4489769764441,
           241.64873372636325,
           247.44616306381857,
           271.72177937932696,
           252.3181370290846,
           256.7502003803578,
           250.97024813447956,
           243.00676116834197,
           238.5558511481012,
           238.09836486542764,
           249.97417648652748,
           239.35588968091497,
           238.12895945159616,
           237.04769714288494,
           251.5268165370511,
           239.06192808515345,
           259.28465689688477,
           240.82155393823348,
           236.08836993037747,
           241.11532668740799,
           257.07460854480365,
           248.96227676321084,
           238.40964152742583,
           234.58376684166112,
           235.25478090550348,
           258.68558581777017,
           250.60002728585712,
           245.49105686368449,
           235.07383103577232,
           233.63977978090577,
           249.53381048902764,
           242.64180877675278,
           235.10316575311288,
           240.59938392934481,
           232.96639619236302,
           235.89804029871152,
           246.45709426325456]}


epoch	train err	test err0	287.464299176	34.59419610721	347.689649332	35.76798588832	282.851839953	36.46798772113	281.14889536	36.14751069214	275.216081179	32.37037170095	273.838532079	33.32328350596	271.533789512	33.06313727797	270.296234906	31.0834479838	268.7721947	32.89644804289	265.807626065	31.791816250310	269.749038229	30.477112159911	265.012043503	30.563065717812	268.135853466	33.59581849513	261.4436421	30.671390837314	260.248026613	30.522812483915	264.614613756	33.242941890916	258.308437897	30.140226201717	256.797845468	30.50179858618	269.50180283	29.450663556919	276.390556807	29.678431528120	255.03880271	29.943829855221	263.884012575	33.694691878622	262.318547999	33.482213299623	252.725901959	30.690379062924	266.210588999	29.149203995425	251.207525498	30.654244900726	250.212998689	29.671934929227	255.728740039	32.358265541128	253.086837346	28.776578507929	250.164532253	28.8198658930	255.269600041	28.474640826831	254.537646024	32.448231477532	246.988890769	29.00124071133	253.587810908	28.311114464534	245.507391673	29.334512182835	245.654018723	29.118724058736	245.069979249	28.744177260737	243.359346863	29.168564153238	245.046624264	30.799124631839	245.386370741	31.026189700840	241.753847469	28.976006315141	251.041881729	32.796519747442	244.172001693	30.702979028143	251.301131577	33.184377290844	264.550209076	28.154372450545	239.372326995	29.658333473946	247.34285952	32.268997272547	247.300613069	27.86829857648	238.924563182	28.504522716249	242.335829874	28.049535098950	247.030588363	32.812760451951	262.647544509	28.035298933452	239.248385991	28.076753910853	241.055130237	27.996078095454	268.947947325	37.199067885255	242.62913424	32.199242616256	235.425243507	28.606716810657	254.695636993	27.812263550858	238.673002033	27.946220157759	238.608242727	31.035939131860	237.042566228	27.941760923761	235.176059995	30.514643001862	282.798157923	28.780763042963	249.199759719	27.666045306764	233.650905553	28.451932447965	246.733639917	27.953759707166	238.352609217	27.962301900367	252.859663193	35.007791979468	232.413450584	28.775770824869	233.923093163	28.800988307370	232.159721235	30.075143119571	240.625111767	28.048293790872	238.733374057	32.156993913473	247.229906217	27.980051604874	232.135761143	28.03829171875	229.409429333	28.782102775976	229.933582868	28.992410274377	239.219247824	32.443387749578	246.366479744	34.061622300179	232.026986705	31.058402748480	242.662845402	33.336942849381	237.189397755	27.580648029382	232.761313989	28.029825378283	227.622200217	28.978121580984	228.663130477	30.0868165664

{'test': [34.594196107223297,
          35.767985888349742,
          36.467987721099362,
          36.147510692090506,
          32.370371700941931,
          33.323283505865824,
          33.06313727791678,
          31.083447983026279,
          32.896448042816267,
          31.79181625026218,
          30.477112159895213,
          30.563065717791577,
          33.595818495038735,
          30.671390837301104,
          30.522812483941149,
          33.242941890875187,
          30.140226201658734,
          30.501798586044028,
          29.450663556873419,
          29.678431528146618,
          29.943829855195737,
          33.694691878551311,
          33.482213299620831,
          30.690379062892504,
          29.149203995439851,
          30.654244900727441,
          29.6719349292222,
          32.358265541092585,
          28.776578507865082,
          28.819865889965996,
          28.474640826778217,
          32.448231477460624,
          29.001240710989642,
          28.311114464492494,
          29.334512182795059,
          29.118724058652624,
          28.744177260663683,
          29.168564153177631,
          30.799124631825066,
          31.026189700768249,
          28.976006315111977,
          32.796519747397973,
          30.70297902810313,
          33.184377290848808,
          28.154372450541789,
          29.658333473869071,
          32.268997272475211,
          27.86829857604981,
          28.504522716180961,
          28.049535098870372,
          32.812760451872656,
          28.035298933401439,
          28.076753910825566,
          27.996078095404048,
          37.199067885237696,
          32.19924261618651,
          28.606716810638225,
          27.812263550798249,
          27.946220157729904,
          31.03593913181448,
          27.941760923687479,
          30.514643001753004,
          28.780763042865178,
          27.666045306655494,
          28.451932447865175,
          27.953759707103469,
          27.962301900286651,
          35.007791979424894,
          28.775770824817357,
          28.800988307260564,
          30.075143119506713,
          28.04829379077966,
          32.156993913363927,
          27.980051604778406,
          28.038291718030457,
          28.782102775915416,
          28.992410274293363,
          32.443387749515843,
          34.061622300120931,
          31.058402748434006,
          33.336942849308294,
          27.580648029346477,
          28.029825378232591,
          28.978121580928047,
          30.086816566398447],
 'train': [287.46429917597277,
           347.68964933158463,
           282.85183995336507,
           281.14889535987948,
           275.21608117863866,
           273.83853207948965,
           271.53378951215637,
           270.29623490621384,
           268.77219469986522,
           265.80762606529089,
           269.74903822852855,
           265.01204350286463,
           268.13585346601906,
           261.4436420998411,
           260.24802661254523,
           264.61461375628875,
           258.30843789685878,
           256.7978454682364,
           269.50180282971701,
           276.39055680727921,
           255.0388027096497,
           263.88401257466148,
           262.31854799932603,
           252.72590195937306,
           266.21058899887618,
           251.20752549796606,
           250.21299868945789,
           255.72874003858902,
           253.0868373458332,
           250.16453225292878,
           255.26960004055658,
           254.5376460235909,
           246.98889076896836,
           253.58781090831425,
           245.50739167292829,
           245.65401872263467,
           245.06997924894927,
           243.35934686290921,
           245.04662426436383,
           245.38637074095004,
           241.75384746897447,
           251.04188172882388,
           244.172001692967,
           251.30113157658926,
           264.55020907625317,
           239.37232699452281,
           247.34285952028108,
           247.30061306878943,
           238.92456318160455,
           242.33582987430563,
           247.03058836285174,
           262.64754450882469,
           239.2483859911062,
           241.05513023691964,
           268.94794732475447,
           242.62913423991228,
           235.4252435071142,
           254.69563699284384,
           238.67300203266493,
           238.60824272735334,
           237.04256622758101,
           235.17605999518247,
           282.79815792316322,
           249.19975971885754,
           233.65090555271243,
           246.73363991732833,
           238.35260921687845,
           252.85966319285382,
           232.41345058440658,
           233.92309316311923,
           232.15972123451468,
           240.62511176674093,
           238.733374056983,
           247.22990621737154,
           232.13576114257148,
           229.4094293330092,
           229.93358286757245,
           239.21924782414888,
           246.36647974439254,
           232.02698670528605,
           242.66284540237555,
           237.18939775495494,
           232.76131398897377,
           227.6222002174695,
           228.66313047703409]}


epoch	train err	test err0	364.967926544	41.70942704141	300.926757458	33.02051206142	281.473499883	28.70697284353	282.920490219	27.58555147524	280.065981917	27.39184267285	291.512458986	26.64412637276	278.290003576	27.29071848117	295.750382834	26.52330880148	274.199642504	28.53615559469	280.662273993	26.370448479110	275.304233963	29.096305532211	270.016320205	27.245187743312	268.388675269	27.292650883213	272.672251576	26.140139906214	272.200277274	25.96434030915	266.280416802	27.671667767716	263.135652101	26.564904341517	262.766044886	27.297488288218	260.519355146	26.176897346619	260.097675474	25.854638212420	264.372590143	28.175973974821	278.551280891	25.283875688422	284.400785952	25.382436281223	256.022328747	26.214735216924	261.658181702	25.103198125525	260.139221998	27.7237980226	265.871999818	24.973695387927	254.197993628	26.535712160228	273.418674089	30.202662080629	261.611220916	24.934027072130	259.085004682	27.979879300331	251.798520648	25.768807233132	269.997919893	24.555901161333	277.520207818	30.961905060534	252.053990211	24.663235414435	248.185783612	25.431263802136	253.077040077	27.151826952937	255.156191648	27.606936360238	260.18922858	24.108936396439	260.525303818	28.425408132840	252.982823259	27.337847585841	245.789886255	24.632307777542	253.208305942	24.10511907643	336.703973968	37.972143367244	257.219674924	24.077375843645	245.834059159	24.614787839246	243.772463148	25.563680931647	270.276941902	30.088872197348	256.456834608	24.029856366149	242.529233868	24.285312444250	265.23364408	29.286274278251	245.668049315	23.824318336852	241.23181532	24.66303409553	241.249471327	24.117905517154	247.06534181	24.043971148455	247.889292149	26.588493403656	264.43796955	29.22513757157	239.547412828	25.019691656658	253.286490925	23.612714862259	286.234027764	31.811513048760	277.852070255	30.789400481761	237.673960342	24.39100054362	249.163471503	23.509376655463	243.464968983	26.1034256864	242.98433733	26.041440094665	237.045000221	23.930154581366	241.80015235	25.77459657267	239.714164785	23.835454217268	273.303209509	30.087460741569	273.426373848	24.195009812970	238.217125607	24.605129420571	237.314559559	24.56236973372	245.923582163	23.267534350573	235.534153995	23.623388324274	235.127133055	24.326399569375	275.935727338	24.502570417976	248.667790265	23.477276036477	234.531306196	23.660296399278	236.425878906	24.845953418979	238.397344681	23.332698836980	236.552314648	24.832599227481	234.62817641	23.285317568382	233.6168267	24.030843429683	236.610509295	23.280233564284	234.044161291	24.2262649571

{'test': [41.709427041444755,
          33.020512061404403,
          28.706972843529041,
          27.585551475213467,
          27.391842672778463,
          26.644126372744079,
          27.290718481137837,
          26.523308801403104,
          28.536155594578752,
          26.370448479124278,
          29.096305532243456,
          27.245187743341425,
          27.29265088315455,
          26.140139906228782,
          25.964340309008151,
          27.671667767725204,
          26.56490434149201,
          27.297488288245525,
          26.176897346584322,
          25.854638212402858,
          28.175973974839835,
          25.283875688442517,
          25.382436281177529,
          26.214735216868693,
          25.103198125542569,
          27.723798019987093,
          24.973695387913008,
          26.535712160162053,
          30.202662080558085,
          24.934027072058484,
          27.979879300284697,
          25.768807233142223,
          24.555901161285451,
          30.961905060523041,
          24.66323541435737,
          25.431263802119364,
          27.151826952926807,
          27.606936360198219,
          24.108936396413135,
          28.42540813277876,
          27.337847585784449,
          24.632307777506053,
          24.105119076016667,
          37.972143367153336,
          24.077375843583631,
          24.614787839241917,
          25.563680931628824,
          30.088872197336975,
          24.029856366065182,
          24.285312444210003,
          29.286274278187445,
          23.824318336784756,
          24.663034095007966,
          24.117905517053654,
          24.043971148414979,
          26.588493403637631,
          29.225137571045209,
          25.019691656612935,
          23.612714862240967,
          31.811513048746235,
          30.789400481666817,
          24.391000543016162,
          23.509376655354949,
          26.103425679964502,
          26.041440094623951,
          23.930154581312532,
          25.774596571978492,
          23.835454217158951,
          30.087460741465513,
          24.195009812878762,
          24.605129420465406,
          24.562369732952956,
          23.267534350452131,
          23.623388324184269,
          24.326399569296282,
          24.502570417902998,
          23.477276036385042,
          23.66029639923703,
          24.845953418874316,
          23.332698836903884,
          24.832599227355328,
          23.285317568328658,
          24.030843429645579,
          23.280233564194447,
          24.226264957102863],
 'train': [364.96792654399553,
           300.92675745848635,
           281.47349988301409,
           282.92049021949742,
           280.06598191701073,
           291.51245898601508,
           278.29000357634686,
           295.75038283401182,
           274.19964250408623,
           280.66227399324106,
           275.30423396327916,
           270.01632020521993,
           268.38867526913361,
           272.67225157615076,
           272.20027727435263,
           266.28041680163886,
           263.13565210076325,
           262.76604488602095,
           260.51935514585648,
           260.09767547415601,
           264.37259014316879,
           278.55128089122127,
           284.4007859522456,
           256.02232874692493,
           261.65818170207984,
           260.13922199826567,
           265.8719998178945,
           254.19799362814393,
           273.41867408869871,
           261.61122091645865,
           259.08500468197525,
           251.79852064752015,
           269.99791989334983,
           277.52020781843521,
           252.05399021100061,
           248.18578361203959,
           253.07704007678294,
           255.1561916483154,
           260.18922858002259,
           260.52530381759107,
           252.9828232589187,
           245.78988625478007,
           253.20830594198785,
           336.70397396769999,
           257.21967492446987,
           245.83405915871339,
           243.77246314816824,
           270.27694190215294,
           256.45683460771983,
           242.52923386754642,
           265.23364408010946,
           245.66804931458074,
           241.23181532028428,
           241.24947132692708,
           247.06534180968345,
           247.88929214850509,
           264.43796954973436,
           239.5474128277105,
           253.28649092473572,
           286.23402776411808,
           277.85207025504178,
           237.67396034230399,
           249.16347150300115,
           243.46496898276143,
           242.98433733047716,
           237.04500022092009,
           241.80015235032155,
           239.71416478545737,
           273.30320950858339,
           273.42637384840981,
           238.21712560739368,
           237.31455955872016,
           245.92358216273752,
           235.53415399495731,
           235.1271330551757,
           275.93572733805098,
           248.66779026515863,
           234.53130619632117,
           236.42587890568015,
           238.39734468131297,
           236.55231464792291,
           234.62817640971048,
           233.61682670044453,
           236.6105092948572,
           234.04416129133165]}
