

epoch	train err	test err0	301.187225303	34.78767993441	288.526614339	34.7993198472	285.688637077	35.00802078653	287.928521766	35.66006370314	276.199461442	33.85726747075	288.651766951	34.6681404646	272.962768297	33.62728344757	280.532713768	34.07892120958	269.171988193	33.38506108799	271.548586757	34.51571578510	299.856640476	36.137607875511	266.169979657	34.032541876912	261.349706734	33.17905659613	262.850675436	33.135219170114	259.217347064	33.359094293315	266.48025725	33.408268019416	264.79183245	33.793670600117	261.671471214	33.197220618718	259.770298996	33.122072290219	254.542365133	33.532843193220	283.062982386	35.006689964721	257.593111616	33.373297456622	251.995298734	33.082660936323	262.540955231	33.652062609724	254.058901798	32.386674762325	283.514762674	35.309284804926	255.303017309	32.784575979727	247.744634684	32.403203843428	249.817556866	33.193582465129	261.228330006	34.010702688430	272.951601784	35.089060041131	260.056670309	33.453941063332	268.378546434	34.360230492933	243.722857375	31.736171021234	243.001956556	31.450956018235	244.332694888	32.094844719236	251.959702847	32.692729984237	246.329948572	33.303224174538	242.040367645	32.79994947339	241.656555517	31.82983481240	239.710518718	32.122809515141	238.839996453	31.487331947342	238.859712885	31.451856544243	238.329272249	32.019367296544	241.706401109	32.5874650401

{'test': [34.787679934407002,
          34.799319847020705,
          35.008020786492771,
          35.66006370310658,
          33.857267470673854,
          34.668140463981288,
          33.627283447474312,
          34.078921209539416,
          33.385061087882946,
          34.515715784966126,
          36.137607875473833,
          34.032541876906237,
          33.179056596048994,
          33.135219170118461,
          33.359094293310775,
          33.408268019387947,
          33.793670600110325,
          33.197220618721701,
          33.122072290184249,
          33.532843193226178,
          35.00668996474495,
          33.373297456566448,
          33.082660936255891,
          33.652062609740483,
          32.386674762292834,
          35.309284804933526,
          32.784575979723328,
          32.403203843413081,
          33.193582465067699,
          34.010702688380917,
          35.089060041064023,
          33.453941063347656,
          34.360230492883019,
          31.736171021235535,
          31.450956018212747,
          32.094844719213057,
          32.692729984157069,
          33.303224174534144,
          32.7999494730416,
          31.829834812036122,
          32.122809515070614,
          31.487331947267037,
          31.451856544248649,
          32.019367296537339,
          32.587465040130233],
 'train': [301.18722530292365,
           288.52661433911675,
           285.68863707727746,
           287.92852176603265,
           276.19946144173622,
           288.65176695108414,
           272.96276829676623,
           280.53271376802564,
           269.17198819319094,
           271.54858675664127,
           299.85664047633605,
           266.16997965718383,
           261.34970673376591,
           262.8506754363562,
           259.21734706378004,
           266.48025725031994,
           264.79183245006465,
           261.67147121351491,
           259.77029899619305,
           254.54236513308672,
           283.06298238550875,
           257.59311161635634,
           251.99529873446173,
           262.54095523091792,
           254.0589017980958,
           283.51476267367127,
           255.30301730938712,
           247.74463468359784,
           249.81755686633869,
           261.22833000644141,
           272.95160178402637,
           260.05667030940828,
           268.3785464341068,
           243.7228573754609,
           243.00195655565778,
           244.33269488844644,
           251.95970284733065,
           246.32994857206586,
           242.04036764535326,
           241.65655551722267,
           239.71051871758587,
           238.8399964531682,
           238.85971288493209,
           238.32927224877858,
           241.70640110929907]}


epoch	train err	test err0	303.458265605	26.98432628631	302.132614073	26.60649646352	289.463026673	26.46292887913	292.600372303	29.45054099824	357.000408427	41.36049763155	297.68241858	25.61346540346	279.19277378	25.83076138627	282.284838335	24.72844773858	279.367581683	24.30138102229	276.817883846	24.328790413710	276.100436709	26.141648635811	274.524705067	23.683577581412	273.338808945	25.694027849813	281.234804067	23.333266300414	281.865246927	23.103121033115	266.130888322	23.264672786516	289.276444325	23.217507262117	279.31249223	22.426848393918	263.479469894	23.618049633519	262.941878991	23.971765470120	266.703850174	21.686771626421	260.033229366	23.220602333322	269.379539988	21.371300613123	258.362059156	22.05525243224	266.98545769	25.908020506925	257.199623585	22.630370929826	261.073730166	20.928329341227	264.19289575	20.791912124428	265.875769433	26.004200460129	269.101496166	20.697590044930	258.311210512	20.782522832431	277.095004779	20.943568741332	259.432695565	20.491378571833	275.108515608	20.74866749134	264.779196685	20.259591915635	253.801903952	23.221942187736	267.254813396	20.169132708437	262.892613417	25.759615359538	273.322485081	20.480914732539	262.728793913	25.547533303240	341.71971314	39.870532261841	265.757446368	26.743286759942	266.860745806	20.076412683543	253.281603119	19.930375513444	274.765551065	20.3583916713

{'test': [26.984326286263197,
          26.606496463474194,
          26.462928879067469,
          29.450540998194011,
          41.360497631485373,
          25.613465403421003,
          25.830761386204514,
          24.728447738519037,
          24.301381022203568,
          24.328790413666976,
          26.141648635752212,
          23.683577581400428,
          25.694027849823851,
          23.333266300449775,
          23.103121033090233,
          23.264672786452874,
          23.217507262088574,
          22.426848393925376,
          23.618049633523956,
          23.971765470068799,
          21.686771626409421,
          23.220602333324749,
          21.371300613063166,
          22.055252432036909,
          25.908020506868816,
          22.630370929777328,
          20.928329341240271,
          20.791912124394148,
          26.004200460144574,
          20.697590044886887,
          20.782522832374269,
          20.943568741334673,
          20.491378571802812,
          20.748667490979713,
          20.259591915613733,
          23.221942187729617,
          20.169132708351938,
          25.75961535954016,
          20.480914732533591,
          25.54753330315468,
          39.87053226183631,
          26.743286759901601,
          20.07641268348565,
          19.930375513359575,
          20.358391671279385],
 'train': [303.45826560537779,
           302.13261407285103,
           289.46302667271527,
           292.6003723029425,
           357.00040842741214,
           297.68241857970838,
           279.19277378043967,
           282.28483833484006,
           279.36758168255534,
           276.81788384632722,
           276.10043670861484,
           274.52470506721295,
           273.33880894466392,
           281.23480406746512,
           281.86524692704603,
           266.13088832216181,
           289.2764443251238,
           279.31249222996166,
           263.4794698940488,
           262.94187899077411,
           266.70385017402498,
           260.03322936551859,
           269.37953998768995,
           258.36205915575266,
           266.98545768974429,
           257.19962358474123,
           261.073730165722,
           264.19289574956713,
           265.87576943336978,
           269.10149616590519,
           258.31121051233742,
           277.09500477913031,
           259.4326955647727,
           275.10851560794646,
           264.77919668498765,
           253.80190395164726,
           267.25481339560679,
           262.89261341716764,
           273.32248508122592,
           262.72879391270635,
           341.71971314043054,
           265.75744636776665,
           266.86074580604537,
           253.28160311925581,
           274.76555106499495]}


epoch	train err	test err0	294.319692164	32.24481823181	286.166528713	31.28838258182	278.979711062	30.637727293	294.015535685	33.00713567244	272.053072605	30.16865138495	275.521874172	30.85120650166	277.585703091	31.34736250967	267.850525776	29.96032038178	278.916452014	31.60938579429	268.470751576	30.209191349510	271.994301574	30.788880037911	267.949497215	30.465143461812	269.491997463	30.755059707613	265.1314541	30.234525766214	271.660740178	31.29582217315	257.848273235	29.666451429116	301.516541891	34.664328834517	281.198558736	32.272203647118	292.716381335	33.931912537319	252.153658197	29.239162437120	251.345603587	29.255790207621	259.85334348	30.193912700822	255.542894969	29.906859137323	253.184619954	29.51212526224	255.777301958	30.034497383825	247.912245644	29.081640566526	267.64598468	31.222135713927	249.539279929	29.345863708928	256.542298797	30.124304657229	245.336805788	28.922474890430	252.065385385	29.681743577931	293.306960911	34.24321836832	246.568757845	29.343607585833	243.421696847	28.955132588934	250.170512162	29.684348490935	248.234910148	29.577128028136	243.835551272	28.968261968537	259.098742503	31.076505671138	240.552279888	28.763839976739	241.662993172	28.932091546240	244.16136811	29.364892586241	239.83590092	28.683776423342	258.326010992	30.558724207843	252.069951985	29.902223107444	238.702601104	28.7060458787

{'test': [32.244818231755254,
          31.288382581765397,
          30.637727290022251,
          33.007135672411778,
          30.168651384872526,
          30.851206501606143,
          31.347362509555285,
          29.960320381665266,
          31.609385794155312,
          30.209191349528048,
          30.788880037876144,
          30.465143461789669,
          30.755059707634107,
          30.234525766226646,
          31.295822172969473,
          29.666451429085892,
          34.664328834529691,
          32.272203647070477,
          33.931912537315384,
          29.239162437134933,
          29.255790207551836,
          30.193912700789916,
          29.906859137310992,
          29.512125262020508,
          30.034497383809111,
          29.081640566501076,
          31.222135713909175,
          29.345863708941266,
          30.124304657224762,
          28.922474890415913,
          29.681743577879608,
          34.243218368047209,
          29.343607585836295,
          28.955132588855264,
          29.684348490896959,
          29.577128028061921,
          28.968261968546386,
          31.076505671072418,
          28.763839976722686,
          28.932091546246376,
          29.364892586240266,
          28.683776423255132,
          30.558724207822884,
          29.902223107439561,
          28.706045878670913],
 'train': [294.31969216414001,
           286.16652871324521,
           278.97971106231654,
           294.01553568532154,
           272.053072605463,
           275.5218741722436,
           277.58570309102078,
           267.85052577560941,
           278.91645201395244,
           268.47075157600739,
           271.99430157429617,
           267.94949721538433,
           269.49199746252316,
           265.13145409965767,
           271.66074017783984,
           257.84827323517936,
           301.51654189140692,
           281.19855873591098,
           292.71638133523305,
           252.15365819663685,
           251.34560358749192,
           259.85334347985975,
           255.54289496931395,
           253.18461995382933,
           255.77730195807851,
           247.91224564368366,
           267.64598467999258,
           249.53927992871326,
           256.54229879677484,
           245.33680578753086,
           252.06538538472395,
           293.30696091142141,
           246.56875784501705,
           243.42169684690163,
           250.17051216230522,
           248.23491014835039,
           243.83555127155466,
           259.09874250296701,
           240.55227988753842,
           241.66299317218645,
           244.16136810990869,
           239.83590091968654,
           258.32601099150713,
           252.06995198501127,
           238.70260110434421]}
