

epoch	train err	test err0	298.223514393	30.82683453531	301.823321931	32.82681334222	343.37943831	37.07168232243	303.954021335	32.78554482124	280.911519829	29.55934245745	280.891532586	29.76930014556	281.615693421	28.83980259777	279.584108324	28.55539227648	277.896830021	28.24865464899	273.125645086	28.390424180110	273.10631054	28.444032884211	282.984019596	27.993944414612	270.041399168	27.823010641213	269.165595303	27.709298098414	277.360931637	27.490099892515	267.121496559	27.321343964416	266.479793796	27.23162159417	272.421665624	27.076685416318	272.419168938	28.087003684619	265.97114339	26.798074346420	264.327727888	26.724997997821	264.569160542	26.444037982722	264.509878578	26.726478586723	265.857578006	26.295106855724	271.52528353	26.500980734925	261.137134691	26.29158903926	259.926984496	26.329999302327	278.713122337	28.397203689828	258.938506483	26.049516693129	259.798678216	26.1156986630	258.31794308	25.930437176431	268.575911372	25.902371332532	260.086369225	26.057444039733	260.812659527	26.377203740134	260.747893007	26.018188950235	255.500227781	25.373302989836	256.164634492	25.266607388637	255.374797931	25.115881465538	253.975402415	25.250919224239	254.95880479	25.446060942540	256.485754035	25.519154819441	256.131117172	25.377163817942	254.728094764	25.121822188543	254.005688348	24.797976991544	254.847460207	24.752344413445	259.56090388	25.679370566746	282.469284433	28.133402529547	250.637927454	24.477741685248	274.17781318	27.312513871549	262.374781614	26.167032491150	249.12335933	24.367848440551	257.062507224	25.194024224452	248.833944715	24.346081428753	249.86942853	24.484453983854	248.977147767	24.137812293655	249.215706684	24.147825878856	246.949070999	24.076324379557	317.454610396	30.794984069358	246.251615783	23.938535880359	247.634786548	23.906398763560	255.58193346	24.787376782361	248.864885646	23.889275762362	278.691296882	25.486270084663	245.396910645	23.747289314564	244.574150523	23.829860627165	245.556085321	23.669943116366	272.679992928	25.142826677667	245.106092478	23.619862116768	243.045419549	23.541166387669	244.45312206	23.549504973470	247.353277849	24.045135349471	242.361273649	23.471336695772	245.193420484	23.864049269273	265.959085734	25.706460511274	243.928197759	23.396306829175	242.578183918	23.595994228476	240.77372812	23.30890759677	240.927518503	23.273939436478	240.651277094	23.255585734779	243.915991072	23.580642699980	243.665638365	23.743419668281	248.972753567	23.478741186282	247.226554595	23.392486486783	239.917979782	23.306837021784	239.695407842	23.057990871

{'test': [30.826834535282369,
          32.826813342173189,
          37.071682322384419,
          32.785544821245907,
          29.55934245741572,
          29.769300145495123,
          28.839802597658505,
          28.555392276390666,
          28.248654648887801,
          28.3904241800957,
          28.444032884207711,
          27.993944414554619,
          27.823010641184275,
          27.709298098410944,
          27.490099892495209,
          27.321343964397105,
          27.231621593974541,
          27.076685416346663,
          28.087003684625714,
          26.798074346445429,
          26.724997997756521,
          26.444037982733192,
          26.72647858665816,
          26.295106855710635,
          26.500980734852966,
          26.291589039002751,
          26.329999302317315,
          28.397203689821339,
          26.049516693087128,
          26.11569865995401,
          25.930437176386995,
          25.902371332528872,
          26.057444039730605,
          26.377203740115803,
          26.01818895022376,
          25.373302989770533,
          25.266607388646854,
          25.115881465535672,
          25.250919224203212,
          25.446060942507046,
          25.519154819404108,
          25.377163817889667,
          25.121822188517775,
          24.797976991490394,
          24.752344413421326,
          25.679370566720454,
          28.133402529517767,
          24.477741685245622,
          27.312513871549225,
          26.167032491068348,
          24.367848440518291,
          25.194024224384378,
          24.346081428681355,
          24.484453983785833,
          24.137812293553861,
          24.147825878816452,
          24.076324379464992,
          30.794984069348914,
          23.938535880272525,
          23.906398763520368,
          24.787376782291094,
          23.889275762279155,
          25.486270084568389,
          23.747289314482753,
          23.829860627099734,
          23.669943116307891,
          25.142826677585685,
          23.619862116690253,
          23.541166387586465,
          23.549504973427638,
          24.045135349395547,
          23.471336695746345,
          23.864049269167097,
          25.706460511166362,
          23.396306829094346,
          23.595994228410589,
          23.308907595984859,
          23.273939436412263,
          23.255585734679872,
          23.580642699948815,
          23.743419668249366,
          23.478741186218279,
          23.392486486726803,
          23.306837021726864,
          23.057990871019069],
 'train': [298.22351439307846,
           301.82332193141372,
           343.37943830956368,
           303.95402133487363,
           280.91151982930586,
           280.8915325860616,
           281.61569342093463,
           279.58410832422157,
           277.89683002063163,
           273.1256450864239,
           273.10631053990784,
           282.98401959645003,
           270.04139916779809,
           269.16559530267199,
           277.36093163673945,
           267.12149655928505,
           266.47979379568358,
           272.42166562447056,
           272.4191689383893,
           265.97114338969982,
           264.3277278875733,
           264.56916054235205,
           264.50987857792535,
           265.85757800603318,
           271.52528353005243,
           261.13713469088094,
           259.92698449617762,
           278.71312233668874,
           258.93850648346512,
           259.79867821577216,
           258.3179430801556,
           268.57591137191855,
           260.08636922548084,
           260.81265952729893,
           260.74789300661564,
           255.50022778092944,
           256.1646344923883,
           255.37479793121972,
           253.97540241533659,
           254.95880478959799,
           256.48575403487268,
           256.13111717240787,
           254.72809476394684,
           254.00568834814058,
           254.84746020698987,
           259.5609038802246,
           282.46928443326738,
           250.63792745440367,
           274.17781317985754,
           262.37478161358274,
           249.12335933024946,
           257.06250722369742,
           248.83394471469717,
           249.86942852981178,
           248.97714776708125,
           249.21570668440907,
           246.94907099850656,
           317.45461039576577,
           246.25161578286918,
           247.63478654754456,
           255.58193345958441,
           248.86488564647337,
           278.69129688204731,
           245.3969106445337,
           244.57415052320451,
           245.55608532110659,
           272.679992927797,
           245.1060924779986,
           243.04541954887864,
           244.45312205980491,
           247.35327784899266,
           242.36127364921964,
           245.1934204840652,
           265.95908573420485,
           243.92819775864041,
           242.57818391844793,
           240.77372811981493,
           240.92751850320263,
           240.65127709413812,
           243.91599107239526,
           243.66563836518696,
           248.97275356659864,
           247.22655459499674,
           239.91797978233842,
           239.69540784207237]}


epoch	train err	test err0	290.043375059	33.91085503991	287.196940429	31.45476356522	295.989292296	35.146399283	284.454302988	31.81705112424	284.692382876	29.98381416875	311.808596705	30.97454040256	284.885643213	31.99540925417	288.105856099	33.25264916448	278.053563748	30.48554211759	276.93634416	29.03201049110	291.214224787	29.265427350911	276.906980727	31.040144305912	276.053878854	27.988109026913	271.822132427	27.658118528514	300.79956776	28.489841133915	268.302261182	28.848785239716	268.360116557	27.295295918717	265.425962306	27.402971587318	298.600107025	28.290006159319	268.997545872	29.737495418320	271.105215003	30.411569355821	264.700272653	28.282093952422	274.241432684	30.797427400623	261.402821035	26.57606206724	265.043170666	28.744505830525	271.575317968	30.522095875626	262.255475675	28.705496112827	267.859722119	25.491806581828	258.147720584	26.090306747729	260.352666485	25.745056071930	319.822630582	28.748008395331	303.507789073	27.494977367132	257.988710939	25.276879890333	256.751662607	27.392279929834	255.954388586	27.337440318735	255.527199555	25.213035561836	253.546670911	25.509208962937	260.995098199	29.183249824238	257.988042843	24.80076650239	259.104674614	24.476886529940	254.340992712	28.200522018841	258.181201703	24.267374767142	259.299795056	24.487868975843	249.920513837	24.891087771344	250.966793515	27.330244298545	281.953325773	25.256811427946	251.206764818	27.573882981247	254.395534946	24.301214739748	248.124004942	25.475147519449	248.238178895	26.866342417450	250.16286374	27.594810520251	265.30645109	24.040453128252	262.107926508	29.900266435953	254.060452964	23.854503737354	294.859722525	25.286901970755	253.51240061	23.349921165556	244.567316514	26.228013697257	271.318282032	24.536679408758	265.172258973	30.964281221159	247.678630865	24.224347855660	243.719013992	26.315544951961	243.580188685	24.398451980462	246.271067874	27.150906591163	243.148163321	27.237608298164	245.609712376	26.965824916465	264.842296706	23.829612117266	241.44891266	26.505670625667	239.589755738	25.803309266268	250.988749188	28.979530075769	246.66484478	28.264987275370	250.630841253	24.844681334471	237.607378942	24.125743651272	246.123902293	27.25785408573	236.574191858	25.332694140174	240.163252979	27.292140343875	252.325337905	23.215888142476	236.845429304	25.979366312777	235.758434747	25.334847751778	239.994939137	23.369217746979	243.678117117	23.041048704780	233.432100592	24.452421917981	248.595069335	28.907784572882	238.834207313	26.923568440183	249.644732283	23.139737428984	240.571038409	23.5638656364

{'test': [33.910855039910714,
          31.454763565244232,
          35.14639928000809,
          31.817051124191025,
          29.983814168730532,
          30.97454040247953,
          31.995409254084827,
          33.252649164366211,
          30.485542117536173,
          29.032010491040104,
          29.265427350928139,
          31.040144305855286,
          27.988109026881894,
          27.658118528542101,
          28.489841133908214,
          28.848785239717607,
          27.295295918694659,
          27.402971587293006,
          28.290006159279891,
          29.73749541829087,
          30.411569355787286,
          28.282093952373444,
          30.797427400614858,
          26.576062067047648,
          28.744505830496752,
          30.522095875578671,
          28.705496112771964,
          25.491806581760066,
          26.090306747707771,
          25.745056071891035,
          28.748008395303046,
          27.494977367108852,
          25.276879890276195,
          27.392279929812567,
          27.337440318657833,
          25.213035561758485,
          25.509208962852497,
          29.183249824229467,
          24.800766502027983,
          24.476886529857861,
          28.200522018768734,
          24.267374767137721,
          24.487868975787659,
          24.891087771283409,
          27.330244298546546,
          25.256811427876247,
          27.573882981202832,
          24.30121473971154,
          25.475147519414527,
          26.866342417352854,
          27.594810520197047,
          24.040453128170803,
          29.900266435941958,
          23.854503737344302,
          25.286901970724401,
          23.349921165540938,
          26.228013697162819,
          24.536679408731764,
          30.964281221078199,
          24.224347855551024,
          26.315544951908265,
          24.39845198039556,
          27.150906591094063,
          27.237608298069642,
          26.965824916419749,
          23.829612117180648,
          26.505670625618983,
          25.803309266247346,
          28.979530075718735,
          28.264987275250824,
          24.844681334444477,
          24.125743651246069,
          27.257854084995351,
          25.33269414009953,
          27.292140343767148,
          23.215888142432831,
          25.979366312665267,
          25.334847751727153,
          23.369217746920224,
          23.041048704717245,
          24.452421917925843,
          28.90778457279086,
          26.92356844008772,
          23.13973742885452,
          23.563865636389696],
 'train': [290.04337505907876,
           287.19694042863091,
           295.98929229604903,
           284.45430298844849,
           284.69238287625973,
           311.8085967054808,
           284.88564321295951,
           288.10585609908679,
           278.05356374792444,
           276.93634416019165,
           291.2142247874886,
           276.90698072682449,
           276.05387885368941,
           271.82213242745007,
           300.79956775959721,
           268.3022611821566,
           268.36011655698462,
           265.42596230579602,
           298.60010702523266,
           268.99754587191228,
           271.105215003257,
           264.70027265264042,
           274.24143268363093,
           261.40282103477159,
           265.04317066587907,
           271.57531796841187,
           262.25547567513695,
           267.85972211919085,
           258.1477205835871,
           260.35266648526266,
           319.82263058153183,
           303.50778907251834,
           257.98871093922861,
           256.75166260664599,
           255.954388586204,
           255.52719955487373,
           253.54667091052193,
           260.99509819940124,
           257.988042842879,
           259.10467461393284,
           254.34099271206674,
           258.18120170330326,
           259.29979505550136,
           249.9205138366672,
           250.96679351542329,
           281.95332577321466,
           251.20676481789476,
           254.39553494601196,
           248.12400494231468,
           248.23817889537773,
           250.16286373957439,
           265.30645108958333,
           262.10792650809799,
           254.06045296404295,
           294.85972252520855,
           253.51240060974357,
           244.56731651357941,
           271.31828203160171,
           265.17225897287682,
           247.67863086537065,
           243.71901399246156,
           243.58018868470339,
           246.27106787399447,
           243.14816332077595,
           245.60971237556501,
           264.84229670574462,
           241.44891266049004,
           239.58975573815994,
           250.98874918759932,
           246.66484477950956,
           250.6308412532388,
           237.60737894154306,
           246.12390229304535,
           236.57419185804804,
           240.16325297889142,
           252.32533790476629,
           236.84542930354587,
           235.75843474748632,
           239.99493913676179,
           243.67811711728515,
           233.43210059178608,
           248.59506933547692,
           238.83420731280316,
           249.64473228327824,
           240.57103840905307]}


epoch	train err	test err0	296.081881178	34.06764538331	294.235399535	33.01023154442	289.207643362	32.77285432533	311.421686609	34.7722216794	278.411112578	32.5548054995	287.297009005	35.98483938436	293.681917734	33.50577855777	272.501623281	32.41538824748	291.207723768	33.49905943819	276.46316439	34.288979187310	270.03942179	32.244557236811	269.563805886	32.163434146612	265.954414525	32.407176810813	266.619536208	33.143488781314	268.218161725	32.326586649315	265.767435977	33.695539403816	261.705143255	32.259208240517	279.258579981	36.651787220718	278.368746534	36.896907974919	283.254916649	34.276383302420	256.613661369	32.815706514621	260.837721686	34.077069625822	261.551053905	32.622227741923	262.078958589	32.703815861924	267.841973742	35.960881896425	260.016181246	32.84637871426	254.091637556	34.00411539227	264.877169348	36.075674397928	253.026225455	33.187877840729	257.92942019	33.241883477230	255.436422761	32.974239637931	246.906354127	33.025388071932	269.878143518	34.634472086633	252.492828866	34.698906752534	263.664081365	34.060487551235	252.715485699	35.043355636	245.904962263	33.129275053437	244.139100998	33.365113457538	267.23910078	37.180989634939	255.104123605	35.30337993240	258.006899732	36.285169518941	241.065313023	33.048385042942	274.897694965	35.416447835543	259.584593806	36.433227253844	239.792766886	32.990019030245	238.533933256	33.306563734846	239.071064567	33.56693132647	237.3953205	33.076478099848	250.325640359	33.930694002749	243.384525762	34.540674554950	248.272895951	35.073354246951	234.886568568	32.996212037952	235.75233793	33.54560685653	241.402708964	34.214211399954	238.795653335	33.222771292155	240.760146378	34.340943388556	241.952136992	33.324249381157	248.849621071	34.304966985958	235.979291968	33.394851165259	232.074679369	33.012540413760	238.892291881	33.39939708161	231.848423112	33.178579609662	240.415705678	33.317150186663	239.981306207	33.303533969964	234.056866259	33.604553580365	230.878628663	33.131314966466	231.669953963	32.415168147167	238.581888875	34.39132419968	231.428855038	33.206056510869	232.000633385	33.298267444170	226.930471467	32.29722538771	256.833063494	36.608158304672	255.76910414	36.807098857673	228.252915976	32.144601859274	233.187040756	33.312311905475	227.995537324	32.566230674276	227.308581823	31.645040266277	224.792045877	31.989672617478	225.154762595	32.183713589479	224.648768003	31.812126316980	229.890615205	33.187861519581	241.727658754	32.949758040982	253.293455428	33.57238452983	225.319181003	32.418056200684	234.164835563	32.0189309007

{'test': [34.067645383258487,
          33.010231544426262,
          32.772854325293139,
          34.772221678987115,
          32.554805499046346,
          35.984839384281386,
          33.505778557694924,
          32.415388247351139,
          33.499059438128903,
          34.288979187328991,
          32.244557236795359,
          32.163434146640974,
          32.40717681082684,
          33.14348878130388,
          32.326586649256747,
          33.69553940375264,
          32.259208240514219,
          36.651787220700001,
          36.896907974927501,
          34.276383302400809,
          32.815706514613098,
          34.077069625786478,
          32.622227741907821,
          32.703815861920134,
          35.960881896443951,
          32.846378713975845,
          34.004115392027053,
          36.075674397929404,
          33.187877840736526,
          33.241883477160862,
          32.97423963787314,
          33.025388071901048,
          34.634472086598215,
          34.698906752533446,
          34.060487551237799,
          35.043355600037216,
          33.129275053435833,
          33.36511345746662,
          37.180989634883844,
          35.303379932019055,
          36.285169518856712,
          33.048385042902069,
          35.416447835544695,
          36.433227253834723,
          32.990019030217482,
          33.306563734756558,
          33.56693132595737,
          33.076478099770313,
          33.930694002747025,
          34.54067455492833,
          35.073354246911563,
          32.996212037889322,
          33.545606855953579,
          34.214211399858328,
          33.222771292082648,
          34.340943388489329,
          33.324249381108231,
          34.304966985903782,
          33.394851165237284,
          33.012540413661632,
          33.399397080954017,
          33.178579609621849,
          33.317150186630897,
          33.303533969942833,
          33.604553580315873,
          33.131314966373992,
          32.415168147090156,
          34.391324198994774,
          33.206056510760817,
          33.298267444075144,
          32.297225387042559,
          36.608158304562302,
          36.807098857635992,
          32.144601859194964,
          33.312311905426,
          32.566230674151655,
          31.645040266157526,
          31.989672617374019,
          32.183713589427228,
          31.81212631687545,
          33.187861519521725,
          32.949758040920919,
          33.572384528968719,
          32.418056200645083,
          32.018930900660131],
 'train': [296.08188117819918,
           294.23539953463154,
           289.20764336186363,
           311.42168660946771,
           278.41111257776146,
           287.29700900511125,
           293.68191773436445,
           272.50162328094609,
           291.2077237679739,
           276.4631643896048,
           270.03942179033771,
           269.56380588646294,
           265.9544145253443,
           266.6195362080021,
           268.21816172470545,
           265.76743597696708,
           261.7051432548738,
           279.25857998130209,
           278.36874653375793,
           283.2549166485083,
           256.61366136875557,
           260.83772168617384,
           261.55105390461506,
           262.07895858910422,
           267.84197374166979,
           260.01618124624923,
           254.09163755579746,
           264.87716934803626,
           253.02622545482254,
           257.92942018967739,
           255.43642276114343,
           246.90635412663934,
           269.87814351790553,
           252.4928288664581,
           263.66408136534864,
           252.71548569916013,
           245.90496226315412,
           244.13910099785784,
           267.23910078023624,
           255.10412360508417,
           258.00689973245665,
           241.06531302257665,
           274.89769496499508,
           259.58459380582099,
           239.79276688570596,
           238.53393325586572,
           239.07106456654435,
           237.3953204999286,
           250.32564035938034,
           243.38452576215826,
           248.27289595068299,
           234.88656856824224,
           235.75233792990784,
           241.4027089637477,
           238.79565333503353,
           240.76014637809737,
           241.95213699184595,
           248.84962107124002,
           235.97929196815429,
           232.07467936923939,
           238.89229188066207,
           231.84842311220822,
           240.41570567846543,
           239.98130620744158,
           234.05686625861998,
           230.87862866293636,
           231.66995396291122,
           238.58188887538361,
           231.42885503823479,
           232.00063338454393,
           226.93047146703415,
           256.83306349444513,
           255.76910413962668,
           228.25291597607855,
           233.18704075602224,
           227.99553732371768,
           227.30858182342422,
           224.79204587720193,
           225.15476259471887,
           224.64876800309466,
           229.89061520505746,
           241.72765875415402,
           253.29345542754808,
           225.31918100300294,
           234.16483556313088]}
