

epoch	train err	test err0	302.310910373	31.23810466571	296.386152332	29.84710690572	292.364165877	29.21281770463	284.489561722	29.26465889174	280.036427076	28.97985492515	275.909150108	28.011466466	273.804593936	28.44177122857	277.382543559	27.62707331328	275.773748536	28.88363710469	266.956848057	26.970945230110	282.576769341	29.963389047111	267.96542911	26.749590629912	261.511417713	26.59399883613	260.794008667	26.394687908314	260.721858107	26.788286525215	271.031154284	26.664067624316	261.687438179	27.183421942817	270.589787826	28.754565255518	257.700083431	25.951086952319	262.558978299	26.007527933220	258.593058619	27.028667443721	255.138624095	26.394060879122	253.770679787	26.122990335323	252.781760942	25.903675208724	256.727589893	25.5826248179

{'test': [31.238104665716662,
          29.847106905716572,
          29.212817704586378,
          29.264658891675602,
          28.979854925059563,
          28.01146646001455,
          28.441771228465562,
          27.627073313228152,
          28.883637104613239,
          26.970945230076953,
          29.963389047138882,
          26.749590629876163,
          26.59399883598044,
          26.39468790825007,
          26.788286525213906,
          26.66406762433844,
          27.183421942812199,
          28.754565255528245,
          25.951086952262898,
          26.007527933185727,
          27.028667443730331,
          26.394060879092322,
          26.122990335319443,
          25.903675208650405,
          25.582624817902278],
 'train': [302.3109103730331,
           296.3861523323551,
           292.36416587702138,
           284.48956172196341,
           280.03642707576688,
           275.90915010771835,
           273.80459393626836,
           277.38254355942433,
           275.77374853613605,
           266.9568480569535,
           282.57676934106973,
           267.96542910997476,
           261.51141771315008,
           260.79400866717083,
           260.72185810662211,
           271.03115428383506,
           261.68743817949456,
           270.5897878262756,
           257.70008343054923,
           262.55897829897816,
           258.59305861925594,
           255.13862409486359,
           253.77067978742562,
           252.78176094166429,
           256.72758989335375]}


epoch	train err	test err0	304.810411026	35.01011986971	300.742958872	34.81779882472	295.896669048	34.75697775053	292.838814912	34.08200935954	293.143584268	33.78654538895	279.018909155	33.19683932446	272.97209715	33.05306239047	272.377202362	32.40814738218	269.873145472	32.18338419179	264.422546399	31.973155519310	270.91104997	34.121694460311	261.417568523	31.689564030712	260.474535789	31.58990186113	260.943164812	31.527205297614	256.702967002	31.911303799615	258.581103098	32.351389919816	259.133940626	31.309439088417	255.428961327	31.119593224718	253.011968605	31.371065591519	255.938408848	31.008614103720	251.578693285	31.200273886621	250.25203577	30.793209054422	253.98284379	31.716769758423	255.292104175	31.923198707824	248.890928087	30.8650111894

{'test': [35.01011986969359,
          34.817798824680814,
          34.756977750488211,
          34.082009359477169,
          33.786545388859714,
          33.196839324446387,
          33.053062390376084,
          32.408147382109775,
          32.183384191660053,
          31.973155519343372,
          34.121694460330986,
          31.689564030693777,
          31.589901860985812,
          31.527205297579314,
          31.911303799588097,
          32.351389919803317,
          31.309439088390221,
          31.119593224670687,
          31.371065591483156,
          31.008614103656182,
          31.200273886648425,
          30.793209054396311,
          31.716769758438673,
          31.923198707797734,
          30.86501118935432],
 'train': [304.81041102574119,
           300.74295887157342,
           295.89666904786725,
           292.83881491241362,
           293.14358426810986,
           279.01890915513911,
           272.97209714994079,
           272.37720236224709,
           269.87314547220791,
           264.42254639947049,
           270.9110499696572,
           261.41756852316934,
           260.47453578877673,
           260.94316481183654,
           256.70296700180103,
           258.58110309798809,
           259.13394062598928,
           255.4289613265743,
           253.0119686052372,
           255.93840884786374,
           251.57869328549748,
           250.25203576989747,
           253.98284378992682,
           255.29210417518334,
           248.89092808732619]}


epoch	train err	test err0	301.974179971	35.71840514721	307.856460834	35.47949263232	296.210938948	35.34524195323	295.191316443	35.00420275484	293.078824017	35.37008048785	291.359188135	35.00915657136	296.183555081	34.37516626857	289.16791918	34.0881097458	284.823692645	33.97271596829	297.407048636	33.067337182810	276.36413176	31.62798661211	284.578238763	31.181376625912	272.540592976	30.246397567813	274.14590633	30.00413186714	262.901769545	29.918379964715	271.535208125	29.571785437116	263.583495778	29.16247200917	259.613974485	29.054489894618	263.967873376	30.96682875419	257.030082691	29.360596167520	256.331992132	28.808267878721	256.290341954	29.508328630522	255.949110794	28.507911256723	254.948497171	29.457171755624	253.191944241	28.5437726665

{'test': [35.718405147208223,
          35.4794926323395,
          35.345241953169094,
          35.00420275477758,
          35.370080487754748,
          35.009156571255865,
          34.375166268487824,
          34.088109744989389,
          33.972715968223177,
          33.067337182795811,
          31.627986611997908,
          31.181376625947777,
          30.24639756777799,
          30.00413186695792,
          29.918379964699522,
          29.57178543706085,
          29.162472008980316,
          29.054489894626361,
          30.966828753989628,
          29.360596167541672,
          28.808267878652273,
          29.508328630516807,
          28.507911256692864,
          29.457171755563532,
          28.543772666540626],
 'train': [301.9741799709949,
           307.85646083401508,
           296.21093894847814,
           295.19131644340604,
           293.07882401710958,
           291.35918813488007,
           296.18355508148528,
           289.16791918007698,
           284.8236926451188,
           297.40704863602855,
           276.36413175955744,
           284.57823876320015,
           272.54059297578385,
           274.14590633039012,
           262.90176954469587,
           271.53520812491581,
           263.583495777623,
           259.61397448481222,
           263.96787337646089,
           257.03008269119164,
           256.33199213206285,
           256.290341954459,
           255.94911079443159,
           254.94849717093655,
           253.19194424070997]}
