

epoch	train err	test err0	302.094999538	34.69480866571	294.972284195	33.94807395352	276.918543091	34.53414987423	282.573086304	37.41202197154	271.38905252	33.68610622375	268.395390182	34.40733512216	269.019048141	33.47593109077	267.251786999	33.48294252568	263.28076711	33.92890800369	266.428604391	33.311991285210	265.771794305	33.16850053911	283.792705917	33.856901112512	263.039202193	34.898274793313	260.357637302	34.306239556414	259.953114583	33.01133907315	257.9680338	33.375623618116	264.590676083	35.685758990217	255.826052352	33.33106726618	262.905309472	35.348971495219	254.333554512	33.209356685120	272.956715057	36.911756788221	259.955838169	32.441056548122	257.180007649	32.323082331823	259.937912868	34.978156827124	256.398187426	34.249491645625	250.135153491	32.8492058326	268.360796981	32.409091108227	255.163559523	34.300589870628	265.943418321	32.355063321329	254.903488015	34.498241456330	246.795978538	32.452588171331	252.126279917	33.753244848432	250.660018664	33.541480004933	257.771929471	34.986904887634	245.555869681	31.716964920335	248.20923349	31.498733265436	246.13684949	31.413773818837	255.670019692	34.356564651738	243.138003304	31.635038324739	244.909096135	31.265038226340	243.689236706	32.178104920641	251.68328663	31.097159418142	242.536879815	31.148578623943	248.154509315	30.984929785744	242.956288578	30.840769874345	243.476071002	32.077344260946	240.336132125	31.203534324247	239.975965229	31.11768684448	261.74490582	31.27648231249	239.471451821	30.930486013550	247.586713588	30.544612007551	238.983203708	30.56653831152	250.287937063	30.471186844953	249.722774009	33.306090992254	244.619562873	32.440718061555	240.205183496	31.573003937456	253.346071871	33.779184882957	237.450132306	30.253062451758	245.594725444	29.97554292659	247.67743886	30.074574217760	236.676977903	30.177031284961	241.818410981	29.900459771262	261.337178656	34.93404751363	244.880978927	32.309967948764	260.43513079	34.7349551714

{'test': [34.694808665702027,
          33.948073953531448,
          34.534149874153911,
          37.412021971529782,
          33.686106223693159,
          34.407335122104826,
          33.475931090674273,
          33.482942525571602,
          33.928908003620371,
          33.311991285248965,
          33.168500539011482,
          33.856901112469728,
          34.898274793335261,
          34.306239556417403,
          33.011339073047715,
          33.375623618094338,
          35.685758990232351,
          33.331067265961643,
          35.348971495225875,
          33.20935668510014,
          36.911756788249427,
          32.441056548110303,
          32.323082331782913,
          34.978156827121481,
          34.249491645618114,
          32.849205830013716,
          32.409091108173087,
          34.300589870590379,
          32.355063321296875,
          34.498241456262164,
          32.452588171349383,
          33.753244848417538,
          33.541480004856609,
          34.986904887612923,
          31.716964920304548,
          31.498733265382977,
          31.413773818781753,
          34.356564651657855,
          31.635038324675222,
          31.265038226322005,
          32.17810492064163,
          31.097159418113723,
          31.148578623862964,
          30.984929785704235,
          30.840769874325908,
          32.077344260904766,
          31.203534324157324,
          31.117686844026078,
          31.276482312045477,
          30.930486013541753,
          30.544612007528013,
          30.566538310986026,
          30.471186844941705,
          33.306090992198129,
          32.440718061466399,
          31.573003937354027,
          33.77918488291391,
          30.25306245171517,
          29.975542925972096,
          30.074574217738185,
          30.177031284913838,
          29.900459771234019,
          34.934047512967943,
          32.309967948731874,
          34.734955171383206],
 'train': [302.09499953803669,
           294.9722841952829,
           276.91854309128394,
           282.57308630435847,
           271.38905252039945,
           268.395390181756,
           269.01904814129881,
           267.25178699879137,
           263.28076711049766,
           266.42860439099616,
           265.77179430454265,
           283.79270591658036,
           263.0392021934307,
           260.35763730156339,
           259.95311458349522,
           257.96803379984499,
           264.59067608254378,
           255.82605235190698,
           262.90530947176609,
           254.33355451154017,
           272.95671505734884,
           259.95583816876524,
           257.18000764948783,
           259.93791286764548,
           256.3981874262127,
           250.13515349109795,
           268.36079698079919,
           255.16355952327257,
           265.94341832102924,
           254.9034880150127,
           246.7959785384563,
           252.126279917011,
           250.66001866355035,
           257.77192947083319,
           245.55586968139838,
           248.20923349043335,
           246.13684949045492,
           255.67001969229804,
           243.13800330375659,
           244.90909613491979,
           243.68923670602186,
           251.6832866298995,
           242.53687981549609,
           248.15450931476323,
           242.95628857766945,
           243.47607100199284,
           240.33613212484056,
           239.97596522872405,
           261.74490581963425,
           239.47145182111123,
           247.58671358758576,
           238.98320370833613,
           250.28793706319752,
           249.72277400897121,
           244.61956287297119,
           240.20518349610666,
           253.34607187069048,
           237.45013230629203,
           245.59472544445038,
           247.67743885982591,
           236.67697790312178,
           241.81841098131272,
           261.33717865646247,
           244.88097892676853,
           260.43513078960331]}


epoch	train err	test err0	302.402503694	32.18543534751	299.669148243	30.18125548452	289.028401304	26.9793086963	289.012384226	25.40067919414	289.452772193	25.26267044645	282.192778387	25.0025491536	276.617071119	25.93353185977	283.113599973	29.51613792578	277.384501721	24.96598238199	295.825035662	32.301023291710	275.664049851	28.023814520711	272.316482291	26.978428340712	286.784362485	25.103477622813	270.307997133	24.545878508314	268.008207743	25.961244275315	276.402331531	28.868668511516	266.814565264	24.122788363617	265.087982483	25.806911932318	274.185569283	28.537183162319	274.628473429	28.5740714520	262.011757878	25.030886389721	269.366589704	27.733235691322	266.689241503	27.040870461723	262.625974691	26.060751434624	261.38143432	23.696708963925	258.238577898	24.943637837226	257.458872284	23.672738567527	257.101770888	24.37076526828	259.537808258	24.196918941829	267.717551096	27.679340157230	254.431009338	24.819632800531	254.091006785	25.249835502532	271.260421301	28.515248983233	254.651129229	24.984231465834	264.320976945	27.243960363135	266.88398981	24.618278455436	250.789804688	24.056654352337	252.235629338	23.741681918138	256.136290802	26.301475265739	264.51537347	27.288045996440	251.639311137	23.061336023241	248.756316243	24.24167854642	256.981614426	26.350988055943	291.38687673	31.294343542644	247.021576312	24.108016091745	259.19972172	24.050862212346	250.110036313	23.700458719547	283.108381852	30.08411705148	267.704216161	28.016698106849	247.964045864	23.684672324350	257.499564282	26.858375479451	244.695215991	24.164888613952	248.411778916	24.265075836653	244.096490433	23.840866451354	253.191252006	25.772390839255	251.07818997	23.545604703156	242.737288433	23.739631814757	244.353266949	24.291817836458	242.634082258	23.215861871759	253.451141157	24.714498514160	253.019149816	23.511624566961	243.103279224	23.999591891762	244.824824835	24.303319003463	246.451667714	23.397223672764	245.901789501	24.5504485133

{'test': [32.185435347514513,
          30.181255484489199,
          26.979308696002274,
          25.400679194082837,
          25.262670446434626,
          25.002549152994295,
          25.933531859663589,
          29.516137925683523,
          24.965982381866468,
          32.301023291744166,
          28.023814520722123,
          26.978428340721184,
          25.103477622848555,
          24.545878508284709,
          25.961244275251431,
          28.868668511475423,
          24.122788363629947,
          25.806911932291975,
          28.537183162287512,
          28.574071450045231,
          25.030886389713793,
          27.733235691295029,
          27.040870461700436,
          26.060751434569987,
          23.696708963910126,
          24.943637837179423,
          23.672738567458165,
          24.370765268030354,
          24.196918941767958,
          27.679340157169975,
          24.819632800520658,
          25.249835502521929,
          28.51524898316314,
          24.984231465825545,
          27.2439603631104,
          24.618278455397675,
          24.056654352304829,
          23.741681918067158,
          26.301475265716963,
          27.288045996389187,
          23.061336023151206,
          24.241678545973375,
          26.350988055924375,
          31.294343542574119,
          24.108016091663675,
          24.050862212328461,
          23.700458719471271,
          30.084117051041005,
          28.016698106789356,
          23.684672324277813,
          26.858375479376619,
          24.164888613880123,
          24.265075836566723,
          23.840866451312458,
          25.772390839220492,
          23.545604703122862,
          23.739631814733656,
          24.291817836356955,
          23.215861871688912,
          24.714498514132163,
          23.511624566939073,
          23.999591891687725,
          24.303319003442184,
          23.397223672749185,
          24.550448513256647],
 'train': [302.40250369428941,
           299.66914824314847,
           289.02840130389092,
           289.01238422604871,
           289.45277219277904,
           282.19277838729431,
           276.61707111855657,
           283.11359997306954,
           277.38450172093621,
           295.82503566224239,
           275.66404985068789,
           272.31648229092832,
           286.78436248514629,
           270.30799713285813,
           268.00820774292475,
           276.40233153143822,
           266.81456526414149,
           265.08798248318323,
           274.18556928286785,
           274.62847342871788,
           262.01175787836212,
           269.3665897040712,
           266.68924150335363,
           262.62597469077826,
           261.38143432023071,
           258.23857789774587,
           257.45887228375187,
           257.10177088809326,
           259.53780825762919,
           267.7175510955758,
           254.43100933755497,
           254.09100678473581,
           271.26042130141383,
           254.65112922914489,
           264.32097694454569,
           266.88398980964263,
           250.78980468849579,
           252.2356293384461,
           256.13629080192686,
           264.51537346952483,
           251.63931113661016,
           248.75631624347818,
           256.98161442597132,
           291.38687672957656,
           247.0215763115547,
           259.19972172026849,
           250.1100363129006,
           283.10838185170951,
           267.70421616103272,
           247.96404586400351,
           257.49956428175341,
           244.69521599059041,
           248.41177891619284,
           244.09649043309278,
           253.19125200645652,
           251.07818997013328,
           242.73728843290931,
           244.35326694939135,
           242.63408225783002,
           253.45114115660874,
           253.01914981631055,
           243.10327922370243,
           244.82482483497421,
           246.45166771421833,
           245.90178950120554]}


epoch	train err	test err0	321.417281385	35.06647988381	288.57873722	32.99514216532	282.11569035	31.97254608513	280.735425815	32.17261022344	281.563076601	30.82565701095	275.652426355	30.85795269636	294.790572678	34.63980150017	294.010199392	30.95641185528	274.288768637	30.6303980029	271.932530004	29.262946067710	276.25663532	29.557794329911	283.958528448	29.722938337812	287.206872145	33.387782238813	282.261121278	29.512227736814	268.209297407	29.484474104815	274.703714799	31.055341478716	275.144079612	28.790060542117	264.943841071	28.705455880318	264.466897878	28.675335567319	265.468959847	29.229107597820	263.277535554	28.314425987221	262.184222203	28.237359913922	261.796592774	28.268680599223	272.857689342	27.825993228324	260.56098233	28.029950289825	261.491935759	28.499334104526	258.753792583	27.180582101927	267.114487528	27.493332790128	258.108422345	26.838298479429	257.411669998	26.672958075630	256.574494001	27.45758460531	264.577786324	29.251751360832	254.86704842	26.469446959633	254.918783753	26.164280989634	253.576841317	26.552667092135	253.402798587	26.801608216736	264.320708881	29.246568616137	272.57567049	30.598614304138	268.265244897	29.785936661839	258.780894944	28.061443003340	251.208454937	25.571915757541	262.183871228	28.650328957342	251.835466754	25.344525010643	251.252126643	26.263365048844	258.707885547	25.570868676545	252.0706455	26.802357644246	252.747360566	26.783865773747	260.921392553	25.696755225848	251.154584084	26.337546298849	249.341912832	26.264558046950	257.550120165	28.151884304551	251.276101947	26.574755932552	254.742746643	25.191450100153	253.476442126	26.981313853554	246.183593769	25.593796629955	247.532060459	24.772792987956	256.963636529	27.597863329357	254.60958699	24.792551148558	260.272234227	25.874875783559	248.311882116	24.215810820860	246.110194939	24.350691253161	245.721641837	24.546131345162	246.310261372	26.207982743963	248.372666896	24.543231753464	241.373474559	24.7221892096

{'test': [35.066479883819817,
          32.995142165254428,
          31.972546085111571,
          32.172610223423661,
          30.825657010917023,
          30.857952696257176,
          34.639801500101761,
          30.956411855156709,
          30.630398002047194,
          29.262946067711209,
          29.557794329859476,
          29.722938337808706,
          33.387782238796227,
          29.51222773680642,
          29.484474104775966,
          31.055341478720436,
          28.790060542112133,
          28.705455880285903,
          28.675335567341797,
          29.229107597814473,
          28.314425987223398,
          28.237359913886564,
          28.268680599208935,
          27.825993228320439,
          28.029950289824935,
          28.49933410450171,
          27.180582101862598,
          27.49333279008443,
          26.83829847938491,
          26.672958075561983,
          27.457584604971284,
          29.251751360849457,
          26.469446959600653,
          26.164280989588118,
          26.552667092130719,
          26.801608216731786,
          29.246568616056003,
          30.598614304066089,
          29.785936661825037,
          28.061443003334752,
          25.57191575751617,
          28.65032895731871,
          25.344525010560588,
          26.263365048799443,
          25.570868676549917,
          26.802357644224109,
          26.783865773692646,
          25.696755225814528,
          26.337546298783842,
          26.264558046852915,
          28.151884304467536,
          26.574755932472655,
          25.191450100056937,
          26.98131385348449,
          25.593796629859376,
          24.772792987902122,
          27.597863329261873,
          24.792551148547783,
          25.87487578346667,
          24.215810820821915,
          24.350691253133618,
          24.546131345124493,
          26.207982743903081,
          24.543231753383882,
          24.722189209614733],
 'train': [321.41728138465652,
           288.57873722018161,
           282.11569034980499,
           280.73542581484884,
           281.56307660104932,
           275.6524263553365,
           294.79057267758429,
           294.01019939193793,
           274.28876863697354,
           271.93253000444031,
           276.25663532011549,
           283.95852844763607,
           287.20687214486099,
           282.26112127824177,
           268.20929740742338,
           274.70371479874092,
           275.14407961214056,
           264.94384107133999,
           264.4668978776707,
           265.46895984665144,
           263.27753555413466,
           262.18422220339789,
           261.79659277361645,
           272.85768934176792,
           260.56098232968355,
           261.49193575887062,
           258.75379258302843,
           267.11448752771418,
           258.10842234478628,
           257.4116699983677,
           256.57449400050825,
           264.57778632431774,
           254.86704841973474,
           254.91878375347366,
           253.57684131679321,
           253.40279858676175,
           264.32070888051356,
           272.57567048955713,
           268.26524489669464,
           258.78089494413587,
           251.20845493719031,
           262.18387122822588,
           251.83546675401237,
           251.25212664268631,
           258.70788554674209,
           252.07064549992316,
           252.74736056618428,
           260.92139255322928,
           251.15458408440077,
           249.34191283154999,
           257.55012016474882,
           251.27610194718528,
           254.74274664260568,
           253.47644212596771,
           246.18359376945799,
           247.53206045862527,
           256.96363652910992,
           254.609586990173,
           260.27223422683596,
           248.31188211641771,
           246.11019493898513,
           245.72164183712061,
           246.31026137231515,
           248.37266689642621,
           241.37347455890264]}
