

epoch	train err	test err0	390.572008425	40.24600171671	279.162106634	36.0752380312	277.882497325	37.22307515623	271.989075893	35.99310665154	278.039589591	34.71146970185	269.18966439	36.34568162196	267.296041934	35.33929070687	295.176646872	34.2765925588	290.028195093	34.0333520599	278.894434154	38.043525386310	284.928971686	33.800211227211	308.486678153	34.363950516612	320.78403501	34.900612735513	269.251472681	36.861463079414	268.211507739	33.420984294715	258.526535614	34.813146647816	273.101239994	36.609780254417	280.016152626	33.164253360818	265.731340704	36.117628189419	259.259061836	35.391896099720	254.32310032	34.409856963521	253.623646067	33.674757415222	261.669447658	35.314981261123	282.924148713	32.728511505224	262.339568828	35.435744059325	260.086980945	35.107671242426	259.796900655	35.597873170427	251.509429531	34.341850003928	250.834251372	32.750191950629	261.728488432	32.12180445430	250.87311094	32.5060095731	260.309181502	32.023399984732	253.810768126	32.06859347233	253.775205771	34.674009785734	246.553493293	33.051234873935	257.963369059	35.003808889836	249.432302213	33.986617008237	248.751979374	31.957384622838	258.853509485	34.888518783639	255.896083715	34.426173037940	248.786463602	33.485183566441	244.785766408	32.570372393242	245.020879701	31.758471314243	243.320539627	32.198101443944	261.641581399	31.253684451945	243.865238191	32.082499170846	243.507045618	31.509772864647	242.013139438	31.661134023148	244.617006878	31.375339423249	270.925947016	36.828893578350	240.343045084	31.70815868951	251.168168463	33.875670127652	276.793793218	37.65320352353	251.189708088	30.66843879954	244.660408107	30.840451614155	240.532444293	31.573309092656	238.69512963	31.148750864857	239.384029352	31.978557276158	252.237346554	30.661308629859	248.978637571	33.669808012960	256.389666862	30.549811351561	237.347927719	31.439312102962	239.140830017	32.096569566863	269.861851526	36.802268016764	237.808309212	31.793079828565	247.736916192	33.535458100366	237.29007624	31.325663680467	262.677957358	35.819888875668	239.706910927	29.849363916969	236.564965759	30.837282464870	254.38388413	34.601791771371	246.341077958	30.049202257372	234.541114683	30.68929223773	261.701793506	30.154395327474	234.829857871	29.908702503475	237.851169123	30.31960846976	249.349524988	33.821523894677	237.710960636	29.727628933978	242.922148737	32.716832406379	247.970261675	29.555082244780	239.019132454	29.385191539281	270.411482947	30.091781199282	252.243082238	29.574499086183	268.208445629	36.603490374284	236.961689909	29.2610296141

{'test': [40.246001716749817,
          36.075238031018337,
          37.22307515621992,
          35.993106651547706,
          34.711469701843406,
          36.345681621942489,
          35.339290706761929,
          34.27659255799847,
          34.033352058998936,
          38.043525386304395,
          33.80021122719765,
          34.363950516564486,
          34.900612735455418,
          36.861463079416382,
          33.420984294654609,
          34.813146647790099,
          36.609780254364885,
          33.164253360835566,
          36.117628189381591,
          35.391896099650182,
          34.409856963459333,
          33.674757415217172,
          35.314981261087162,
          32.728511505209241,
          35.435744059339783,
          35.107671242388093,
          35.597873170441801,
          34.341850003872004,
          32.750191950563888,
          32.121804454047535,
          32.506009569980073,
          32.023399984707964,
          32.068593472024325,
          34.674009785662378,
          33.051234873920357,
          35.003808889813143,
          33.986617008226588,
          31.957384622809087,
          34.888518783636258,
          34.426173037907958,
          33.485183566367709,
          32.570372393153583,
          31.758471314200762,
          32.198101443921871,
          31.2536844519379,
          32.082499170826338,
          31.509772864610216,
          31.661134023145237,
          31.375339423177596,
          36.828893578297368,
          31.708158689019129,
          33.875670127588826,
          37.653203523037455,
          30.66843879900339,
          30.840451614096906,
          31.573309092583905,
          31.148750864796217,
          31.978557276099522,
          30.661308629792192,
          33.669808012856606,
          30.549811351482361,
          31.439312102928277,
          32.096569566822495,
          36.802268016679768,
          31.793079828469327,
          33.535458100264556,
          31.325663680372688,
          35.819888875572751,
          29.849363916894227,
          30.837282464776933,
          34.601791771319753,
          30.04920225729877,
          30.6892922370169,
          30.154395327378147,
          29.908702503439407,
          30.319608469004702,
          33.821523894559107,
          29.727628933904946,
          32.7168324063367,
          29.555082244694923,
          29.385191539219054,
          30.091781199152628,
          29.574499086075544,
          36.60349037419909,
          29.261029614097861],
 'train': [390.57200842488925,
           279.16210663420577,
           277.88249732546467,
           271.98907589279827,
           278.03958959053779,
           269.18966438959171,
           267.29604193427588,
           295.17664687175716,
           290.02819509291896,
           278.8944341539983,
           284.92897168623034,
           308.48667815260313,
           320.78403500999042,
           269.25147268051398,
           268.2115077386843,
           258.52653561367975,
           273.10123999353215,
           280.01615262579179,
           265.73134070398362,
           259.25906183601336,
           254.32310032013922,
           253.62364606663772,
           261.66944765800463,
           282.92414871320392,
           262.33956882759435,
           260.08698094462733,
           259.79690065470857,
           251.50942953132358,
           250.83425137161703,
           261.72848843222454,
           250.8731109403092,
           260.30918150216706,
           253.81076812612088,
           253.77520577108402,
           246.55349329333535,
           257.96336905859818,
           249.4323022134399,
           248.75197937357296,
           258.85350948484898,
           255.89608371469626,
           248.78646360169313,
           244.78576640813165,
           245.02087970087396,
           243.32053962701522,
           261.64158139879032,
           243.86523819056725,
           243.50704561830531,
           242.01313943767914,
           244.61700687801272,
           270.92594701577519,
           240.34304508400356,
           251.16816846269771,
           276.79379321811268,
           251.1897080883567,
           244.66040810743931,
           240.53244429271564,
           238.69512963013545,
           239.38402935239239,
           252.23734655373067,
           248.97863757120999,
           256.38966686238126,
           237.34792771880348,
           239.14083001718473,
           269.86185152598568,
           237.80830921161922,
           247.73691619199468,
           237.29007624027989,
           262.67795735845465,
           239.70691092749522,
           236.56496575854106,
           254.38388412977849,
           246.34107795789132,
           234.54111468288409,
           261.70179350585892,
           234.82985787124392,
           237.85116912345734,
           249.34952498811759,
           237.71096063642318,
           242.92214873695977,
           247.9702616745403,
           239.01913245360626,
           270.41148294675094,
           252.24308223763455,
           268.20844562884065,
           236.96168990937858]}


epoch	train err	test err0	301.24920397	28.5875854411	315.993702347	26.19889349772	286.469861802	26.71939509573	282.896200603	26.11624860534	297.685763852	25.38368432635	301.952160966	26.01398191266	292.386216451	25.7293612177	288.193602031	25.06728090348	279.829220373	25.02860493459	318.258998212	32.048638378110	274.713477305	24.696197980511	283.336856643	27.20591602512	271.554680755	24.880460896613	272.067849539	24.280524168414	270.199296041	25.04760799615	280.876074166	24.131442274116	313.178609761	30.96991368917	270.181347907	23.756362349918	268.161767175	23.797080707719	269.608910909	25.070403623220	303.199249048	24.944500999321	266.25985479	23.256286496122	307.656206527	29.912896115623	268.773086958	22.794655302324	279.792210625	26.180792985925	261.879884882	22.66042501826	278.255518967	25.533506543627	294.23808875	24.278748545928	270.366002532	24.156528123629	273.469086483	22.781139513430	264.806325645	22.405918280531	260.678287971	22.316879831132	260.212208361	22.531325184433	262.489744782	22.605142594634	262.843784629	23.316261509635	259.279059619	22.072973889236	257.781118134	22.871416118937	257.46211158	22.477332079938	257.224230447	21.964012731539	261.251875127	21.824107575540	256.615283921	21.848146320141	284.472617408	26.140691936142	257.972156327	22.434844684943	258.349522153	22.353963335944	255.268228734	21.768106561845	257.550199887	21.861517012146	261.913098709	21.711622938647	301.371201291	28.235015179848	261.876928714	21.287377738649	261.620036985	22.29471561650	255.578343801	22.085990268651	284.145905314	26.134961243352	252.901978791	21.656532866353	312.707821305	30.133210738654	252.623256425	21.532303047655	290.80647882	27.030387035156	253.167365101	21.31939023957	252.617558008	21.203652254358	251.854725923	20.495932990359	266.25466274	21.847635713260	341.309509283	33.368714795161	251.001041075	20.877893369162	249.404012232	21.003097140463	266.639610197	21.743745028964	287.507284183	22.992908605865	256.776783458	22.281589265466	276.263819175	22.098033345367	250.278421405	20.887684407968	283.441133538	25.437049897769	278.489750501	24.826024273670	254.091947638	21.0375375271	250.222701501	21.810760702672	257.144216257	21.940640097773	256.891337429	21.527773634374	248.477828349	20.553455539875	256.178762248	22.058145234876	248.536669536	20.111263774577	274.472806936	23.725126356178	248.060880618	19.681814206679	256.015291668	22.514296023280	260.396484892	22.328509326981	249.14394647	19.854424359482	259.48496285	20.803553267983	249.697054559	21.538802485984	268.416349522	22.1280318856

{'test': [28.58758544102221,
          26.198893497704248,
          26.719395095737255,
          26.116248605274023,
          25.383684326252396,
          26.013981912599885,
          25.729361216951695,
          25.067280903414822,
          25.028604934486403,
          32.048638378077833,
          24.696197980524357,
          27.205916024961031,
          24.880460896605936,
          24.280524168354802,
          25.047607996027484,
          24.131442274134379,
          30.969913689005093,
          23.756362349880259,
          23.797080707677129,
          25.070403623175352,
          24.944500999278642,
          23.256286496131523,
          29.912896115566951,
          22.794655302295798,
          26.18079298594235,
          22.660425017984277,
          25.533506543565622,
          24.27874854591758,
          24.156528123605163,
          22.781139513390237,
          22.405918280480403,
          22.316879831148739,
          22.531325184386382,
          22.60514259457198,
          23.316261509632966,
          22.072973889164981,
          22.871416118926721,
          22.477332079874476,
          21.964012731542095,
          21.824107575470787,
          21.848146320097783,
          26.140691936127471,
          22.43484468492511,
          22.353963335916564,
          21.768106561787764,
          21.861517012062826,
          21.71162293863582,
          28.235015179777264,
          21.287377738574847,
          22.294715615998332,
          22.085990268553942,
          26.13496124334473,
          21.65653286625065,
          30.133210738598457,
          21.532303047647098,
          27.03038703508285,
          21.319390238999766,
          21.203652254337179,
          20.495932990323382,
          21.84763571316368,
          33.368714795130494,
          20.877893369083544,
          21.00309714035388,
          21.743745028862655,
          22.992908605839556,
          22.281589265428298,
          22.098033345345485,
          20.887684407890667,
          25.437049897741456,
          24.826024273577797,
          21.037537520027634,
          21.8107607026277,
          21.940640097727041,
          21.527773634251083,
          20.553455539788246,
          22.058145234771633,
          20.11126377446535,
          23.725126356116956,
          19.681814206618814,
          22.514296023238405,
          22.328509326871362,
          19.854424359365101,
          20.80355326787792,
          21.53880248588278,
          22.128031885573904],
 'train': [301.24920397000398,
           315.99370234732908,
           286.46986180202111,
           282.89620060305248,
           297.68576385186861,
           301.95216096583277,
           292.38621645117911,
           288.19360203086109,
           279.82922037287733,
           318.2589982123157,
           274.71347730489936,
           283.3368566434624,
           271.55468075490342,
           272.06784953906157,
           270.1992960405309,
           280.87607416599076,
           313.17860976068096,
           270.1813479066401,
           268.16176717499224,
           269.60891090872411,
           303.19924904790128,
           266.25985479018181,
           307.65620652709941,
           268.7730869580821,
           279.79221062548839,
           261.87988488190831,
           278.25551896700671,
           294.23808875046444,
           270.36600253178182,
           273.46908648263275,
           264.80632564513246,
           260.67828797085309,
           260.21220836107852,
           262.48974478165735,
           262.84378462937946,
           259.27905961933391,
           257.78111813414051,
           257.46211158037363,
           257.22423044737423,
           261.25187512724915,
           256.6152839208284,
           284.47261740791487,
           257.97215632660158,
           258.34952215260336,
           255.26822873434071,
           257.55019988654368,
           261.91309870850563,
           301.37120129124509,
           261.87692871405454,
           261.62003698466276,
           255.57834380088693,
           284.14590531375211,
           252.90197879071241,
           312.7078213047298,
           252.62325642543658,
           290.80647881971151,
           253.16736510093847,
           252.61755800824693,
           251.85472592271125,
           266.25466274029151,
           341.30950928326206,
           251.00104107470861,
           249.40401223241759,
           266.6396101973985,
           287.50728418332113,
           256.77678345775035,
           276.26381917529744,
           250.27842140524967,
           283.44113353799838,
           278.48975050132265,
           254.09194763817439,
           250.22270150105675,
           257.14421625696968,
           256.89133742892164,
           248.47782834862301,
           256.17876224759954,
           248.53666953582541,
           274.4728069355416,
           248.06088061833239,
           256.01529166829903,
           260.39648489211811,
           249.1439464695062,
           259.48496285036998,
           249.69705455851818,
           268.41634952215685]}


epoch	train err	test err0	296.145358716	31.20303598251	385.029431032	46.23615976922	302.283119048	28.81871798483	276.521054371	28.43322628054	292.889836933	32.32754521725	288.967638397	27.94810689076	279.832153397	29.85592820327	278.15086651	29.66110579888	273.106009797	27.14668812449	285.85796562	31.72942433710	275.322591643	29.970759347211	277.53939411	30.826239349512	272.35884074	29.594507178613	262.752584541	27.009387098614	314.891430857	37.608020852915	271.475333507	30.304308440716	272.863334677	30.729330014117	282.018200315	26.84579467918	258.481266011	27.292309461319	265.241858502	29.473791292120	295.21671634	27.721838910821	260.205370504	26.164124851222	259.603023791	28.495351324423	254.804757374	26.702103589524	258.081790895	26.29434682125	253.742475847	26.27857602126	293.087621234	27.349867186627	253.474771399	27.106103222428	254.549697851	25.89107095329	251.475980945	26.537014467530	277.898295671	26.446285585531	251.674663928	25.885603415832	253.530911579	27.839098246633	250.896959215	25.799477568734	265.156316649	30.460989960835	248.295235431	26.22464417436	249.635224645	25.851308405637	249.486178297	25.790897349438	248.280252627	26.749231896339	251.362145667	25.568628651140	257.110021434	25.263902159241	252.468771623	25.311479685542	247.273271045	27.156771036643	280.106979544	33.751449312744	244.531857658	25.60392825645	268.241964998	25.555199093446	253.831167148	25.185093103247	262.371844059	25.249734563548	248.432900755	27.973953895349	247.513775111	27.868161192550	256.394994532	24.862795210251	242.758548473	26.490535095952	242.897273747	26.947654163953	248.778754675	24.93415356154	246.535190812	27.970983355355	250.128416123	28.916897094456	243.302601541	27.345165682457	239.809088691	26.271916002958	254.630745277	24.697414052959	240.883928755	26.962602278460	250.918893295	24.245917905861	238.198896531	25.199643994562	241.562525353	27.057717962363	246.462412463	28.572615063464	236.648950242	25.562676549865	237.895878279	24.402642044266	237.400221942	24.680120869267	259.237719954	31.108801223868	234.325427856	24.652298680969	239.105985624	27.09229458270	282.141266221	34.998247084371	233.569071414	25.052549689172	254.886494743	24.001965737373	235.941631349	26.466980111374	262.01442996	31.977412566375	237.227907862	23.708191408476	233.797267868	24.217493469177	231.020896084	24.263333091578	233.444891823	26.026196939579	237.379157619	27.182788317380	241.187251294	23.474838091781	232.985350844	24.238832896382	247.418013938	29.422824239383	230.298632338	25.206285207484	237.706364887	27.4733682891

{'test': [31.203035982486607,
          46.236159769187552,
          28.818717984758674,
          28.433226280487407,
          32.327545217174553,
          27.94810689074275,
          29.855928203245682,
          29.661105798844574,
          27.146688124388348,
          31.729424336979623,
          29.970759347231724,
          30.826239349509166,
          29.594507178623608,
          27.009387098569579,
          37.608020852944129,
          30.304308440673449,
          30.729330014120418,
          26.845794679048048,
          27.292309461296817,
          29.473791292057935,
          27.721838910802834,
          26.164124851194043,
          28.495351324354569,
          26.702103589494111,
          26.294346820951255,
          26.278576020969904,
          27.34986718658141,
          27.106103222380703,
          25.891070953045293,
          26.537014467522532,
          26.446285585458135,
          25.88560341577513,
          27.839098246643232,
          25.799477568748646,
          30.46098996075186,
          26.224644174027979,
          25.851308405610606,
          25.790897349426071,
          26.749231896348508,
          25.568628651087142,
          25.263902159171849,
          25.311479685468576,
          27.156771036626417,
          33.75144931273374,
          25.603928256009723,
          25.555199093388985,
          25.185093103225803,
          25.249734563515045,
          27.973953895325359,
          27.868161192531957,
          24.862795210168443,
          26.490535095895449,
          26.947654163919559,
          24.934153561006799,
          27.970983355287835,
          28.916897094387998,
          27.34516568237693,
          26.271916002915638,
          24.69741405285178,
          26.962602278353849,
          24.245917905826371,
          25.199643994477654,
          27.057717962347894,
          28.572615063434405,
          25.562676549779209,
          24.402642044185175,
          24.680120869161723,
          31.108801223797379,
          24.652298680868189,
          27.092294581962541,
          34.998247084323509,
          25.052549689135073,
          24.00196573727775,
          26.466980111311859,
          31.977412566271262,
          23.708191408376912,
          24.217493469055768,
          24.263333091524892,
          26.026196939454955,
          27.182788317292506,
          23.47483809174166,
          24.238832896273223,
          29.422824239293799,
          25.20628520739459,
          27.473368289091006],
 'train': [296.14535871635377,
           385.0294310324785,
           302.28311904771095,
           276.52105437088994,
           292.8898369330297,
           288.96763839722371,
           279.83215339748074,
           278.150866510203,
           273.10600979726848,
           285.85796561988474,
           275.32259164261654,
           277.53939410993161,
           272.3588407401125,
           262.75258454101709,
           314.89143085695866,
           271.47533350686251,
           272.86333467735932,
           282.01820031541098,
           258.48126601141581,
           265.2418585019002,
           295.21671634024062,
           260.20537050429988,
           259.60302379078018,
           254.80475737427298,
           258.08179089463169,
           253.74247584664505,
           293.08762123423185,
           253.47477139915293,
           254.54969785149024,
           251.47598094536633,
           277.89829567074781,
           251.67466392849227,
           253.53091157892342,
           250.89695921478449,
           265.15631664941981,
           248.2952354311704,
           249.6352246447299,
           249.48617829661677,
           248.28025262673304,
           251.36214566671384,
           257.11002143449196,
           252.46877162313496,
           247.27327104485587,
           280.10697954436716,
           244.53185765821644,
           268.24196499846721,
           253.83116714821347,
           262.37184405881351,
           248.43290075505001,
           247.51377511124241,
           256.39499453221072,
           242.75854847332928,
           242.89727374669957,
           248.77875467482596,
           246.53519081220517,
           250.12841612325821,
           243.30260154056478,
           239.80908869142309,
           254.63074527699928,
           240.88392875506477,
           250.91889329453082,
           238.19889653125122,
           241.56252535257869,
           246.46241246298925,
           236.64895024185608,
           237.89587827949507,
           237.40022194244008,
           259.23771995441626,
           234.32542785580387,
           239.10598562396984,
           282.14126622100076,
           233.56907141376172,
           254.88649474317589,
           235.94163134873835,
           262.01442996031375,
           237.22790786157705,
           233.7972678683789,
           231.02089608420491,
           233.44489182328775,
           237.37915761939493,
           241.18725129363096,
           232.98535084419262,
           247.41801393772937,
           230.29863233833129,
           237.70636488692722]}
