

epoch	train err	test err0	305.655386272	36.73497645151	305.071262573	36.59355108362	301.140600057	36.56676096733	296.852508398	36.47638778734	292.922723563	36.06955673035	285.73735083	36.13163071676	280.951377399	35.63578822897	278.407653101	34.94647922188	272.512285601	35.8676802999	269.500496137	35.845626254710	269.440218107	34.036873758711	266.814122544	33.96861667312	264.210075436	35.888237819513	261.965872874	34.969199309614	261.470167033	35.48794151815	260.820365792	33.855352667416	263.247683979	36.960468519917	258.263533651	35.25242753418	261.691139412	36.877051536819	256.246568341	34.964373830320	255.073776379	34.532195728621	254.339230788	33.997403812722	253.520367357	33.879767919623	264.58340062	32.41261936924	269.933704529	32.270620081125	251.664817159	33.530248323126	250.477077337	34.550519407627	250.446198423	35.015981584128	252.142661268	35.954287009429	248.205533032	34.054039107930	250.290237739	35.676214950831	249.004269655	32.974252618732	247.168519917	33.288312584333	253.161916488	36.853749773534	259.317939652	32.018936257135	248.891490862	32.541320906636	253.531748878	32.129582941537	243.853905446	34.202319103338	244.643614294	32.933774886239	243.302518926	34.52718909940	244.756763701	35.358851568141	244.256624595	32.686604605742	243.155581452	35.156346174443	241.942208942	32.973417782344	240.205519653	33.806581263645	241.240632218	34.892699801446	241.627167992	32.709714852647	242.618503896	35.692931767748	239.17427178	33.189032006449	241.321442134	32.529011105650	238.286451601	33.209958423351	242.463820679	32.292877961452	244.868947389	36.630662450453	241.645631795	32.274972983754	241.19031181	32.28730207855	236.761692598	34.464280662856	235.756675292	33.614379624457	235.710255697	34.102117559758	235.253069989	33.908295338159	235.293495349	33.183828209660	249.226407704	31.760653190261	234.389078769	33.472768879762	234.284129383	33.983091010763	244.899944561	31.841560207764	235.945798647	35.074712283565	236.628356761	32.41501414866	238.765252869	32.134643681667	238.104083624	35.897052501968	239.622820715	36.346851402569	235.653606539	32.421138208970	240.509339115	36.588967403671	234.11257716	32.556428121272	233.045981283	34.488052260273	235.072358277	32.331356643774	240.461594082	36.75658142375	231.59773996	33.999437918676	238.684798701	31.971317510877	232.100907253	32.801844433378	282.373333948	32.061664973179	234.881238096	32.242782841680	234.192677925	35.436169234581	238.205563359	36.477532696382	250.278745327	38.82001818583	279.570127445	31.984890620184	233.354092892	32.2959378875

{'test': [36.734976451450592,
          36.593551083589709,
          36.566760967341231,
          36.476387787260045,
          36.069556730346811,
          36.131630716742379,
          35.635788228932896,
          34.94647922182191,
          35.867680299009663,
          35.845626254701415,
          34.03687375872876,
          33.968616673049631,
          35.888237819543249,
          34.969199309583693,
          35.48794151798365,
          33.855352667427177,
          36.960468519872016,
          35.252427534048969,
          36.877051536788926,
          34.964373830283307,
          34.532195728579296,
          33.997403812682151,
          33.879767919622502,
          32.412619368983407,
          32.270620081083493,
          33.530248323093112,
          34.550519407629963,
          35.01598158406685,
          35.954287009443085,
          34.054039107910491,
          35.676214950827756,
          32.974252618687871,
          33.288312584253511,
          36.853749773534496,
          32.018936257139529,
          32.541320906611325,
          32.129582941464264,
          34.202319103321784,
          32.933774886160883,
          34.52718909899933,
          35.358851568083153,
          32.686604605663106,
          35.156346174425835,
          32.973417782338743,
          33.806581263575382,
          34.892699801367776,
          32.70971485255577,
          35.692931767715443,
          33.189032006424682,
          32.529011105634112,
          33.209958423292811,
          32.292877961368667,
          36.630662450416089,
          32.274972983690816,
          32.287302078005226,
          34.464280662823796,
          33.614379624360403,
          34.10211755967493,
          33.908295338070985,
          33.18382820955199,
          31.7606531902481,
          33.47276887970667,
          33.983091010730895,
          31.84156020769511,
          35.074712283487337,
          32.41501414795281,
          32.134643681637236,
          35.897052501949148,
          36.346851402529886,
          32.421138208914364,
          36.588967403596797,
          32.556428121160231,
          34.488052260212505,
          32.33135664370748,
          36.756581422968672,
          33.999437918591617,
          31.971317510798137,
          32.801844433276059,
          32.061664973089499,
          32.242782841649237,
          35.436169234468586,
          36.477532696275453,
          38.8200181850235,
          31.98489062012845,
          32.295937887515279],
 'train': [305.65538627195446,
           305.0712625728861,
           301.14060005674799,
           296.85250839825579,
           292.92272356338708,
           285.73735083038645,
           280.95137739872337,
           278.40765310104166,
           272.51228560063595,
           269.50049613716038,
           269.44021810701003,
           266.8141225442975,
           264.21007543569959,
           261.96587287374842,
           261.47016703282486,
           260.8203657924268,
           263.24768397876551,
           258.26353365119132,
           261.69113941218887,
           256.24656834050592,
           255.0737763792433,
           254.33923078811168,
           253.52036735732185,
           264.58340062033272,
           269.93370452943651,
           251.6648171592476,
           250.47707733724897,
           250.44619842256208,
           252.14266126765958,
           248.20553303184968,
           250.29023773921188,
           249.00426965506637,
           247.16851991668972,
           253.16191648815132,
           259.31793965216542,
           248.89149086172534,
           253.53174887830778,
           243.85390544638403,
           244.64361429367398,
           243.30251892598321,
           244.75676370097381,
           244.25662459533905,
           243.15558145217344,
           241.94220894182502,
           240.20551965307055,
           241.24063221846205,
           241.62716799208403,
           242.61850389585129,
           239.17427178011064,
           241.32144213379431,
           238.28645160094021,
           242.46382067938896,
           244.86894738900855,
           241.64563179460905,
           241.19031180975836,
           236.76169259797445,
           235.75667529226044,
           235.71025569701993,
           235.25306998938674,
           235.29349534949841,
           249.22640770396353,
           234.38907876880819,
           234.28412938317194,
           244.89994456090716,
           235.945798646562,
           236.62835676109543,
           238.7652528686522,
           238.10408362357447,
           239.62282071526721,
           235.65360653873677,
           240.50933911463028,
           234.1125771601501,
           233.04598128257297,
           235.07235827747212,
           240.46159408242863,
           231.59773996013038,
           238.6847987006345,
           232.10090725289322,
           282.37333394841983,
           234.8812380956476,
           234.1926779249211,
           238.20556335948203,
           250.27874532677242,
           279.57012744487656,
           233.35409289160754]}


epoch	train err	test err0	311.918904492	33.1049093161	306.996357642	31.94586483072	303.556780125	31.32675830083	300.955742258	31.29179549324	295.137858098	30.37788194925	290.951221431	30.10114349086	285.716199875	29.4522835227	280.566465183	28.44271365048	280.886049009	29.35396227289	277.999497595	29.079757699610	278.718921032	29.479625402811	271.303224295	27.788178346412	270.818734955	27.358934182413	269.094841227	27.720193729314	270.547456019	28.452546038615	267.053274152	27.49389721216	266.162500963	27.530723735617	265.589512682	27.645783851318	264.582870398	27.415778244219	263.92060224	27.400061718220	273.086102501	29.301337726321	270.173395342	28.920293833722	265.482582547	26.833822183723	261.912025791	27.563187196224	260.964439033	27.416835424825	263.333606894	26.759180998526	264.437012696	28.238196114227	259.008959134	27.224234274128	259.624574927	26.711778402529	263.680245738	26.679095086130	261.016193897	27.852959969331	261.332867749	26.590589535532	257.530515551	27.331362670633	255.705876386	26.61427594234	292.838027194	31.896593504535	257.492543275	27.476634637436	257.392660895	27.50157413337	253.28505898	26.528511691938	264.016914153	28.491009377839	257.851262825	26.343339327740	258.874986064	27.818392500241	253.406141424	27.001551952242	253.408010767	27.043981664443	250.589740352	26.380899262244	250.283040972	26.247591520245	250.359775169	26.133794797346	250.10076559	26.102028720847	254.343070091	27.312504655648	249.70518694	26.0069780449	248.503782802	26.307848347750	247.986160433	26.211945997251	248.22013798	26.382508043852	247.34808586	25.974280749653	247.24076719	25.887787223454	246.581284411	25.894864942355	248.027326396	25.698106534756	247.40945987	25.65792387557	249.830205193	25.661739842558	248.41083743	26.568657444659	258.687755852	28.014918189460	245.721690033	25.544951368261	267.224768948	26.301367420362	246.735699302	26.328959132163	248.047200019	25.417060083464	243.825368917	25.669079368165	243.533367284	25.567055668466	244.880992466	25.327861011567	254.507858397	27.484434959868	243.094729305	25.356941810269	298.526582603	32.736435583270	247.58549257	25.218243226671	254.826565517	27.543084294772	247.474214145	26.516806801373	253.602205929	27.37734697474	241.819173674	25.433609794875	243.145868641	25.79372232176	241.796306368	25.49444281777	242.234999761	25.010144669778	243.265482917	25.841157370179	253.323408835	25.248044139980	259.147386371	25.528736044181	272.454687633	29.694918352482	240.477543475	24.992079056683	240.2134853	25.030600285684	242.635579923	24.8276972038

{'test': [33.1049093160157,
          31.945864830695143,
          31.326758300768695,
          31.291795493240947,
          30.377881949233558,
          30.101143490813108,
          29.452283522012458,
          28.442713650429269,
          29.353962272820393,
          29.079757699606827,
          29.479625402782801,
          27.788178346370046,
          27.358934182350723,
          27.720193729335442,
          28.45254603862379,
          27.493897212033506,
          27.530723735576807,
          27.645783851301221,
          27.415778244230431,
          27.400061718215575,
          29.301337726349075,
          28.920293833734252,
          26.833822183673515,
          27.563187196167224,
          27.416835424810948,
          26.759180998526048,
          28.238196114247664,
          27.224234274083624,
          26.711778402497561,
          26.679095086066575,
          27.852959969309335,
          26.590589535547814,
          27.331362670573757,
          26.614275941950638,
          31.896593504472907,
          27.476634637419338,
          27.501574133001302,
          26.528511691933922,
          28.491009377840456,
          26.343339327722035,
          27.818392500189482,
          27.001551952243776,
          27.043981664388532,
          26.380899262163158,
          26.247591520167784,
          26.133794797276298,
          26.102028720770615,
          27.31250465559242,
          26.006978040023196,
          26.307848347651593,
          26.211945997172702,
          26.382508043800264,
          25.974280749612277,
          25.887787223394497,
          25.89486494229747,
          25.698106534738816,
          25.65792387499333,
          25.661739842526185,
          26.568657444618818,
          28.014918189385178,
          25.544951368216594,
          26.301367420251125,
          26.328959132090464,
          25.417060083411144,
          25.669079368102011,
          25.567055668354474,
          25.327861011534033,
          27.48443495982853,
          25.356941810181162,
          32.736435583162631,
          25.218243226558091,
          27.54308429465539,
          26.516806801285803,
          27.377346974009257,
          25.433609794777933,
          25.793722320957531,
          25.494442817041875,
          25.010144669727556,
          25.841157370144334,
          25.24804413986428,
          25.528736044050142,
          29.694918352395796,
          24.992079056645451,
          25.030600285585912,
          24.827697203784233],
 'train': [311.91890449168011,
           306.9963576424056,
           303.55678012452086,
           300.95574225828341,
           295.13785809793973,
           290.95122143065504,
           285.71619987465249,
           280.56646518312346,
           280.88604900886867,
           277.99949759547036,
           278.71892103245477,
           271.30322429523005,
           270.81873495506795,
           269.09484122722756,
           270.54745601861424,
           267.05327415170973,
           266.1625009633774,
           265.58951268154999,
           264.58287039844799,
           263.92060224026483,
           273.08610250050373,
           270.17339534248282,
           265.48258254730206,
           261.91202579057705,
           260.96443903332903,
           263.33360689382692,
           264.43701269632317,
           259.00895913422102,
           259.62457492731011,
           263.68024573786425,
           261.01619389734407,
           261.33286774910465,
           257.53051555128997,
           255.70587638603794,
           292.83802719382396,
           257.49254327513205,
           257.39266089527786,
           253.28505897957595,
           264.01691415310074,
           257.85126282548003,
           258.87498606425237,
           253.40614142392431,
           253.40801076681305,
           250.58974035246266,
           250.28304097175482,
           250.35977516889886,
           250.10076559023526,
           254.34307009058645,
           249.7051869397352,
           248.50378280214275,
           247.98616043281129,
           248.22013797986139,
           247.34808586010732,
           247.2407671897069,
           246.58128441053151,
           248.0273263964238,
           247.40945986991807,
           249.83020519311185,
           248.41083742973368,
           258.68775585150144,
           245.72169003305734,
           267.22476894766186,
           246.73569930210536,
           248.04720001867497,
           243.82536891703364,
           243.53336728383636,
           244.88099246649438,
           254.50785839663172,
           243.09472930490611,
           298.52658260311671,
           247.58549256993288,
           254.82656551747007,
           247.47421414501292,
           253.60220592865892,
           241.81917367411435,
           243.14586864146744,
           241.79630636843254,
           242.23499976110918,
           243.26548291687021,
           253.32340883510622,
           259.14738637095837,
           272.45468763329512,
           240.47754347547965,
           240.21348530006765,
           242.63557992335848]}


epoch	train err	test err0	314.353535417	31.35079164471	309.629848064	29.63249728332	307.224877364	29.38181747533	303.144387237	28.58226678084	300.340844771	27.09452405845	294.449201308	28.19386843566	288.820365689	26.383947447	287.063469889	26.96598300148	283.179191428	24.92702650669	280.626030479	25.463282658410	279.977976116	24.013097348511	276.640528249	24.099862415812	287.579616605	23.878782502313	274.533116355	23.940008695614	274.383395577	23.401000891215	275.375004209	23.213869269516	272.680443753	23.220710215317	273.131047508	24.644684093718	272.944625763	22.964526934419	271.393216926	24.409184302720	269.945056025	22.900884683321	267.955488129	23.179875345822	279.574168282	26.941535472423	266.570735206	23.28587720724	267.931457541	22.621000456525	266.809525151	22.630731866326	265.553967846	23.71922117827	265.27694723	22.634086668728	265.550163778	24.11693171429	266.530369088	24.569442247930	265.609546839	24.444181678331	290.298690087	30.079795136432	273.986089971	22.498391375433	270.826226446	26.163505531634	277.581439946	27.844558445735	259.807604873	22.9289438736	265.533412246	22.176965019937	267.682008153	22.21998949838	258.584466061	22.554057457839	263.9161044	25.32195016640	269.730650029	26.864168311841	256.654013857	22.805162630742	256.123432246	22.924168034443	255.798000694	23.155989440844	255.518072605	22.679826209445	254.719048549	23.220510894146	254.933042965	22.412502309847	254.034181657	22.555698259148	264.283633287	22.168655942449	258.416182578	25.459293723550	251.923277041	23.101886688151	265.536869462	27.56859086252	251.999181181	22.452560191453	251.019797302	23.685431342354	271.681038811	29.276818190655	249.835501208	23.650532930256	251.104136106	22.379546166657	267.417528065	28.767882423258	249.892760631	22.464294650359	261.157869826	22.20695941360	250.914580693	22.27988275361	264.71631824	28.669223308262	247.186870246	23.990290247463	256.684791789	22.148792020164	246.132614139	22.888072083665	246.06353457	22.841052022766	245.076518044	23.614497109367	245.514650938	24.219001710368	252.836392164	22.189489554969	245.637277868	22.611581881870	257.57736578	28.07126064971	243.597443873	23.017859136572	262.064509258	22.339758706673	243.030176785	22.945227178374	242.884909782	22.882862088575	242.403520754	22.928560747476	242.442304096	22.855254968777	242.913930363	24.613297386978	241.023740894	23.593658026679	242.316436146	22.728807024980	241.031845842	23.044859542981	250.548374243	22.250600786182	243.731844334	22.478581306983	239.564748182	23.762110307884	239.272637259	23.3847328482

{'test': [31.350791644662877,
          29.632497283331077,
          29.381817475326852,
          28.582266780813065,
          27.094524058357663,
          28.193868435634236,
          26.383947439951648,
          26.965983001386959,
          24.92702650657365,
          25.463282658412066,
          24.01309734852542,
          24.099862415804189,
          23.878782502265555,
          23.940008695641176,
          23.40100089118857,
          23.213869269477968,
          23.220710215305786,
          24.644684093672375,
          22.964526934355671,
          24.409184302651248,
          22.900884683314864,
          23.179875345754862,
          26.941535472364325,
          23.285877207039618,
          22.621000456483888,
          22.630731866268537,
          23.719221178045309,
          22.63408666874134,
          24.116931714035836,
          24.569442247944739,
          24.444181678342758,
          30.079795136419399,
          22.498391375383015,
          26.163505531559323,
          27.844558445689295,
          22.928943870018966,
          22.176965019864088,
          22.219989497959936,
          22.55405745779127,
          25.321950166033492,
          26.86416831177949,
          22.805162630676186,
          22.924168034373054,
          23.155989440845861,
          22.679826209385158,
          23.220510894078256,
          22.412502309799596,
          22.555698259089645,
          22.168655942402108,
          25.459293723525718,
          23.10188668814456,
          27.568590862041511,
          22.452560191389807,
          23.685431342331078,
          29.276818190638192,
          23.650532930224571,
          22.379546166578244,
          28.767882423189178,
          22.464294650258807,
          22.206959412951615,
          22.279882753044483,
          28.669223308200312,
          23.990290247404921,
          22.14879202011862,
          22.888072083606968,
          22.841052022699756,
          23.614497109288187,
          24.21900171026622,
          22.189489554906483,
          22.611581881830809,
          28.071260648979674,
          23.017859136467649,
          22.339758706601014,
          22.945227178252669,
          22.882862088501049,
          22.928560747371897,
          22.855254968738347,
          24.6132973869293,
          23.593658026588447,
          22.728807024857144,
          23.04485954293262,
          22.250600786062815,
          22.478581306913192,
          23.762110307791978,
          23.384732848163324],
 'train': [314.35353541653768,
           309.62984806411924,
           307.22487736387393,
           303.14438723738687,
           300.34084477147593,
           294.44920130834419,
           288.82036568898457,
           287.0634698892253,
           283.17919142752231,
           280.62603047865946,
           279.9779761160608,
           276.64052824862603,
           287.57961660511864,
           274.53311635502718,
           274.38339557724834,
           275.37500420850535,
           272.68044375278475,
           273.13104750836902,
           272.94462576305472,
           271.39321692620359,
           269.94505602544353,
           267.95548812882231,
           279.57416828242373,
           266.57073520623146,
           267.9314575412771,
           266.8095251507321,
           265.55396784555137,
           265.27694723039076,
           265.55016377766941,
           266.53036908752426,
           265.60954683875866,
           290.29869008659057,
           273.98608997087564,
           270.82622644586525,
           277.58143994588812,
           259.8076048733684,
           265.53341224599859,
           267.68200815260087,
           258.58446606096953,
           263.91610439969344,
           269.7306500289132,
           256.65401385672362,
           256.12343224562028,
           255.79800069365518,
           255.51807260539226,
           254.71904854877749,
           254.93304296513654,
           254.03418165742718,
           264.28363328658435,
           258.41618257814332,
           251.92327704070041,
           265.53686946169239,
           251.9991811813251,
           251.01979730205949,
           271.68103881088638,
           249.83550120762928,
           251.10413610568617,
           267.4175280653248,
           249.89276063124058,
           261.15786982574605,
           250.91458069346558,
           264.71631823971916,
           247.18687024608695,
           256.68479178864908,
           246.13261413924076,
           246.06353456983967,
           245.07651804404946,
           245.51465093801789,
           252.83639216364784,
           245.6372778678855,
           257.57736578002891,
           243.59744387326032,
           262.064509258116,
           243.030176784807,
           242.88490978158518,
           242.40352075350887,
           242.44230409597526,
           242.91393036319903,
           241.0237408937825,
           242.31643614615075,
           241.03184584219397,
           250.54837424288934,
           243.73184433418382,
           239.56474818178705,
           239.27263725857364]}
