

epoch	train err	test err0	299.322750684	32.65129922551	312.650542003	33.68179138992	281.859407291	29.95845521873	281.582486749	29.79031281114	276.284498881	29.2399681155	274.031625752	28.99238184456	279.499911296	29.49341358817	279.069112696	29.45913517478	273.369514836	28.88112961079	271.996642469	28.77565539410	268.998490874	28.578200961211	273.828493407	29.277640263212	270.643528558	28.710437666113	265.080864851	28.188475448914	267.787996117	28.621696123615	266.921104893	28.349744016716	263.026908286	27.979781296617	263.589111137	28.043691147918	260.391894302	27.7713380119	271.594392599	29.356765053820	266.127413288	28.447670766121	258.563047223	27.776450722	259.503358327	27.780947785423	256.732041113	27.668099996724	257.209028304	27.750026799125	282.179497987	30.877859594126	262.830969837	28.578898161127	255.248402152	27.668656403728	278.753305319	30.534446141229	260.07553592	28.343769576430	256.297548781	27.904479705331	254.060078385	27.533662515832	251.246012267	27.251445588133	251.150423258	27.329194450434	250.626617646	27.171074384935	250.133754876	27.314938457736	272.016619816	29.637984599137	254.465540395	27.886507799538	250.377809044	27.390795372439	247.932725425	27.119048187640	252.553443452	27.58855755441	247.811750916	27.131863786342	250.011024024	27.392359789543	247.920155727	27.258369643944	246.683703618	27.102488487745	246.343251598	27.155079045146	245.002023717	26.98176728647	245.108855432	26.980476823748	243.929381503	26.850249447849	246.46531146	27.171278144350	244.932397074	27.037260465451	243.164897387	26.809776648652	245.726271106	27.102847484153	244.064006863	26.974490153254	242.399386439	26.812087848355	245.274551028	27.066619082656	241.968000633	26.737902723257	241.138791248	26.636002049358	250.59088808	27.659342346859	243.415985566	26.889529639960	243.229756155	26.860049547761	259.015008016	28.574437719762	246.975882767	27.207413958763	268.214843419	29.611585910564	240.212894175	26.522156258665	239.030771853	26.407222953466	239.92562107	26.528971297267	249.005846075	27.540835147768	238.450562067	26.361740442569	238.274464846	26.336587599370	242.410001607	26.715573645971	256.820455929	28.413110828772	287.272704295	31.244336039973	286.278025348	31.145748390574	261.279562726	28.929685743975	237.097615458	26.206516967576	239.288183738	26.475535890977	254.771051809	27.905150077778	246.258679008	27.059258442479	247.484285994	27.165112380680	247.537801364	27.168426005681	249.131874238	27.298749830982	250.706483771	27.757073777983	238.850249459	26.399818208384	262.012240749	29.0059550754

{'test': [32.651299225488046,
          33.681791389910323,
          29.958455218708956,
          29.790312811062456,
          29.239968115038362,
          28.992381844521397,
          29.493413588110009,
          29.459135174737874,
          28.88112961073956,
          28.775655393977857,
          28.578200961151971,
          29.277640263206294,
          28.710437666111861,
          28.188475448949148,
          28.621696123575269,
          28.349744016712641,
          27.979781296634943,
          28.043691147883678,
          27.77133801004938,
          29.356765053849745,
          28.447670766113141,
          27.776450700048603,
          27.780947785390342,
          27.668099996697539,
          27.750026799057242,
          30.877859594118778,
          28.578898161094884,
          27.668656403677868,
          30.534446141172189,
          28.343769576362561,
          27.90447970528399,
          27.533662515777753,
          27.251445588077409,
          27.32919445041107,
          27.171074384931735,
          27.314938457742006,
          29.637984599136566,
          27.88650779954191,
          27.390795372413741,
          27.119048187584564,
          27.588557553955972,
          27.131863786266265,
          27.392359789502649,
          27.258369643856746,
          27.102488487658029,
          27.155079045108479,
          26.98176728595238,
          26.980476823727585,
          26.850249447835449,
          27.171278144292405,
          27.037260465392631,
          26.809776648570733,
          27.10284748408327,
          26.974490153170727,
          26.812087848269169,
          27.066619082572103,
          26.737902723153109,
          26.636002049293243,
          27.659342346793625,
          26.889529639939997,
          26.860049547749945,
          28.574437719663841,
          27.207413958707754,
          29.611585910497418,
          26.522156258603175,
          26.407222953406233,
          26.528971297226288,
          27.540835147738704,
          26.361740442522347,
          26.336587599304035,
          26.71557364589696,
          28.413110828694389,
          31.244336039945665,
          31.145748390528308,
          28.929685743880313,
          26.206516967473117,
          26.475535890923034,
          27.905150077671685,
          27.059258442397621,
          27.165112380635044,
          27.168426005643969,
          27.298749830913714,
          27.757073777919388,
          26.39981820827526,
          29.005955075434859],
 'train': [299.32275068357393,
           312.65054200328592,
           281.85940729131141,
           281.58248674865757,
           276.2844988806828,
           274.03162575239895,
           279.49991129568326,
           279.069112696123,
           273.36951483558005,
           271.9966424692002,
           268.99849087393972,
           273.82849340701682,
           270.64352855778401,
           265.08086485132202,
           267.78799611676453,
           266.92110489314126,
           263.02690828567296,
           263.58911113726072,
           260.3918943019691,
           271.59439259927092,
           266.12741328785063,
           258.56304722303383,
           259.50335832676581,
           256.73204111346212,
           257.20902830435784,
           282.17949798671339,
           262.83096983734703,
           255.24840215191378,
           278.7533053190445,
           260.07553592045309,
           256.29754878086948,
           254.06007838543184,
           251.24601226679181,
           251.15042325806911,
           250.62661764633805,
           250.13375487586313,
           272.01661981598113,
           254.46554039515695,
           250.37780904446302,
           247.93272542459661,
           252.55344345244578,
           247.81175091553482,
           250.01102402383282,
           247.9201557267474,
           246.68370361848059,
           246.34325159763432,
           245.00202371654734,
           245.10885543153353,
           243.92938150285164,
           246.4653114597522,
           244.93239707380607,
           243.16489738745145,
           245.72627110631186,
           244.06400686318355,
           242.39938643927894,
           245.27455102752774,
           241.96800063309959,
           241.13879124832329,
           250.59088807959276,
           243.41598556573723,
           243.22975615525888,
           259.01500801578288,
           246.97588276704431,
           268.21484341890516,
           240.21289417516994,
           239.03077185317721,
           239.92562106995294,
           249.00584607490288,
           238.4505620668422,
           238.27446484595092,
           242.41000160658191,
           256.82045592869974,
           287.27270429528846,
           286.27802534770922,
           261.27956272643013,
           237.09761545784485,
           239.28818373815125,
           254.77105180899002,
           246.25867900827805,
           247.48428599432651,
           247.53780136434511,
           249.13187423806494,
           250.70648377100946,
           238.85024945940231,
           262.01224074913426]}


epoch	train err	test err0	304.004352537	35.31372469891	309.979126629	34.70125065992	298.858381646	34.55078802033	290.861799455	33.86095864574	288.219403877	33.18289170595	279.499901874	33.94472733146	289.848302676	33.57811135787	271.370230093	32.03377959498	268.847531331	31.91070956839	267.977700645	32.043768769710	268.594823147	32.393363148511	315.331642915	36.650416877612	266.34427784	31.402802049313	266.711893409	31.442028441314	263.986131829	31.20319541715	279.03006212	32.6949197316	270.923619799	31.834943266617	261.99903146	31.52447439318	259.027437722	30.84763062919	260.456600114	31.314442359920	277.716366521	32.721552740521	264.377979891	32.066769896222	257.439497444	30.777357131523	255.569295185	30.315834766924	255.127334702	30.177864178125	258.312113766	30.460728827526	264.277606029	31.272206344327	253.661175624	30.19316999728	254.111087618	30.052132588129	256.475015224	30.62288162630	254.830440011	30.141330399931	254.423675894	30.064453147932	252.937848184	29.907457618433	248.68533532	29.344315850934	257.227665176	30.549368985735	249.957113251	29.524082828436	249.775899345	29.579075301837	248.083250566	29.345261872638	251.202959483	29.704752509939	249.841902566	29.662868707740	244.858487484	28.883379159341	263.117535072	31.486838711142	245.626688125	29.080410479343	243.701111031	28.809853760844	243.017233652	28.702697152745	247.805802679	29.533356589946	244.883262181	28.928980982647	259.852424994	31.347992064248	258.248936961	31.098154146149	241.049761531	28.566392577650	258.812103623	30.849938966751	242.702463754	28.996358326352	239.918833089	28.535738776353	242.212249129	28.984947650254	243.055699166	29.143531206755	244.822246422	29.084942020156	238.705610818	28.420881412657	245.734578989	29.233205685558	251.437231675	29.973245524559	238.159836975	28.377509453560	239.873623219	28.549394657461	238.064319524	28.377950478862	248.337263502	29.603704962463	236.741824717	28.318463805564	240.57393268	28.991426443265	243.64510234	29.450182835666	239.449326176	28.853099149767	237.832098999	28.416129457668	249.529444753	30.296824843269	250.284068483	29.940106515170	240.222555861	28.741481247471	275.512526457	33.727705364672	236.530660613	28.556641569373	237.838440415	28.787088300174	244.09663228	29.699704876475	245.094436803	29.347214918376	237.542631829	28.704788840577	236.248326582	28.57168678778	234.020182706	28.163210586479	253.918200462	31.052361654580	235.287963266	28.247008804381	236.212078567	28.353903665582	240.581604103	29.179982299483	234.735893221	28.403564285784	241.621347853	28.9919438152

{'test': [35.313724698869102,
          34.701250659878916,
          34.550788020264037,
          33.860958645694005,
          33.182891705910365,
          33.944727331418328,
          33.578111357757344,
          32.033779594886333,
          31.910709568333438,
          32.043768769721829,
          32.393363148523669,
          36.650416877623883,
          31.40280204926162,
          31.442028441268423,
          31.203195416964952,
          32.694919729962955,
          31.834943266578524,
          31.524474392994932,
          30.847630629047337,
          31.314442359888925,
          32.721552740521034,
          32.066769896162299,
          30.777357131462477,
          30.315834766935197,
          30.177864178090701,
          30.460728827495036,
          31.272206344330385,
          30.193169996970664,
          30.052132588077374,
          30.622881626001899,
          30.141330399869414,
          30.06445314789957,
          29.907457618427856,
          29.344315850898681,
          30.549368985695857,
          29.524082828447668,
          29.579075301838568,
          29.345261872615257,
          29.704752509859922,
          29.662868707722833,
          28.883379159272074,
          31.486838711063186,
          29.080410479346735,
          28.809853760806369,
          28.702697152683058,
          29.533356589927688,
          28.928980982553412,
          31.347992064240852,
          31.098154146141791,
          28.566392577568436,
          30.849938966655287,
          28.996358326253972,
          28.535738776312524,
          28.98494765020514,
          29.143531206747284,
          29.084942020136847,
          28.420881412581206,
          29.233205685479739,
          29.973245524480433,
          28.377509453531296,
          28.54939465741969,
          28.377950478816334,
          29.603704962439622,
          28.318463805515552,
          28.991426443249857,
          29.450182835627949,
          28.853099149717302,
          28.416129457578492,
          30.296824843175266,
          29.940106515124697,
          28.741481247371709,
          33.727705364574781,
          28.556641569337497,
          28.787088300087159,
          29.699704876379265,
          29.347214918292082,
          28.704788840514144,
          28.571686786964946,
          28.163210586444372,
          31.052361654495382,
          28.247008804308908,
          28.35390366549084,
          29.179982299355693,
          28.403564285676087,
          28.991943815204181],
 'train': [304.00435253746582,
           309.97912662943168,
           298.85838164636181,
           290.86179945463607,
           288.21940387739852,
           279.49990187404978,
           289.84830267609709,
           271.37023009348343,
           268.84753133138469,
           267.9777006447793,
           268.59482314749226,
           315.33164291494126,
           266.34427783995682,
           266.71189340852948,
           263.98613182852762,
           279.03006211962492,
           270.9236197987999,
           261.99903145962315,
           259.02743772171686,
           260.4566001140002,
           277.71636652055003,
           264.37797989062364,
           257.43949744368933,
           255.56929518473899,
           255.12733470220766,
           258.31211376615602,
           264.27760602886173,
           253.6611756242182,
           254.11108761817513,
           256.47501522402541,
           254.8304400114466,
           254.42367589380285,
           252.93784818381766,
           248.68533532049346,
           257.22766517564952,
           249.95711325094439,
           249.77589934486613,
           248.08325056563211,
           251.20295948324798,
           249.84190256603989,
           244.85848748409069,
           263.11753507199631,
           245.62668812456462,
           243.70111103083033,
           243.01723365188653,
           247.80580267894837,
           244.88326218084387,
           259.85242499442137,
           258.24893696133466,
           241.04976153104232,
           258.81210362275812,
           242.70246375361907,
           239.91883308878934,
           242.21224912935295,
           243.055699165741,
           244.82224642153341,
           238.70561081750336,
           245.73457898853201,
           251.43723167496296,
           238.15983697450176,
           239.873623218543,
           238.06431952417933,
           248.33726350220581,
           236.74182471719766,
           240.57393267982175,
           243.64510234043169,
           239.44932617645603,
           237.83209899927874,
           249.52944475261128,
           250.28406848298141,
           240.2225558611369,
           275.51252645677346,
           236.53066061348892,
           237.8384404152028,
           244.09663228025676,
           245.09443680324122,
           237.54263182944479,
           236.24832658159465,
           234.02018270635034,
           253.91820046167143,
           235.28796326598666,
           236.21207856727852,
           240.58160410324996,
           234.73589322147336,
           241.62134785257084]}


epoch	train err	test err0	304.7775241	30.06509613051	299.009336618	31.01093607142	293.98330069	27.25138175633	284.104672438	29.16026428414	285.725721153	29.69817649145	277.788311252	26.55800245966	276.016414519	27.83913495257	279.413893819	28.57344685118	271.930338841	26.79580179429	271.213120154	26.341612514410	296.099526459	31.152125257611	269.466178507	25.869637267812	268.860653805	26.560189168513	277.808278473	25.28863207414	266.466579634	25.886244757215	274.623647997	27.894225621816	271.6389147	25.00696817617	264.851241873	25.201411263318	263.634023588	25.348543972719	268.818030527	26.999084022120	265.330524769	24.720145643621	264.002713806	26.085675521822	271.797323358	27.570759870223	260.702742592	24.687880381524	261.739643238	25.743422899825	268.262845078	27.110952292726	258.671613276	25.035643345927	267.564487566	24.223453478228	259.490207571	24.126754452529	257.610145755	24.155435763630	256.941252279	24.973171811331	265.311296883	26.795475088832	255.403969139	24.000945815833	253.846975171	24.248689450334	254.101576555	24.685947697735	252.834455073	23.972033567436	252.243553319	23.960950981837	253.053452228	24.748714744838	276.319604476	28.952836706439	251.010285159	24.28035281840	255.0237303	23.51092824241	262.28524156	26.855333207642	252.155228416	23.443442911343	256.838024737	23.471972020844	248.385485325	24.034126417945	249.719969809	23.414337457746	247.531211712	23.63852995247	255.756874679	26.029881385148	251.025633665	23.287495414849	246.345403488	23.946560062450	262.718697048	27.340198452351	255.538302752	26.18575415952	247.049554217	24.522031804753	248.910500311	23.184953171354	245.042618741	23.337057602555	248.332411409	23.138312578856	245.735006502	24.455330526657	253.570007408	23.212796195758	243.502796971	23.322711407859	243.338413707	23.949971950560	245.275082895	23.076531605161	253.39395413	26.201625837462	248.525497474	23.026055262263	242.295320821	23.883285162364	247.239281814	22.973969669365	250.342997654	25.777372933966	250.765160378	25.888056634267	241.738204956	23.128053726968	245.079892804	24.861153035969	240.349339579	23.443218835770	241.339160957	22.98974745371	257.048747073	23.266246646472	256.020608491	23.204457979273	240.2678751	23.834603631274	239.283755538	23.252006158675	240.100218115	22.962032035376	238.896690008	23.315380115177	300.798834548	33.327952352678	271.672100058	29.297033140179	245.918507727	25.251051131780	238.544059538	23.039249764781	238.562884017	22.987072731482	238.029209145	23.298896343783	245.527167715	25.294294685284	266.150359649	23.7226076873

{'test': [30.065096130476956,
          31.010936071429363,
          27.251381756336031,
          29.160264284062986,
          29.698176491383339,
          26.558002459580941,
          27.839134952479128,
          28.573446851143999,
          26.795801794161751,
          26.341612514407842,
          31.152125257613797,
          25.869637267828985,
          26.560189168497921,
          25.288632074042376,
          25.886244757199666,
          27.89422562182213,
          25.006968176035532,
          25.201411263318953,
          25.348543972729065,
          26.999084022070623,
          24.720145643612234,
          26.085675521760766,
          27.570759870240117,
          24.687880381517289,
          25.743422899772529,
          27.110952292659874,
          25.03564334592512,
          24.223453478159744,
          24.126754452540133,
          24.155435763602906,
          24.973171811285969,
          26.795475088837073,
          24.000945815811484,
          24.248689450286143,
          24.685947697703696,
          23.972033567448268,
          23.960950981807947,
          24.748714744764889,
          28.952836706438926,
          24.280352817985335,
          23.510928241997572,
          26.855333207590039,
          23.443442911266519,
          23.471972020764031,
          24.034126417915246,
          23.414337457699251,
          23.638529952031401,
          26.029881385089247,
          23.287495414814487,
          23.946560062407116,
          27.340198452347042,
          26.185754158979737,
          24.522031804734013,
          23.184953171307622,
          23.33705760253579,
          23.138312578771323,
          24.455330526632899,
          23.212796195690469,
          23.322711407784457,
          23.949971950527825,
          23.076531605129585,
          26.201625837363711,
          23.026055262243915,
          23.883285162285521,
          22.973969669296945,
          25.777372933897482,
          25.888056634240058,
          23.128053726850105,
          24.861153035852936,
          23.443218835736644,
          22.989747452970668,
          23.266246646403218,
          23.204457979227698,
          23.834603631175113,
          23.252006158588063,
          22.962032035325173,
          23.315380115108663,
          33.327952352595112,
          29.297033140090043,
          25.251051131653767,
          23.039249764728808,
          22.987072731447018,
          23.298896343674052,
          25.294294685208943,
          23.72260768733894],
 'train': [304.77752409953911,
           299.00933661775457,
           293.9833006897868,
           284.10467243770796,
           285.7257211526229,
           277.78831125155392,
           276.01641451900332,
           279.41389381935545,
           271.93033884078778,
           271.21312015352447,
           296.0995264590095,
           269.46617850702984,
           268.8606538052664,
           277.8082784731775,
           266.46657963371717,
           274.62364799732791,
           271.63891470021946,
           264.85124187314381,
           263.63402358836981,
           268.81803052657801,
           265.33052476936916,
           264.00271380577061,
           271.79732335827799,
           260.70274259211442,
           261.73964323793348,
           268.26284507772044,
           258.67161327579436,
           267.56448756559035,
           259.49020757080552,
           257.61014575519999,
           256.94125227927879,
           265.31129688311972,
           255.4039691387064,
           253.84697517111479,
           254.10157655465395,
           252.83445507294175,
           252.24355331922618,
           253.05345222761076,
           276.3196044762625,
           251.01028515879074,
           255.02373030033374,
           262.28524155959929,
           252.15522841646589,
           256.83802473726183,
           248.38548532461195,
           249.71996980921665,
           247.53121171168453,
           255.75687467877904,
           251.02563366530146,
           246.34540348751884,
           262.71869704778118,
           255.53830275163992,
           247.04955421742048,
           248.91050031125076,
           245.04261874149495,
           248.33241140852033,
           245.73500650245958,
           253.57000740806825,
           243.50279697099205,
           243.3384137069778,
           245.27508289484288,
           253.3939541299369,
           248.52549747400445,
           242.29532082133048,
           247.23928181380145,
           250.34299765394579,
           250.76516037786791,
           241.73820495623721,
           245.07989280404263,
           240.3493395792994,
           241.3391609572129,
           257.04874707314491,
           256.02060849148091,
           240.26787509981864,
           239.28375553819598,
           240.10021811545852,
           238.89669000810943,
           300.79883454780128,
           271.6721000576328,
           245.91850772734509,
           238.54405953751899,
           238.56288401675258,
           238.02920914544731,
           245.52716771507315,
           266.15035964890444]}
