

epoch	train err	test err0	299.156768511	35.83821225511	293.443090274	34.80781759282	281.457339253	34.29438219373	272.890640265	34.51162078464	270.097976865	34.74175056385	268.890031108	34.11062029026	269.394123467	36.18091550277	265.682917013	33.73872952548	263.716693087	34.02798370749	262.276651506	33.938725098310	261.477711267	33.694186293711	262.914774164	35.723272921212	264.725109496	36.366343748113	258.235505382	34.594866403414	257.079062045	34.621935145215	255.162889721	33.861426272616	254.107507084	33.783756200617	255.441606565	33.099883403818	271.808144779	32.99279842719	251.99318458	33.753005088620	258.058165539	36.227684968621	252.782561687	33.002881616422	254.750995721	32.736788454323	253.989332059	32.739228839424	249.171755601	33.590866840625	254.005938745	32.677143372526	260.685564177	32.599212516927	247.643311064	33.500705736328	247.403496213	33.173881346929	256.742715146	32.57646674530	252.545410655	32.556423077431	266.285036885	32.69420062432	246.007179687	33.928664633933	255.138597926	36.503317209134	256.718077569	36.692387092535	254.161847389	32.401399922636	251.657289756	32.456188398337	243.637013319	32.921212436838	246.398613799	34.965519742539	278.350484706	33.058319955940	252.660449985	32.388632941441	243.391320239	34.346393543642	242.993385981	34.360849995343	245.657889397	34.971881390744	241.986973315	32.423344618645	239.365150637	32.868359546946	240.505797472	33.982630143347	239.0139968	32.671053378648	238.120041238	33.350582054149	241.731089213	34.907647453350	237.229853034	32.880132164251	249.625119104	36.522807526452	258.588844791	38.253536388653	235.995219685	33.096278476654	237.651664166	32.294060296755	235.510892474	32.739339474156	247.071914607	36.532599493557	237.761902183	34.449632888258	241.892884777	35.543918588959	234.062964335	32.884546881160	234.487656247	32.653503065261	240.504673199	35.360013458662	233.300260775	32.708767332563	232.879877601	32.846886820264	242.1479381	35.945347523165	233.846442875	33.889458695266	232.284679681	33.412621810767	237.376914437	35.133634118368	246.758535757	37.021923336769	232.104563043	32.616909872170	245.030498385	31.912831972971	236.072451926	34.907688230172	231.151425759	32.841072383573	232.754516097	32.253578003774	240.615151141	31.821948513575	233.419666887	32.066485220176	234.386731994	34.892833248577	230.099587823	32.544338825278	230.74652969	32.304715461279	234.283550194	34.706920140780	230.244045395	33.61932784281	234.205627482	31.938904815382	237.923420101	31.696823039783	237.677069654	31.86256337784	228.923650896	32.537840658985	258.482209255	32.178608491486	228.687407329	33.455917192387	229.037178118	32.467692842288	230.640597542	32.189407015189	234.001415179	31.883714432790	233.856833987	31.99969238291	244.985484538	37.313678068592	227.503215376	32.986721451793	228.34288881	32.397753956294	260.5115251	32.379949433595	252.11852058	38.537573321496	245.053952487	37.42030546797	229.569279533	32.232404710898	232.810581822	31.821358334499	235.709319074	31.8953211071100	248.091870341	37.7912146672101	232.200271464	34.918776107102	248.407588946	31.8895452672103	231.326470991	34.7264196038104	234.023248341	35.6718966636

{'test': [35.838212255106974,
          34.807817592830339,
          34.294382193689188,
          34.511620784574482,
          34.741750563821519,
          34.110620290196437,
          36.180915502734543,
          33.738729525387264,
          34.027983707434785,
          33.938725098338608,
          33.694186293696937,
          35.723272921158951,
          36.366343748100128,
          34.594866403415104,
          34.621935145230267,
          33.861426272568039,
          33.783756200633434,
          33.099883403828208,
          32.992798426994902,
          33.753005088611793,
          36.227684968579709,
          33.002881616403819,
          32.736788454337805,
          32.739228839416619,
          33.590866840607042,
          32.677143372535951,
          32.599212516876186,
          33.500705736282065,
          33.173881346942231,
          32.576466744961351,
          32.556423077441558,
          32.694200623991577,
          33.928664633922985,
          36.503317209072648,
          36.692387092466035,
          32.401399922553168,
          32.456188398318112,
          32.921212436781346,
          34.965519742528009,
          33.058319955944121,
          32.388632941448407,
          34.346393543643956,
          34.360849995289939,
          34.971881390705967,
          32.423344618636619,
          32.868359546943708,
          33.982630143320364,
          32.67105337862354,
          33.350582054081016,
          34.907647453280752,
          32.880132164194315,
          36.522807526379147,
          38.253536388622486,
          33.096278476570951,
          32.294060296661982,
          32.73933947405267,
          36.532599493547664,
          34.449632888160338,
          35.54391858887864,
          32.88454688107533,
          32.653503065249616,
          35.360013458555066,
          32.708767332481585,
          32.846886820173054,
          35.945347523065209,
          33.88945869515257,
          33.412621810721049,
          35.133634118305999,
          37.021923336677432,
          32.616909872073776,
          31.912831972912485,
          34.907688230139158,
          32.841072383525393,
          32.25357800367032,
          31.821948513472556,
          32.066485220119219,
          34.892833248471533,
          32.544338825202566,
          32.304715461216311,
          34.706920140721792,
          33.619327841970737,
          31.938904815271549,
          31.696823039676222,
          31.862563376995759,
          32.537840658916778,
          32.178608491403033,
          33.45591719231895,
          32.467692842230953,
          32.189407015072533,
          31.883714432689999,
          31.999692381985795,
          37.313678068486254,
          32.98672145165127,
          32.397753956227376,
          32.379949433481677,
          38.537573321357009,
          37.420305467002407,
          32.232404710793361,
          31.821358334412277,
          31.895321107091913,
          37.791214667169228,
          34.918776106952023,
          31.889545267245406,
          34.726419603843624,
          35.671896663634008],
 'train': [299.15676851064416,
           293.44309027397503,
           281.45733925300704,
           272.89064026485352,
           270.09797686494778,
           268.8900311075792,
           269.39412346724629,
           265.6829170132666,
           263.71669308654964,
           262.27665150568976,
           261.47771126737285,
           262.91477416375568,
           264.72510949579572,
           258.2355053817837,
           257.07906204521555,
           255.1628897206345,
           254.10750708416202,
           255.44160656543298,
           271.80814477883547,
           251.9931845797729,
           258.05816553881806,
           252.78256168691451,
           254.75099572080333,
           253.98933205913383,
           249.17175560066795,
           254.00593874538876,
           260.68556417679292,
           247.64331106440119,
           247.40349621307777,
           256.74271514554817,
           252.54541065494672,
           266.28503688534499,
           246.0071796870177,
           255.13859792591248,
           256.71807756914507,
           254.16184738916127,
           251.65728975551326,
           243.63701331928371,
           246.39861379863532,
           278.35048470648792,
           252.66044998471457,
           243.39132023930173,
           242.99338598103662,
           245.65788939747011,
           241.98697331521919,
           239.36515063678709,
           240.505797471638,
           239.01399680022942,
           238.12004123841172,
           241.73108921261618,
           237.22985303421706,
           249.62511910427412,
           258.5888447910807,
           235.99521968537314,
           237.65166416637061,
           235.51089247360196,
           247.07191460722413,
           237.76190218288062,
           241.89288477668268,
           234.06296433462467,
           234.48765624716955,
           240.50467319913565,
           233.30026077507645,
           232.87987760144216,
           242.14793810025833,
           233.84644287477073,
           232.28467968119855,
           237.37691443681135,
           246.75853575739077,
           232.10456304333712,
           245.0304983854254,
           236.07245192628568,
           231.15142575926777,
           232.75451609686155,
           240.61515114055959,
           233.41966688662217,
           234.38673199393918,
           230.09958782342056,
           230.74652969042688,
           234.2835501935925,
           230.24404539467824,
           234.20562748188703,
           237.923420100507,
           237.67706965365011,
           228.92365089643965,
           258.48220925502369,
           228.68740732886005,
           229.03717811784216,
           230.64059754175483,
           234.00141517869733,
           233.85683398708261,
           244.98548453835821,
           227.50321537568496,
           228.34288880961435,
           260.5115250999491,
           252.11852058044488,
           245.05395248715908,
           229.56927953283343,
           232.81058182191805,
           235.70931907445413,
           248.09187034073517,
           232.20027146384373,
           248.40758894614979,
           231.32647099101325,
           234.02324834056907]}


epoch	train err	test err0	309.750878618	33.05514832431	311.7726222	33.37327689912	316.602470039	34.4959098793	307.335481296	33.82409240444	298.551229421	34.52106852555	282.299958086	32.45095850716	278.78958789	33.17418296477	271.978803127	32.74204156638	269.381720336	32.76078396279	270.233463012	32.516244569910	267.019323817	33.231081726711	264.739019379	32.729821021812	263.659289524	32.698468983113	262.632048675	33.182052442114	261.835917582	33.115190190715	260.63416145	32.92867385116	259.522872807	32.8165878617	258.92620655	32.523135280418	262.905778092	34.366581145919	259.768243184	33.652922376920	255.94906517	32.40679665821	255.768212688	32.331968562122	253.708122621	32.895379658523	263.390537603	32.565703014524	255.655708282	33.819752792625	257.030152158	34.218170686926	251.03585309	33.197299296527	252.280857479	31.915897565828	247.931799909	32.424358404229	263.839225567	35.330519501130	308.804182307	37.394742485831	245.595669997	32.049028468332	254.023521114	32.210991522933	244.676600739	31.962371804634	244.761691643	32.32383937135	249.450453406	33.322320896736	245.561292818	31.803278301737	255.897888379	32.54261614538	256.211953198	32.687424934339	246.553017479	33.095999334240	243.095481423	32.643926909741	245.931473713	33.171431123942	239.926610241	32.197714501243	239.353488611	32.067067393244	241.077915877	32.429964091145	244.311858651	32.991404934246	250.605718969	33.932362236447	239.366998576	32.266717582448	237.155226723	31.861806235849	236.964047498	31.967932416150	256.767362916	33.373906288751	247.992943914	32.645050867352	235.511480848	31.687550432253	240.088895941	32.583014823654	254.740534754	34.686649572155	234.964672608	31.644343238956	240.710301676	31.895511403357	235.25530791	31.603673210258	237.189824262	32.185990655459	234.682006298	31.885978758660	235.353078428	31.647894670661	237.357172579	31.921818920862	273.836432774	35.696898091463	232.586616384	31.517158079264	259.237429365	34.076034037765	249.753477458	33.004073003966	235.680938017	32.077513475267	237.260137519	31.758571750268	240.04181435	32.819473852369	253.447213076	34.73357805670	231.417336177	31.321589025171	233.786709666	31.877367830872	243.052076348	33.247602218773	236.400203025	32.318378641674	232.677615151	31.782393562975	241.654450482	33.195922471976	232.575872971	31.414628211777	230.945126765	31.122758533978	241.009932205	33.027471130679	230.477973528	31.40592467580	240.348125102	32.892007898881	230.355989306	31.299402597582	231.636072535	31.795186734783	253.110050963	34.55851300684	252.662192515	33.395543853685	250.238328583	33.285828833886	234.389115202	32.172814309487	238.025190977	32.597311417888	229.00939403	31.047343346389	228.842728963	31.12365894290	229.332518646	31.182323979191	240.330546238	32.995265876192	231.84002771	31.768364013493	229.357838836	31.237351186694	229.270672559	31.186518943895	228.813929493	31.128827103996	228.214827975	31.133884101397	228.123168056	31.131442282998	235.117653931	31.647048487399	233.220876153	31.9930637726100	234.118205162	31.4304725374101	233.095430357	31.8543022231102	228.002057778	30.8965854116103	227.76949881	30.9804798179104	231.773944906	31.2452056834

{'test': [33.055148324341822,
          33.373276899101157,
          34.495909878986623,
          33.824092404417172,
          34.52106852553667,
          32.450958507057635,
          33.174182964666301,
          32.742041566348007,
          32.760783962724382,
          32.516244569943616,
          33.231081726722948,
          32.729821021847769,
          32.698468983052294,
          33.182052442104919,
          33.115190190723695,
          32.928673851037502,
          32.816587859995245,
          32.523135280354566,
          34.36658114587145,
          33.652922376895738,
          32.406796658029222,
          32.331968562070273,
          32.895379658472145,
          32.565703014469477,
          33.819752792573603,
          34.218170686904656,
          33.197299296542319,
          31.915897565782146,
          32.42435840423699,
          35.330519501135235,
          37.394742485779958,
          32.049028468317204,
          32.210991522855295,
          31.962371804638718,
          32.32383937097206,
          33.322320896684381,
          31.803278301734714,
          32.542616145043567,
          32.687424934340918,
          33.095999334154541,
          32.64392690968274,
          33.171431123869461,
          32.197714501183519,
          32.06706739315662,
          32.429964091052227,
          32.991404934201462,
          33.932362236360717,
          32.266717582407793,
          31.861806235837971,
          31.967932416081474,
          33.373906288681724,
          32.645050867268935,
          31.687550432220913,
          32.583014823602184,
          34.686649572136474,
          31.644343238907894,
          31.89551140332734,
          31.603673210219757,
          32.185990655410293,
          31.885978758575099,
          31.647894670628315,
          31.92181892079638,
          35.696898091432999,
          31.517158079232146,
          34.076034037669885,
          33.004073003941805,
          32.077513475164885,
          31.758571750161018,
          32.819473852341865,
          34.733578056024285,
          31.321589025144732,
          31.877367830845841,
          33.247602218744476,
          32.318378641632115,
          31.78239356294273,
          33.195922471915253,
          31.41462821171185,
          31.122758533932632,
          33.027471130640166,
          31.405924675042773,
          32.892007898785145,
          31.299402597518107,
          31.795186734744604,
          34.558513005977481,
          33.395543853603755,
          33.285828833798327,
          32.17281430936422,
          32.597311417804228,
          31.047343346251726,
          31.123658941967904,
          31.182323979146918,
          32.995265876144259,
          31.768364013405176,
          31.237351186623556,
          31.186518943840095,
          31.128827103862992,
          31.133884101260964,
          31.131442282876357,
          31.647048487341571,
          31.993063772648512,
          31.430472537352777,
          31.85430222308991,
          30.89658541163535,
          30.980479817949764,
          31.245205683449527],
 'train': [309.75087861772153,
           311.77262219971618,
           316.6024700391975,
           307.33548129598512,
           298.55122942072313,
           282.29995808591866,
           278.78958788955214,
           271.97880312686976,
           269.38172033606213,
           270.23346301213678,
           267.01932381725749,
           264.73901937874109,
           263.6592895236804,
           262.63204867467846,
           261.83591758222002,
           260.63416145000213,
           259.52287280656918,
           258.92620654951395,
           262.90577809244922,
           259.76824318375412,
           255.94906516950476,
           255.76821268794191,
           253.70812262143355,
           263.39053760339789,
           255.6557082819231,
           257.03015215764901,
           251.03585308964389,
           252.28085747941415,
           247.93179990923642,
           263.83922556727646,
           308.80418230730419,
           245.59566999658014,
           254.02352111359053,
           244.67660073884556,
           244.76169164328604,
           249.45045340638325,
           245.56129281811991,
           255.89788837864643,
           256.21195319812801,
           246.55301747928416,
           243.09548142305934,
           245.93147371349414,
           239.92661024136578,
           239.35348861121992,
           241.07791587737336,
           244.31185865074497,
           250.60571896903821,
           239.36699857552003,
           237.15522672344716,
           236.96404749822568,
           256.76736291616231,
           247.99294391399545,
           235.51148084810757,
           240.08889594121911,
           254.7405347539823,
           234.96467260790214,
           240.71030167568927,
           235.25530791025284,
           237.18982426207262,
           234.68200629770871,
           235.35307842751547,
           237.35717257884761,
           273.83643277412239,
           232.58661638415481,
           259.23742936512201,
           249.75347745819388,
           235.68093801667123,
           237.26013751857104,
           240.04181435048582,
           253.44721307551808,
           231.41733617737418,
           233.78670966633825,
           243.05207634818214,
           236.40020302500164,
           232.67761515077675,
           241.65445048179689,
           232.57587297054772,
           230.94512676488679,
           241.00993220463883,
           230.47797352831481,
           240.34812510184273,
           230.35598930630465,
           231.6360725351054,
           253.11005096262332,
           252.66219251498865,
           250.23832858326574,
           234.38911520246597,
           238.02519097690669,
           229.00939402961788,
           228.84272896299021,
           229.33251864589823,
           240.33054623800496,
           231.84002771038723,
           229.35783883587453,
           229.27067255946227,
           228.81392949292459,
           228.21482797459493,
           228.12316805642763,
           235.11765393078051,
           233.22087615279577,
           234.11820516172151,
           233.09543035748027,
           228.00205777787511,
           227.76949880976048,
           231.77394490585189]}


epoch	train err	test err0	301.915077923	31.76533779581	289.31026016	31.91380027322	283.425300254	33.13800510823	274.076221628	32.27057088194	275.406394742	33.82556964485	266.582083438	32.84255909356	270.177535286	33.00299651567	263.236782718	33.0374644268	265.284957763	33.30406073039	267.782889244	32.917304897210	262.060520192	32.706571798211	259.657934194	32.842561414912	265.513895197	33.793046324413	270.234401956	32.71099798914	257.233562726	32.749972929515	266.326708822	33.940232924216	257.622288153	32.60612938917	255.172150853	32.496949061318	255.945161625	32.78992417719	268.975787074	34.423364270920	270.735089018	32.642021344321	252.870433569	32.71805897222	259.332807439	33.456762345223	251.87161285	32.036950460624	251.744529005	32.118815084225	251.824054013	32.626933928426	252.572149547	31.930097687827	250.910171644	32.587465309928	256.145295276	31.811554151629	253.082645249	31.824358078630	247.907366424	32.344389920831	248.83337853	31.899533188632	248.313959512	31.60539762333	261.607177774	33.746998828934	246.320898756	31.098347599235	245.253559674	31.947442945336	251.774458789	32.759904757837	244.640466682	31.157230171238	251.847599627	32.144156516539	245.710663955	31.597005805340	259.756063716	31.70423847141	242.04042635	31.198760515442	247.20004321	32.535818177843	259.831592627	33.853718133544	264.924500055	34.149235223145	240.41584373	31.196448028946	252.310024875	33.075088269147	258.088108911	31.597979475148	286.726522352	36.229448476749	240.500302982	30.695562344550	238.634155618	31.00806276551	239.104109157	31.155407383352	238.129583071	31.431605091653	242.629831497	31.821351844554	239.26868191	31.616866031655	242.346283349	32.665364195356	244.558521983	31.061854965557	254.999473372	33.692482575458	253.306796097	33.129762453459	241.619604216	30.541585279860	239.092687187	31.532769227461	235.421101495	30.44689472362	239.778047714	30.804206532963	235.14272022	30.036965661464	234.649674636	30.846128275165	250.955992076	30.991600713166	234.058710754	30.319961345667	235.35650578	30.706331679968	237.475523391	31.693072401269	246.816060981	31.252214313870	241.478103664	31.698108795771	233.176292263	30.812908202272	233.784615631	30.184080111573	234.154389126	30.394659941674	234.009158839	29.853935776575	240.492545339	30.065625240476	232.185147869	30.704022947577	235.694464533	30.111988390778	232.942354451	30.068349173379	233.943510831	30.796103958280	233.853834155	31.452106186381	239.920478045	30.096887574882	231.833452987	30.671082789583	235.0176206	31.065244751684	256.054981114	30.832850841885	230.859582341	29.375240134786	235.04614752	31.649243805987	230.770052721	30.797467983388	235.382601139	30.740841405389	237.809766813	30.960043470790	259.986744859	33.636425689391	249.937719153	30.967279044492	236.438362232	30.510282524593	229.639569045	30.36829090894	239.391554568	30.448400257595	249.358133119	30.187867721996	229.653847923	30.388321816697	233.750799596	30.701758030998	235.0672337	30.845841939999	229.539540025	28.9779998867100	258.492179113	33.1228527416101	229.567337018	30.0416709093102	231.916449377	30.0583989541103	250.843028159	30.5421691376104	228.794845654	29.8819537566

{'test': [31.765337795849298,
          31.913800273155182,
          33.138005108217826,
          32.27057088188598,
          33.825569644830537,
          32.842559093517742,
          33.002996515596074,
          33.037464426008121,
          33.304060730349008,
          32.917304897209569,
          32.706571798156524,
          32.8425614149347,
          33.79304632442355,
          32.710997989011304,
          32.749972929499464,
          33.940232924169962,
          32.606129388958138,
          32.496949061254121,
          32.789924176957797,
          34.423364270945321,
          32.642021344340677,
          32.718058972004251,
          33.456762345183527,
          32.036950460609276,
          32.118815084152104,
          32.626933928372196,
          31.930097687826134,
          32.587465309910101,
          31.811554151567758,
          31.824358078604646,
          32.344389920782362,
          31.899533188641865,
          31.60539762300775,
          33.746998828856768,
          31.098347599188344,
          31.947442945311529,
          32.759904757799696,
          31.157230171178799,
          32.144156516516006,
          31.597005805304221,
          31.70423847102867,
          31.198760515406263,
          32.535818177752162,
          33.853718133453022,
          34.149235223138383,
          31.196448028913213,
          33.075088269145461,
          31.597979475149629,
          36.229448476682009,
          30.69556234452569,
          31.008062764956186,
          31.155407383310624,
          31.431605091631873,
          31.821351844506353,
          31.616866031560285,
          32.665364195292398,
          31.06185496549579,
          33.692482575354447,
          33.129762453427531,
          30.541585279800447,
          31.532769227448519,
          30.446894722963112,
          30.804206532884425,
          30.036965661426848,
          30.846128275054053,
          30.991600713106614,
          30.319961345571876,
          30.706331679897801,
          31.693072401204837,
          31.252214313813443,
          31.698108795726142,
          30.812908202213187,
          30.18408011152561,
          30.394659941607237,
          29.85393577652815,
          30.06562524042122,
          30.704022947525111,
          30.11198839072523,
          30.068349173335413,
          30.796103958215969,
          31.452106186301307,
          30.096887574772978,
          30.671082789471505,
          31.065244751594221,
          30.832850841769886,
          29.375240134671689,
          31.649243805870036,
          30.797467983299548,
          30.740841405327689,
          30.960043470671888,
          33.636425689348762,
          30.967279044352829,
          30.510282524474242,
          30.368290907995405,
          30.448400257452789,
          30.18786772185873,
          30.388321816637262,
          30.701758030915528,
          30.845841939947711,
          28.977999886666261,
          33.122852741575173,
          30.041670909258528,
          30.058398954098966,
          30.542169137553806,
          29.88195375659242],
 'train': [301.91507792342355,
           289.31026015987743,
           283.42530025447172,
           274.07622162835258,
           275.40639474202351,
           266.58208343817699,
           270.17753528628748,
           263.2367827179371,
           265.28495776290123,
           267.78288924367581,
           262.06052019166646,
           259.65793419438535,
           265.5138951966216,
           270.23440195630093,
           257.23356272628314,
           266.32670882241052,
           257.62228815281043,
           255.17215085318225,
           255.94516162533534,
           268.97578707385622,
           270.73508901759379,
           252.87043356898408,
           259.33280743923433,
           251.87161284963994,
           251.74452900504545,
           251.82405401254721,
           252.572149547447,
           250.91017164398403,
           256.14529527640622,
           253.08264524890771,
           247.90736642424105,
           248.83337852951678,
           248.31395951234524,
           261.6071777740932,
           246.3208987555563,
           245.25355967372073,
           251.77445878877271,
           244.64046668158676,
           251.8475996265461,
           245.71066395475094,
           259.75606371646592,
           242.04042634965882,
           247.20004321032798,
           259.83159262711968,
           264.92450005520936,
           240.41584372998577,
           252.31002487472065,
           258.08810891111438,
           286.726522352318,
           240.50030298232912,
           238.63415561812917,
           239.10410915664505,
           238.12958307070357,
           242.62983149708401,
           239.26868190980187,
           242.34628334866485,
           244.55852198312323,
           254.99947337152213,
           253.30679609652586,
           241.61960421596251,
           239.09268718667923,
           235.42110149483258,
           239.7780477135241,
           235.14272022047405,
           234.64967463576005,
           250.95599207628874,
           234.05871075373028,
           235.35650577951552,
           237.47552339118036,
           246.816060981215,
           241.47810366369839,
           233.17629226336538,
           233.78461563146556,
           234.15438912613871,
           234.00915883923568,
           240.49254533854307,
           232.18514786901633,
           235.69446453310897,
           232.94235445144398,
           233.9435108313186,
           233.85383415491299,
           239.9204780448751,
           231.83345298749217,
           235.01762059980541,
           256.05498111393365,
           230.85958234073476,
           235.04614751996664,
           230.77005272060404,
           235.3826011389113,
           237.80976681263294,
           259.98674485853212,
           249.93771915349714,
           236.43836223201657,
           229.63956904514274,
           239.39155456824932,
           249.35813311916363,
           229.65384792318721,
           233.75079959642881,
           235.06723369960667,
           229.5395400251891,
           258.49217911347364,
           229.56733701814966,
           231.9164493765075,
           250.84302815894111,
           228.79484565429965]}
