

epoch	train err	test err0	302.859001748	34.79044690131	293.58363531	34.47544547322	286.296139734	34.66776437263	290.166926317	34.17636893774	275.184717249	34.18204425265	273.431746915	35.33100682266	273.85821614	35.99030652557	270.325618056	34.61401566448	268.104002915	35.47495702589	272.369449468	36.698688404410	264.23619518	35.114258276211	263.623961859	35.512777262612	262.921230891	35.61572110413	260.8441046	35.016035102414	268.937885246	37.117390083115	259.063424658	34.998024785116	258.543370683	35.207450890217	257.989468337	35.516205049218	256.493573405	35.081165649619	256.561791051	35.411115233920	256.771412574	35.205868223921	253.623443553	35.284773653322	253.294738135	35.217944351223	259.43516891	36.748205380124	254.687429713	35.2983854707

{'test': [34.79044690129863,
          34.475445473150202,
          34.667764372646005,
          34.176368937671029,
          34.182044252617523,
          35.331006822613006,
          35.990306525521056,
          34.614015664426589,
          35.474957025811925,
          36.698688404408841,
          35.114258276206861,
          35.512777262615522,
          35.615721103965953,
          35.016035102404707,
          37.117390083071101,
          34.998024785133808,
          35.20745089018034,
          35.516205049204572,
          35.081165649582843,
          35.411115233850296,
          35.205868223880245,
          35.284773653265233,
          35.217944351243169,
          36.748205380084791,
          35.298385470719815],
 'train': [302.8590017478316,
           293.58363530960935,
           286.2961397342911,
           290.1669263166113,
           275.18471724909642,
           273.43174691464077,
           273.85821614030988,
           270.32561805574858,
           268.10400291502515,
           272.36944946813162,
           264.23619518048105,
           263.62396185867021,
           262.92123089070191,
           260.84410460036412,
           268.93788524589104,
           259.06342465782711,
           258.54337068276391,
           257.98946833712597,
           256.49357340536415,
           256.56179105103871,
           256.77141257388189,
           253.62344355286319,
           253.29473813488443,
           259.43516891011865,
           254.68742971253118]}


epoch	train err	test err0	299.517929665	36.06546707621	292.225401466	35.68816950992	287.974351392	33.77276963193	282.408150424	35.11459897564	278.062759114	33.22328273445	276.834019834	33.16742942946	281.664743273	35.26780037037	275.522275863	32.31533466338	275.044601558	33.18301209569	274.569042963	31.930093155810	280.283410334	31.353801550611	278.353435064	34.557354596512	275.750570268	31.285007498913	273.568546458	33.087950871314	296.035705704	31.557160906215	273.181892048	33.140105970816	279.58603139	30.939798267717	272.124684587	32.943046513918	280.863654356	30.680031805819	270.034470378	30.969972135520	273.940138332	33.666486224921	269.209566318	32.244299669422	267.996660918	31.808760695623	267.129361444	30.997693628824	272.966657409	30.0705845181

{'test': [36.065467076167607,
          35.688169509889207,
          33.772769631902271,
          35.114598975584315,
          33.223282734373079,
          33.167429429361732,
          35.267800370252814,
          32.315334663324741,
          33.183012095582654,
          31.930093155757319,
          31.353801550618051,
          34.557354596479314,
          31.285007498900018,
          33.087950871305274,
          31.557160906208559,
          33.140105970802807,
          30.939798267680192,
          32.943046513887495,
          30.680031805822733,
          30.969972135525072,
          33.666486224907246,
          32.244299669448672,
          31.808760695561194,
          30.997693628839908,
          30.070584518139068],
 'train': [299.51792966539819,
           292.2254014661919,
           287.97435139182909,
           282.40815042397077,
           278.06275911350406,
           276.83401983377706,
           281.66474327320174,
           275.52227586345776,
           275.04460155774893,
           274.56904296345169,
           280.28341033387181,
           278.35343506373886,
           275.75057026752012,
           273.56854645779737,
           296.03570570368345,
           273.18189204755816,
           279.58603139013746,
           272.12468458735509,
           280.86365435632007,
           270.0344703776388,
           273.94013833162944,
           269.20956631801238,
           267.99666091827623,
           267.12936144385696,
           272.96665740852211]}


epoch	train err	test err0	304.244741806	32.01016992271	293.249735635	29.89595934062	288.060710728	28.62739047053	286.565541979	28.25305510584	294.690981395	29.79811754585	279.670155466	26.62457006866	277.610163164	25.9855659987	282.410487391	27.39966285868	276.430814728	25.42707713929	278.790084967	26.668385390210	296.945623414	30.860207885211	273.295740347	25.166496718912	277.368165563	25.326285271713	271.625816485	24.761161710414	272.358983142	24.675857846615	270.139406175	24.505627950516	271.907976881	25.62598575617	274.182712995	26.365919360718	269.948399938	25.238453812919	276.086659404	26.9630479120	266.344229878	23.988587541821	280.627180099	28.131882957722	267.03119267	23.467611157923	269.087032475	23.361549576624	275.347232177	23.8622650033

{'test': [32.010169922704591,
          29.895959340563294,
          28.62739047053612,
          28.253055105770109,
          29.798117545816538,
          26.624570068599471,
          25.985565998038453,
          27.399662858598283,
          25.427077139157756,
          26.668385390179239,
          30.860207885187709,
          25.166496718858625,
          25.326285271652782,
          24.761161710383252,
          24.675857846620239,
          24.50562795053699,
          25.625985756030147,
          26.365919360731027,
          25.238453812862911,
          26.963047910008452,
          23.988587541754402,
          28.131882957718169,
          23.467611157920814,
          23.361549576551109,
          23.862265003275358],
 'train': [304.24474180607092,
           293.24973563468905,
           288.06071072757874,
           286.56554197910276,
           294.69098139537601,
           279.67015546562249,
           277.610163163614,
           282.41048739107822,
           276.43081472751408,
           278.79008496701118,
           296.94562341368248,
           273.29574034692126,
           277.36816556279581,
           271.625816485146,
           272.35898314207611,
           270.13940617495206,
           271.9079768813329,
           274.18271299505363,
           269.94839993791322,
           276.08665940375874,
           266.3442298781523,
           280.62718009851238,
           267.03119267031258,
           269.08703247479031,
           275.34723217672439]}
