

epoch	train err	test err0	280.458651951	35.14487432091	277.300752916	32.51303185992	277.979077897	31.69279753063	288.385849748	31.51366627824	275.472369995	31.19242600225	289.242560419	31.10361089426	270.648879978	31.13450198977	276.818110929	34.92853328648	269.739239983	30.47737829919	281.809186846	30.102587372610	272.880520253	34.238046308411	272.759687084	34.233746702112	264.24079979	30.014794269313	291.94589132	29.997243374214	264.135404059	31.480226842115	274.714824543	29.156041183316	276.466502458	35.370983639117	262.080307452	30.897372279718	280.815313866	28.987508361719	259.239200523	29.841410085720	297.852275896	29.840614287521	259.577621277	28.515581897622	261.075777398	31.082440254323	259.542613254	28.304295830624	258.340671201	28.2717570666

{'test': [35.144874320870272,
          32.513031859889765,
          31.692797530629843,
          31.513666278165012,
          31.192426002229851,
          31.103610894196354,
          31.134501989663512,
          34.928533286350628,
          30.477378299100099,
          30.102587372614256,
          34.238046308419285,
          34.233746702095516,
          30.014794269334892,
          29.997243374161073,
          31.480226842080683,
          29.156041183302243,
          35.370983639052959,
          30.897372279704204,
          28.987508361681066,
          29.841410085688906,
          29.840614287532539,
          28.515581897629112,
          31.082440254348818,
          28.304295830572773,
          28.27175706659148],
 'train': [280.45865195098037,
           277.3007529160642,
           277.97907789675759,
           288.38584974810607,
           275.4723699945182,
           289.24256041896228,
           270.64887997793062,
           276.81811092863899,
           269.73923998288387,
           281.80918684564386,
           272.88052025250448,
           272.75968708388257,
           264.2407997902111,
           291.94589131987624,
           264.13540405940432,
           274.71482454278595,
           276.46650245754631,
           262.0803074517251,
           280.81531386570094,
           259.2392005234617,
           297.85227589643773,
           259.57762127653382,
           261.07577739835079,
           259.54261325404963,
           258.3406712009355]}


epoch	train err	test err0	369.542798027	43.62028411911	298.690289788	30.75003992892	289.856611085	25.21516465633	292.544776065	25.06439586714	281.8451554	25.02253759795	281.559654994	27.6546146586	276.023248482	25.95639643147	299.458578504	33.2902037168	278.024981483	24.01965555069	283.351806732	23.981179463710	271.532132338	26.747435530511	274.129972966	27.907196140312	286.489563101	24.26977432113	266.790992078	24.506354108414	266.484772435	25.986004821115	307.718335513	36.159880221616	275.059326135	23.642146677717	268.989147395	27.841004394518	264.158046778	26.221493136219	269.155546357	23.688637041620	270.064161118	28.498209006421	261.68428585	24.141386860922	262.89824591	23.615134479223	259.477090453	24.703651540124	280.137852864	31.2746980808

{'test': [43.620284119105669,
          30.750039928866247,
          25.21516465628299,
          25.064395867090806,
          25.022537597891635,
          27.654614658015859,
          25.95639643138356,
          33.290203715964871,
          24.019655550568292,
          23.981179463736744,
          26.747435530548277,
          27.907196140318163,
          24.26977432100712,
          24.506354108391708,
          25.986004821147933,
          36.159880221645295,
          23.642146677725542,
          27.841004394491708,
          26.221493136176282,
          23.68863704161696,
          28.498209006371976,
          24.141386860888801,
          23.615134479194786,
          24.703651540134267,
          31.274698080841883],
 'train': [369.54279802708663,
           298.69028978820319,
           289.85661108496998,
           292.54477606462603,
           281.84515540040417,
           281.55965499390061,
           276.02324848178574,
           299.45857850361614,
           278.02498148329113,
           283.35180673161676,
           271.53213233804956,
           274.12997296627287,
           286.48956310144985,
           266.79099207797265,
           266.48477243509035,
           307.71833551338926,
           275.05932613454667,
           268.98914739464976,
           264.15804677813117,
           269.15554635652677,
           270.06416111798512,
           261.68428584973447,
           262.89824591035426,
           259.47709045281039,
           280.13785286358933]}


epoch	train err	test err0	296.211485367	33.44246059281	287.690100622	32.77491839112	285.82948562	33.19575069943	285.264737206	32.75489223454	286.602459757	33.51532411525	276.490782917	32.19933463966	274.427124058	32.10735705347	273.652502091	32.07999498318	310.936284015	35.3544705849	272.341557273	31.981392884510	306.593479707	34.855330337911	271.409756704	31.679403311412	267.695839382	31.468747609513	266.447053866	31.242023945814	267.163379469	31.323309765715	292.732695606	33.440843022216	262.225550836	31.024090852417	264.601213549	31.232090652318	260.360748523	30.855973000819	259.523878747	30.639869971320	320.880611448	35.187655207121	271.600914466	31.493652381722	257.011836094	30.628982706423	256.301131099	30.524420377824	260.126136328	30.4546323068

{'test': [33.442460592770651,
          32.774918391088413,
          33.195750699352828,
          32.754892234486924,
          33.515324115151955,
          32.199334639593737,
          32.10735705338881,
          32.07999498312558,
          35.354470584039255,
          31.981392884474818,
          34.855330337940437,
          31.679403311438818,
          31.468747609450411,
          31.242023945772459,
          31.323309765712182,
          33.440843022196049,
          31.024090852427285,
          31.232090652294378,
          30.855973000830343,
          30.639869971334249,
          35.187655207104427,
          31.493652381717862,
          30.628982706407857,
          30.524420377790786,
          30.454632306814041],
 'train': [296.21148536708745,
           287.69010062247327,
           285.82948561962201,
           285.2647372061756,
           286.6024597568707,
           276.49078291687096,
           274.42712405787512,
           273.65250209068557,
           310.93628401546255,
           272.34155727271985,
           306.59347970743909,
           271.40975670375889,
           267.69583938198974,
           266.4470538664134,
           267.16337946945617,
           292.73269560618616,
           262.22555083646591,
           264.60121354926241,
           260.36074852307229,
           259.52387874672354,
           320.88061144777117,
           271.60091446583374,
           257.01183609423606,
           256.30113109861827,
           260.12613632798144]}
