

epoch	train err	test err0	306.788243263	32.53167709451	300.797854599	30.73740090542	295.352172636	30.05047234483	297.591935375	30.82782120944	287.991201898	29.14659535055	282.84183447	26.85300062326	279.689693927	26.43156361087	336.226326607	35.25290556118	283.838619538	26.05820710279	281.327377746	27.913023375810	270.531491927	25.7247192111	274.730844013	25.460799243612	278.259235984	25.529899287613	272.049407273	26.513671416814	275.839289625	27.192571829515	265.442139718	25.013816627616	274.582733668	27.037825725317	277.773977002	25.408402574918	265.092071706	24.720838835319	263.034046826	25.223229384820	261.139487983	24.652093593221	260.331444998	24.772659031622	259.874724165	24.902568186523	276.222992205	25.499835400824	262.02446425	25.590269018125	258.861196807	24.486190009526	264.848194163	26.279206892527	263.990798624	26.111416066128	270.184999026	27.160770195329	255.14686364	24.377853876630	253.866482462	24.297490006731	253.447865564	24.660330218832	256.394654856	24.334685897833	251.746573456	24.348572286434	251.145039218	24.333032688635	250.704664768	24.394025692936	262.141329405	26.411997389337	253.765255843	24.275604189738	249.173908816	24.432137025939	249.053264771	24.230132228540	253.414407136	24.351596211241	253.934873349	24.40421682542	249.504618623	24.169621264543	247.908536842	24.724191257244	246.284329289	24.439793965445	255.335321421	26.187582716146	245.833079176	24.523059080347	262.266661871	27.221294342148	248.686823898	24.201510676449	245.725742587	24.148701886450	243.960501354	24.380757588451	259.394684189	24.946684584252	264.10809896	27.828941095853	244.505265664	24.887453960154	244.533811508	24.938370277255	244.375730483	24.974423268956	257.81563846	27.186360258557	248.361937047	25.826267957358	244.848759552	25.25409433259	242.745426233	24.162419797760	241.427510311	24.645981096261	240.822567337	24.254249873562	258.604528478	25.080035291463	240.20211028	24.319591169464	313.866568967	34.760873017965	252.461000622	24.710942539866	239.936758599	24.616716540967	242.254498493	24.189100207968	252.236845339	24.708506317369	274.400573048	26.424451923670	239.503946777	24.706427984971	245.404952523	25.89912332972	247.270859018	26.280071579273	260.022696955	25.358492654974	240.854651341	25.255030213275	245.84354822	24.441887128276	242.831273568	24.296796287777	238.537525753	24.804719753478	240.500857703	24.233973291279	238.258682066	24.299810708380	255.478699768	27.68224501981	244.2381323	26.040919738782	273.758561346	30.167236004683	241.216378829	25.564437852684	252.904587289	24.961262272685	242.585184313	25.847710991886	239.556953526	25.321748032687	251.453752631	27.240416901688	249.145610464	24.725085785189	236.564483509	24.35748448490	237.696663864	25.039582703291	250.851818647	27.253463514492	258.247678437	25.392303624793	237.999706031	25.153565145994	241.824433307	24.380234628295	238.505341673	25.343875613796	241.812918269	25.932670918597	254.082006911	25.130118725798	238.799630888	24.315786947399	245.650850331	24.6159229458100	286.948742699	32.1163541743101	239.35175852	24.373145578102	238.674691616	24.3241299292103	235.101496771	24.6005502736104	236.295984086	24.3096639955

{'test': [32.531677094538772,
          30.737400905415463,
          30.05047234482495,
          30.827821209354404,
          29.146595350455044,
          26.853000623239403,
          26.431563610840712,
          35.252905561094998,
          26.058207102701566,
          27.913023375758584,
          25.724719209983693,
          25.460799243585353,
          25.529899287630204,
          26.513671416813583,
          27.192571829509109,
          25.013816627613007,
          27.037825725283572,
          25.40840257492966,
          24.720838835280411,
          25.223229384780847,
          24.652093593230603,
          24.772659031640313,
          24.90256818650019,
          25.499835400787749,
          25.590269018090936,
          24.486190009546078,
          26.279206892494319,
          26.111416066114998,
          27.160770195311329,
          24.377853876572029,
          24.297490006703015,
          24.660330218777915,
          24.334685897841247,
          24.348572286372853,
          24.333032688568924,
          24.394025692852509,
          26.41199738930068,
          24.275604189663174,
          24.432137025941298,
          24.230132228510747,
          24.351596211192621,
          24.404216824990815,
          24.169621264492182,
          24.724191257150494,
          24.439793965373884,
          26.18758271612106,
          24.523059080314649,
          27.221294342105587,
          24.201510676393877,
          24.148701886437749,
          24.380757588416873,
          24.946684584209535,
          27.828941095795638,
          24.887453960060316,
          24.938370277223683,
          24.974423268947959,
          27.186360258533384,
          25.82626795733772,
          25.254094332010403,
          24.162419797654536,
          24.645981096209411,
          24.254249873508815,
          25.080035291355163,
          24.319591169416974,
          34.760873017897836,
          24.710942539786508,
          24.61671654087133,
          24.189100207884259,
          24.708506317306206,
          26.4244519236291,
          24.706427984939847,
          25.899123329030399,
          26.280071579223254,
          25.35849265485389,
          25.255030213177392,
          24.441887128209665,
          24.296796287681996,
          24.804719753418283,
          24.233973291191401,
          24.299810708319399,
          27.682245018968437,
          26.04091973874775,
          30.167236004571848,
          25.564437852567803,
          24.961262272649936,
          25.847710991786077,
          25.321748032592904,
          27.240416901579202,
          24.725085785093821,
          24.357484483974446,
          25.039582703216752,
          27.253463514434337,
          25.392303624695963,
          25.153565145873493,
          24.380234628154589,
          25.343875613695836,
          25.932670918458506,
          25.130118725717757,
          24.315786947324924,
          24.615922945751528,
          32.116354174294678,
          24.373145577997697,
          24.32412992923329,
          24.600550273579373,
          24.309663995468913],
 'train': [306.78824326347103,
           300.79785459924557,
           295.35217263578028,
           297.59193537473925,
           287.99120189839533,
           282.8418344704682,
           279.68969392708181,
           336.22632660653608,
           283.83861953845138,
           281.32737774601247,
           270.53149192721338,
           274.73084401280278,
           278.25923598434002,
           272.04940727337549,
           275.83928962473942,
           265.44213971832414,
           274.58273366837602,
           277.77397700158838,
           265.09207170557954,
           263.03404682614905,
           261.13948798281535,
           260.33144499801108,
           259.87472416464044,
           276.22299220530761,
           262.02446425025846,
           258.86119680720589,
           264.84819416309432,
           263.99079862440504,
           270.18499902606305,
           255.14686363967354,
           253.86648246165288,
           253.44786556395809,
           256.39465485620337,
           251.74657345566695,
           251.14503921846165,
           250.70466476837851,
           262.14132940542095,
           253.76525584250606,
           249.17390881606545,
           249.05326477105353,
           253.41440713560274,
           253.93487334919325,
           249.50461862262131,
           247.90853684223626,
           246.28432928859726,
           255.33532142119805,
           245.8330791763492,
           262.2666618705141,
           248.68682389776072,
           245.7257425865651,
           243.96050135439782,
           259.39468418884849,
           264.1080989599634,
           244.50526566388956,
           244.53381150805069,
           244.37573048344487,
           257.81563845950268,
           248.36193704656367,
           244.84875955183469,
           242.74542623281627,
           241.42751031103182,
           240.82256733726052,
           258.60452847783426,
           240.20211027983808,
           313.8665689668893,
           252.46100062241609,
           239.93675859924764,
           242.25449849335425,
           252.23684533893154,
           274.40057304795391,
           239.50394677655177,
           245.40495252313224,
           247.27085901807919,
           260.02269695521096,
           240.85465134095841,
           245.8435482201586,
           242.83127356837673,
           238.53752575268146,
           240.50085770266389,
           238.25868206609906,
           255.47869976823529,
           244.23813230021466,
           273.7585613461199,
           241.2163788288052,
           252.90458728887054,
           242.58518431282869,
           239.55695352623076,
           251.4537526307943,
           249.14561046388201,
           236.56448350860157,
           237.69666386408181,
           250.85181864731089,
           258.2476784368622,
           237.99970603072197,
           241.82443330741589,
           238.50534167342448,
           241.81291826897541,
           254.08200691054503,
           238.79963088813932,
           245.65085033122617,
           286.94874269912253,
           239.35175851988475,
           238.67469161624754,
           235.10149677072332,
           236.29598408632734]}


epoch	train err	test err0	302.281514187	35.22954557191	309.253441982	34.66715377922	302.73152554	33.71144594613	297.517485528	32.70602237314	284.507659858	31.36600967595	278.119983601	30.64407619996	274.39072716	30.38694010417	270.066708115	30.20168491368	281.198135673	31.94194129529	265.245943357	30.338813821510	271.940560577	31.806878952411	262.657604038	30.665330661412	263.655843021	30.830308866213	257.932993479	30.535390244114	257.650772165	30.609918616215	255.727332807	30.737093298516	266.353886051	31.417943024917	253.96651725	31.024732912918	255.367925311	31.637977935119	257.682798778	32.385224868920	250.081283585	31.124750548121	248.858260172	31.053571217722	254.758978855	32.628568398523	250.88516076	32.112372531724	250.317425354	32.239290335825	249.090246551	32.213603278526	289.71312332	33.932640527927	247.831504637	32.315577369728	251.359915497	33.149013634229	243.072856714	31.251215068330	244.951914485	31.129413378331	241.813738086	31.305480781232	245.964946253	31.182903474333	245.530730991	31.160146704534	260.712331807	32.073876811935	241.931836539	31.176167009436	242.956247677	31.211056290537	241.013157553	32.33388260138	253.010794117	31.756747692639	322.340554184	37.245391009740	238.327608694	32.086345977441	237.989141263	32.139836037742	236.45699918	31.762734542843	237.499410877	31.334473033644	244.816459517	31.543249011645	241.215457345	33.124482788246	234.944377157	31.559052535547	251.646800474	32.110091247648	235.362716201	31.535199728149	234.047878736	31.69062633350	234.026850356	32.00226740251	243.654148485	31.767923832952	238.73445664	33.109546718653	235.310680881	32.530616771554	237.975836635	33.050467555855	232.585117389	31.889321049156	255.176572039	32.583846124357	233.325344047	31.56203269758	233.040868651	32.279578542859	235.732104131	31.538933615160	234.552078934	32.678317607361	231.364802093	31.676842236262	244.362341294	31.987176952163	235.857505707	33.029022624664	233.831332452	31.551862473965	236.302779066	31.614998357566	235.989098804	33.097535162767	232.910333602	32.557548894268	236.527151221	31.664334562769	234.307857563	32.871570908570	237.171334222	33.349877734371	230.088089432	31.922401822772	264.844312334	33.520523540873	235.678761887	31.672323113274	236.917443683	33.382566238975	229.380944953	31.79694374676	231.484510159	32.425069444677	229.750723926	32.034749215578	231.348737513	32.475354116179	235.494338978	33.243972242980	231.059456987	32.46618027281	235.97185831	31.709715222782	230.444458211	31.531168063683	243.541175656	32.105825605584	230.07500321	31.542408562585	259.557866729	33.289038930286	228.405573979	31.730048645187	246.999594871	32.392189894388	230.79098712	32.486621791689	252.946689259	35.904565609190	228.727261241	31.645315632391	229.222253047	32.243048260692	229.51714111	32.337934847893	233.640612598	33.107878246894	275.495556618	34.60930151295	230.771137431	31.610056778796	254.946369324	36.210302894897	229.575048772	31.559999942298	229.249350968	31.598890041199	230.113835655	32.5328666013100	229.549789372	31.6217703441101	235.95969183	33.5777336369102	229.03185209	31.6129241287103	228.017930148	31.6330422246104	242.717161331	34.5346355656

{'test': [35.229545571943753,
          34.667153779191111,
          33.711445946095452,
          32.706022373075264,
          31.366009675921685,
          30.64407619990557,
          30.386940104090218,
          30.201684913605735,
          31.941941295191995,
          30.338813821545685,
          31.806878952444777,
          30.665330661359164,
          30.830308866190798,
          30.535390244093112,
          30.609918616221208,
          30.737093298488887,
          31.417943024850807,
          31.024732912888844,
          31.637977935129189,
          32.385224868887533,
          31.12475054805752,
          31.053571217748441,
          32.62856839850177,
          32.112372531731459,
          32.239290335822382,
          32.213603278510945,
          33.932640527945416,
          32.315577369734726,
          33.149013634221937,
          31.251215068254783,
          31.129413378327179,
          31.30548078116167,
          31.182903474291138,
          31.160146704528465,
          32.073876811862903,
          31.176167009366569,
          31.21105629052402,
          32.333882601048586,
          31.756747692592903,
          37.245391009714709,
          32.086345977439137,
          32.139836037709763,
          31.762734542758565,
          31.33447303362134,
          31.543249011567106,
          33.124482788189177,
          31.559052535451737,
          32.110091247631964,
          31.535199728056227,
          31.690626332997685,
          32.002267401993066,
          31.767923832885142,
          33.109546718577725,
          32.530616771451946,
          33.050467555775597,
          31.88932104910154,
          32.583846124336183,
          31.562032696960415,
          32.279578542847652,
          31.538933615123753,
          32.678317607303761,
          31.676842236204081,
          31.98717695205162,
          33.029022624560682,
          31.551862473857444,
          31.614998357546519,
          33.097535162707992,
          32.55754889416616,
          31.664334562730495,
          32.871570908544527,
          33.349877734338165,
          31.922401822723195,
          33.520523540836855,
          31.672323113161241,
          33.382566238856448,
          31.796943746011525,
          32.425069444595664,
          32.034749215457651,
          32.475354116094323,
          33.243972242905691,
          32.466180272018754,
          31.709715222701412,
          31.531168063557949,
          32.105825605491709,
          31.542408562542413,
          33.289038930161624,
          31.730048645074326,
          32.392189894293324,
          32.486621791627215,
          35.904565609072755,
          31.645315632254292,
          32.243048260574,
          32.337934847842391,
          33.107878246796332,
          34.609301511974508,
          31.610056778702827,
          36.21030289477477,
          31.559999942179346,
          31.598890041091884,
          32.532866601318197,
          31.621770344096756,
          33.57773363687091,
          31.612924128666076,
          31.633042224614059,
          34.534635565613158],
 'train': [302.28151418657825,
           309.2534419819392,
           302.73152553956351,
           297.51748552845373,
           284.50765985772978,
           278.11998360075518,
           274.39072715953625,
           270.06670811518501,
           281.19813567270165,
           265.24594335715034,
           271.94056057700863,
           262.65760403813056,
           263.65584302148653,
           257.93299347863933,
           257.65077216480182,
           255.72733280704423,
           266.3538860510958,
           253.96651725046078,
           255.36792531058273,
           257.6827987779385,
           250.08128358503978,
           248.8582601721308,
           254.75897885506902,
           250.88516075976389,
           250.31742535383034,
           249.09024655088717,
           289.71312332016919,
           247.83150463663139,
           251.35991549685235,
           243.07285671383946,
           244.9519144853146,
           241.81373808644247,
           245.96494625325039,
           245.5307309911878,
           260.71233180729524,
           241.93183653850815,
           242.95624767685356,
           241.01315755278389,
           253.01079411730953,
           322.34055418440499,
           238.32760869433935,
           237.98914126301307,
           236.45699917990623,
           237.49941087665849,
           244.81645951686357,
           241.21545734520026,
           234.94437715731596,
           251.64680047392068,
           235.36271620110125,
           234.047878735935,
           234.02685035607615,
           243.65414848465855,
           238.73445664011831,
           235.3106808811612,
           237.97583663492267,
           232.58511738947465,
           255.17657203850297,
           233.32534404727335,
           233.04086865067629,
           235.73210413122968,
           234.55207893445794,
           231.36480209280853,
           244.36234129359275,
           235.85750570687742,
           233.83133245150248,
           236.30277906641459,
           235.98909880387635,
           232.91033360168097,
           236.52715122051271,
           234.30785756301546,
           237.17133422231581,
           230.08808943178306,
           264.84431233361363,
           235.67876188699148,
           236.91744368348287,
           229.38094495278673,
           231.48451015855375,
           229.75072392641454,
           231.34873751263382,
           235.49433897835235,
           231.05945698686466,
           235.97185831019931,
           230.44445821051315,
           243.54117565570658,
           230.0750032102481,
           259.55786672891799,
           228.40557397865246,
           246.99959487096095,
           230.7909871202543,
           252.94668925905839,
           228.72726124060162,
           229.22225304721525,
           229.5171411102535,
           233.64061259751085,
           275.49555661810098,
           230.77113743102916,
           254.94636932410211,
           229.57504877154707,
           229.24935096783213,
           230.11383565513603,
           229.54978937169307,
           235.95969183013034,
           229.03185208976541,
           228.01793014849025,
           242.71716133135996]}


epoch	train err	test err0	309.947688495	34.67702537411	303.787482641	34.4035504752	300.817165836	33.83563425323	293.338009005	33.09269303534	285.676583834	32.18336154815	281.79899602	31.40939373146	275.738126296	31.13587701457	272.113450965	30.75554273388	268.702708532	30.5546520549	272.459659572	31.187939990810	265.786130596	30.709944421711	272.920769167	31.500269434412	272.402146037	31.515709265413	261.232447185	30.444138611814	260.51331213	30.603441983915	261.960477382	30.420811695416	259.283925095	30.28468958917	257.388659227	30.310945785718	257.811074335	30.776916470719	263.239190417	31.996298967820	257.160833402	30.757572002821	257.065981616	30.897524719922	253.938003752	30.050123879423	257.92559246	30.401303924524	252.044207497	30.300583153325	251.238267582	30.071399927526	252.088886869	30.00678358727	253.225825514	30.115673521228	257.908380375	31.669558225329	248.922247668	29.815844315830	248.246959911	30.014095200731	248.42102033	29.845261526332	247.329197341	29.778724599833	246.069633279	29.807581098634	246.559894111	29.942615873235	246.005625507	29.970659830936	244.248061363	29.71132047437	244.181715706	29.789898976738	247.659284227	30.024974258139	244.475234836	29.953291700140	243.579640625	29.629538801341	242.249461276	29.599847620642	245.054388215	30.027848657343	242.033435765	29.515306996344	240.63626383	29.414468784645	240.372386523	29.419878881946	285.663137728	34.685882925947	246.151517516	30.12278936348	240.213228103	29.485615755649	240.315321012	29.590968486450	240.1781332	29.534537458351	265.18155304	32.490606923252	238.027677606	29.264258668853	238.023921143	29.241232230654	251.009955705	30.730377706755	237.601187849	29.150412416556	242.012853035	29.73462740457	241.661142375	29.719694488458	243.323070727	29.917317160559	259.75877562	31.59451866260	253.935180636	31.323971425861	236.289752132	29.062750159862	235.589663744	28.995160852763	236.020496864	29.110471313464	241.412050326	29.771898116165	236.655294745	29.204443077966	239.864781773	29.409385391367	234.873677734	28.868176546768	236.328138799	29.076595047869	241.616869884	29.843668376370	237.814975456	29.341052056971	252.530403019	31.257955231872	237.740406082	29.173865199473	235.343508823	28.904499213374	261.382566798	32.451651649275	237.150805639	29.328474042776	233.484632687	28.791816140677	250.531731032	31.058291365878	233.146300922	28.747014862179	233.075922495	28.775420643880	242.985382283	29.654411165581	240.906170539	29.80312415482	233.12577422	28.733528091383	237.817009276	29.149757082984	236.818361053	29.253244643285	235.49821325	28.861767494686	236.197239638	28.934779271987	236.346956096	29.242369585888	242.570304426	30.053114617989	233.214423547	28.618737304590	235.82678182	28.857932915291	242.174737049	29.998003111692	231.925103087	28.572821281793	241.192962738	29.909527667594	289.279316024	34.849626688595	233.007541085	28.670674165896	237.114789438	29.071872030297	232.468223881	28.712864683298	231.131325053	28.43748203699	245.978741265	30.5389364003100	242.422812597	29.556874412101	230.791248928	28.4681903331102	232.273456724	28.6059244128103	241.949096456	29.6580682131104	241.61555976	29.9670677732

{'test': [34.677025374103579,
          34.403550475018619,
          33.835634253241793,
          33.092693035260659,
          32.183361548117922,
          31.409393731366201,
          31.135877014487011,
          30.755542733750517,
          30.554652054006251,
          31.187939990842786,
          30.709944421677061,
          31.500269434444775,
          31.515709265395607,
          30.444138611837445,
          30.603441983852022,
          30.420811695424916,
          30.28468958901437,
          30.31094578567258,
          30.776916470732559,
          31.996298967795749,
          30.757572002846413,
          30.897524719890853,
          30.050123879411519,
          30.401303924471705,
          30.300583153292479,
          30.071399927527281,
          30.006783586977576,
          30.115673521183965,
          31.669558225334598,
          29.815844315822659,
          30.014095200671175,
          29.845261526279131,
          29.778724599792266,
          29.807581098568356,
          29.942615873224383,
          29.970659830920731,
          29.711320473994967,
          29.789898976693749,
          30.02497425806116,
          29.953291700070515,
          29.62953880131035,
          29.599847620648557,
          30.02784865730726,
          29.51530699625501,
          29.414468784622386,
          29.419878881897702,
          34.685882925929619,
          30.122789362976675,
          29.485615755634225,
          29.590968486384202,
          29.534537458334942,
          32.49060692322977,
          29.264258668765759,
          29.241232230613523,
          30.730377706691041,
          29.150412416466203,
          29.734627403971963,
          29.719694488387386,
          29.917317160531429,
          31.594518661985074,
          31.323971425847436,
          29.062750159817288,
          28.995160852672708,
          29.110471313351031,
          29.771898116071615,
          29.204443077864411,
          29.409385391291799,
          28.868176546737885,
          29.076595047830189,
          29.843668376277694,
          29.341052056853538,
          31.257955231765003,
          29.17386519942967,
          28.904499213280733,
          32.451651649234918,
          29.328474042663778,
          28.791816140606826,
          31.05829136578371,
          28.747014862134847,
          28.775420643760704,
          29.654411165523459,
          29.803124153957381,
          28.733528091252673,
          29.149757082910774,
          29.253244643191593,
          28.861767494600869,
          28.934779271884651,
          29.242369585756936,
          30.053114617882009,
          28.618737304493038,
          28.857932915157136,
          29.998003111622104,
          28.572821281708805,
          29.909527667540548,
          34.849626688508437,
          28.670674165815207,
          29.071872030231599,
          28.712864683195519,
          28.437482035995163,
          30.538936400263466,
          29.55687441201156,
          28.468190333052547,
          28.60592441275671,
          29.658068213055355,
          29.967067773213014],
 'train': [309.94768849500934,
           303.78748264069691,
           300.81716583621596,
           293.33800900458328,
           285.67658383395542,
           281.79899602049301,
           275.73812629609552,
           272.11345096493932,
           268.70270853183388,
           272.45965957221375,
           265.78613059625496,
           272.92076916700063,
           272.40214603653544,
           261.2324471849933,
           260.51331212958024,
           261.96047738190811,
           259.28392509456683,
           257.38865922672164,
           257.81107433485187,
           263.23919041724901,
           257.16083340228602,
           257.06598161628523,
           253.93800375177693,
           257.92559245971921,
           252.04420749749644,
           251.23826758226451,
           252.08888686892851,
           253.22582551415871,
           257.90838037518722,
           248.92224766805236,
           248.24695991135275,
           248.42102033045222,
           247.32919734122819,
           246.06963327869462,
           246.55989411095516,
           246.00562550651387,
           244.24806136280927,
           244.18171570635741,
           247.6592842272423,
           244.47523483607253,
           243.5796406245293,
           242.24946127557172,
           245.0543882148487,
           242.03343576489024,
           240.63626382974832,
           240.37238652342455,
           285.6631377279723,
           246.15151751552978,
           240.21322810279995,
           240.31532101225287,
           240.17813320006357,
           265.18155304009639,
           238.02767760612542,
           238.02392114313818,
           251.00995570524023,
           237.60118784923245,
           242.01285303489962,
           241.66114237487102,
           243.32307072691697,
           259.75877562031479,
           253.93518063599217,
           236.28975213236316,
           235.58966374377286,
           236.02049686392829,
           241.41205032621087,
           236.65529474499905,
           239.86478177260028,
           234.87367773435076,
           236.32813879912226,
           241.6168698835998,
           237.81497545622284,
           252.5304030187277,
           237.74040608193087,
           235.34350882257075,
           261.3825667977452,
           237.15080563893383,
           233.48463268704387,
           250.53173103227419,
           233.14630092156821,
           233.07592249476033,
           242.98538228271977,
           240.90617053859214,
           233.12577421968612,
           237.81700927553513,
           236.81836105346579,
           235.49821325021961,
           236.19723963849481,
           236.34695609567638,
           242.57030442618219,
           233.21442354671754,
           235.82678182046837,
           242.17473704854513,
           231.92510308669807,
           241.19296273846035,
           289.27931602432335,
           233.00754108489662,
           237.11478943757481,
           232.46822388115839,
           231.13132505287325,
           245.97874126485743,
           242.42281259693925,
           230.79124892815994,
           232.2734567237564,
           241.94909645569956,
           241.61555975989941]}
