

epoch	train err	test err0	295.38648261	35.48873943761	277.656949551	33.19979160972	274.278801615	33.22823277723	272.955330294	32.15833145034	293.588996352	32.60286711725	270.034576993	31.45347299186	265.821154932	31.49161175687	266.179860527	31.20697968758	276.091799668	33.62451879549	276.438712536	33.569939733610	265.030083344	30.71475336211	267.455715852	30.660229625112	265.6514648	32.026988949513	308.741744348	32.828818011514	267.814938832	30.452002395615	259.713646552	30.507930838916	270.403502506	30.205610058317	268.134025702	30.109240685418	258.993478733	30.732503676119	269.497458901	29.917706688120	257.940653569	30.494284907121	275.344370006	30.056852780722	259.936509052	30.978775283123	259.500575633	29.371472936924	258.111052266	30.609900239325	257.113393994	29.325992099726	284.222164721	30.274442068927	254.545904932	29.776992135428	255.656415259	28.84739608829	262.315429101	31.031729094730	287.635719823	30.110245624631	262.36013209	30.983248364132	257.412749732	30.174779081233	253.194131403	29.563932513434	254.911518099	28.205372043435	263.295725235	28.508580249636	257.987937075	30.27459199537	254.737861584	29.593876372138	263.354423486	28.32513384439	253.40303425	27.810841899840	264.189101523	27.83766758241	249.171553619	28.221762787642	248.497387325	28.240177300143	250.409687627	27.229389184244	258.396757211	29.625572844645	266.612536836	30.565842828546	266.828009238	27.579111150247	245.858891204	27.353090279848	250.010142027	26.717771895349	263.727377829	27.041725245350	251.340485398	26.569192796951	254.443006564	26.482963560452	249.579654506	26.447525179753	245.977285526	26.376682427554	256.78440049	28.861137345455	248.833707106	26.26261490156	292.781147758	28.304712122857	246.172083757	26.683315124558	247.400505301	27.437537936159	242.894716292	26.427547382560	243.800790609	26.823886918561	247.198992676	27.258035206862	244.60282962	25.75293336363	248.127423959	27.108110990764	249.836798351	27.525640287165	276.099232409	26.854543935266	248.738510787	27.625300126767	241.803457392	25.746468598568	246.984356426	26.849674345869	242.909050403	25.470987209370	241.852929271	26.127789470171	245.495426676	27.031300009972	242.002856325	25.386393517773	246.214642886	25.174411876974	241.367260427	26.11209084175	242.142306759	25.584877991176	243.880006566	26.66808053377	247.69620219	26.887270195778	257.162200253	25.404330895179	254.867652466	25.199232683880	273.180471947	30.046141005881	256.393636604	25.23961470982	246.709675388	24.762197217983	239.426273445	24.916333200184	258.355135528	28.484587098185	238.24510871	24.988165389186	238.40141299	24.989285672487	268.137858952	29.39489822588	245.468859553	24.52429889389	248.485395604	24.57999164390	238.546890571	24.406603925691	299.654837434	27.847464674292	240.064836254	24.420764980493	249.737973002	24.418260733694	237.51831753	24.823622235295	269.335435728	25.385139564796	241.624695262	23.986380366897	246.553556405	23.928453613598	248.472483199	26.673398097699	236.729652416	23.916203206100	238.853143556	24.1831805754101	242.638298436	23.5507040945102	238.835894065	24.8448149041103	235.456363047	24.2262330875104	240.571402991	23.5435932901

{'test': [35.488739437567148,
          33.199791609684766,
          33.228232777184694,
          32.158331450307969,
          32.602867117162823,
          31.453472991819911,
          31.491611756818784,
          31.206979687532439,
          33.624518795410708,
          33.569939733570969,
          30.714753362000131,
          30.660229625099237,
          32.026988949490509,
          32.828818011467156,
          30.452002395648961,
          30.507930838876717,
          30.205610058284883,
          30.109240685356337,
          30.732503676113136,
          29.917706688134285,
          30.494284907078249,
          30.056852780712582,
          30.978775283133313,
          29.371472936903313,
          30.60990023932494,
          29.325992099722093,
          30.274442068924621,
          29.776992135434121,
          28.847396088007478,
          31.031729094724831,
          30.110245624644442,
          30.983248364146817,
          30.174779081169422,
          29.563932513423467,
          28.205372043367561,
          28.508580249631557,
          30.274591994964368,
          29.593876372119844,
          28.325133844006462,
          27.810841899807823,
          27.837667582044819,
          28.221762787590599,
          28.240177300055493,
          27.229389184226068,
          29.625572844645902,
          30.565842828481596,
          27.579111150246035,
          27.353090279801304,
          26.717771895286305,
          27.041725245305877,
          26.569192796913075,
          26.48296356039241,
          26.447525179717957,
          26.376682427460761,
          28.86113734539947,
          26.26261490103871,
          28.304712122756584,
          26.683315124485617,
          27.437537936138025,
          26.427547382457348,
          26.823886918547373,
          27.258035206830517,
          25.75293336296852,
          27.108110990691738,
          27.525640287069091,
          26.854543935160653,
          27.625300126673814,
          25.746468598547523,
          26.849674345750355,
          25.470987209298766,
          26.127789470066688,
          27.031300009942164,
          25.386393517685896,
          25.174411876850108,
          26.112090840996018,
          25.584877991052824,
          26.668080532950011,
          26.887270195664858,
          25.404330895102156,
          25.199232683759647,
          30.046141005760248,
          25.239614709041739,
          24.762197217943186,
          24.916333200142013,
          28.484587098101574,
          24.988165389058267,
          24.989285672383467,
          29.394898225022217,
          24.524298892992135,
          24.579991642955761,
          24.406603925595775,
          27.847464674198211,
          24.420764980399863,
          24.418260733644548,
          24.823622235184189,
          25.385139564674194,
          23.986380366763029,
          23.928453613526045,
          26.673398097630475,
          23.916203205953433,
          24.183180575397188,
          23.550704094507356,
          24.844814904102659,
          24.22623308746957,
          23.543593290072778],
 'train': [295.38648261028993,
           277.65694955076685,
           274.27880161542043,
           272.95533029368909,
           293.58899635171866,
           270.03457699274043,
           265.82115493159381,
           266.17986052742174,
           276.09179966784245,
           276.43871253577561,
           265.03008334396674,
           267.45571585190993,
           265.65146480005444,
           308.74174434777171,
           267.81493883221498,
           259.71364655162887,
           270.40350250614568,
           268.13402570244443,
           258.9934787331789,
           269.49745890129913,
           257.94065356871619,
           275.34437000553919,
           259.93650905222518,
           259.50057563306507,
           258.11105226633873,
           257.11339399364834,
           284.22216472055612,
           254.54590493195781,
           255.65641525867642,
           262.31542910070436,
           287.63571982282548,
           262.36013209011094,
           257.41274973165059,
           253.1941314029194,
           254.91151809879767,
           263.29572523514929,
           257.98793707471543,
           254.73786158419028,
           263.35442348603993,
           253.40303425006152,
           264.18910152262737,
           249.17155361865909,
           248.49738732496508,
           250.40968762691875,
           258.39675721145989,
           266.61253683607504,
           266.8280092379058,
           245.85889120359192,
           250.01014202730508,
           263.72737782870018,
           251.34048539845443,
           254.4430065643989,
           249.57965450612861,
           245.9772855255319,
           256.78440049017695,
           248.83370710590776,
           292.78114775831892,
           246.17208375738073,
           247.40050530147263,
           242.89471629169884,
           243.80079060913408,
           247.19899267573928,
           244.60282961970819,
           248.12742395925684,
           249.83679835080017,
           276.09923240892829,
           248.73851078744073,
           241.8034573920412,
           246.9843564260465,
           242.90905040310062,
           241.85292927089606,
           245.49542667565305,
           242.00285632498785,
           246.21464288632743,
           241.36726042666635,
           242.14230675944171,
           243.88000656566902,
           247.69620219005827,
           257.16220025273651,
           254.86765246597633,
           273.18047194704519,
           256.39363660436817,
           246.70967538811186,
           239.42627344474124,
           258.35513552810295,
           238.24510871030228,
           238.40141298975232,
           268.13785895194945,
           245.4688595525385,
           248.48539560396736,
           238.54689057070428,
           299.65483743352797,
           240.064836253598,
           249.7379730022671,
           237.51831753040062,
           269.33543572814301,
           241.62469526183992,
           246.55355640507526,
           248.47248319925458,
           236.72965241561229,
           238.85314355592962,
           242.63829843563857,
           238.83589406458918,
           235.45636304671487,
           240.57140299130288]}


epoch	train err	test err0	385.484956207	43.85489974811	296.597320148	31.673962482	285.475450887	29.75150664953	283.10370532	29.04100920364	297.521039742	32.81599175845	292.610097215	28.89529368236	275.554212846	28.94762809797	302.103012166	29.0806887118	297.983486184	33.50286668829	278.983872701	28.264905839210	274.53964593	28.140390398211	346.933601942	40.480985181512	274.216443516	30.103936687713	265.571219728	28.279098252314	267.204548048	27.7774457815	266.866724004	29.415122642216	279.490709577	27.795418012417	276.38215131	31.029008025118	260.450138095	28.223058007619	258.877920248	27.998151346820	270.957945506	27.208302282421	256.71089248	27.824966161122	255.490930586	27.675315190523	272.464367724	30.934841331324	254.043508388	27.624763629925	252.840338573	27.235993936326	257.136867644	26.595004126427	288.783605455	33.228965792128	254.232810962	26.5329830929	274.319517178	31.274635451630	249.937762897	27.011480318331	266.812784282	26.37084939432	258.129394638	28.915879127333	258.689024624	29.003878798334	249.248373007	26.130990672135	250.99135701	27.682367646436	248.232733022	26.973511970337	248.40407089	26.905184740138	252.509684526	27.93631322739	251.396786967	27.722965531740	282.292720377	32.071141375841	253.685018849	28.070877080342	296.068656717	33.758065149343	259.120424728	28.840644704544	247.509164943	25.273281664145	269.030673546	30.1327585146	243.017801745	25.69972343147	252.70326708	24.825403148848	252.113825922	27.590976939449	252.220357459	24.978458101850	242.981662694	25.771343018251	283.233968182	31.809412043752	247.100357806	24.65118540353	256.046779236	24.58386740654	254.512232417	27.787020661155	241.411927799	25.45448735556	240.440981915	25.216585792657	246.623597738	26.530032681958	258.312839225	28.29367153459	255.710042131	24.464135498560	252.65231376	27.383282386261	242.643100818	25.781321022362	245.146529292	23.831973027763	266.406018222	29.323505993764	247.325909928	26.523367818465	239.043068534	24.595291384766	252.518245273	27.322223505167	249.262723321	26.787017945668	242.341711346	25.650598051169	238.405039531	24.843286444270	240.478199943	23.953043596671	244.668175332	23.702057285272	237.542914651	24.526895854373	239.674084093	25.075081781174	305.383846454	34.240092523475	235.716661707	23.875527723576	237.899083297	24.724744604277	272.469964039	24.914567531578	236.901653797	24.356559958879	251.808397055	26.986602116180	260.600887024	28.277659781181	235.236102029	23.899405125482	251.428584362	23.61805846383	266.754832663	29.038473013884	234.753427605	23.575912373285	272.068725619	29.797547505286	259.004812645	23.885139618887	254.582624209	23.803938619888	242.058867682	23.310591929289	247.34366298	23.744332301690	236.552109973	23.323579737191	254.734565244	23.283161387292	232.975045068	23.345220690193	235.658651431	24.274046077394	239.391686212	24.99317715295	232.642516808	23.44473881696	238.23311044	23.205960135697	268.559751862	24.157123610398	247.48863649	26.288201554499	260.187399353	23.7109622333100	238.846542592	24.8776530447101	232.948198071	22.814211573102	245.653226689	25.9397123004103	255.218860434	23.3887264364104	232.443043908	23.204782586

{'test': [43.854899748066508,
          31.67396248001387,
          29.751506649497326,
          29.041009203589649,
          32.815991758397239,
          28.895293682342022,
          28.947628097925815,
          29.080688710963713,
          33.502866688242669,
          28.264905839187978,
          28.140390398183538,
          40.480985181488329,
          30.103936687658852,
          28.279098252257693,
          27.777445780009955,
          29.415122642180741,
          27.795418012415904,
          31.029008025135965,
          28.223058007558457,
          27.998151346785136,
          27.208302282414508,
          27.824966161125086,
          27.675315190538115,
          30.934841331331917,
          27.624763629896901,
          27.235993936344087,
          26.595004126383124,
          33.228965792088985,
          26.53298308998664,
          31.274635451584828,
          27.011480318264546,
          26.37084939397149,
          28.915879127285365,
          29.003878798316187,
          26.13099067211467,
          27.682367646375805,
          26.973511970334524,
          26.905184740071906,
          27.936313227009915,
          27.722965531691052,
          32.071141375771532,
          28.070877080295681,
          33.75806514932345,
          28.840644704466648,
          25.273281664141876,
          30.132758509959604,
          25.699723431018004,
          24.825403148835171,
          27.590976939419292,
          24.978458101842914,
          25.771343018230041,
          31.809412043703666,
          24.65118540301021,
          24.583867406026982,
          27.787020661100595,
          25.454487354961152,
          25.216585792572982,
          26.530032681936607,
          28.293671533953809,
          24.464135498489604,
          27.383282386180831,
          25.781321022260819,
          23.831973027709868,
          29.3235059936661,
          26.523367818426109,
          24.595291384659483,
          27.322223505051216,
          26.787017945613755,
          25.650598051135489,
          24.843286444210058,
          23.953043596551918,
          23.702057285163519,
          24.526895854318095,
          25.075081781146565,
          34.240092523438626,
          23.875527723499271,
          24.724744604231553,
          24.91456753152865,
          24.35655995882771,
          26.986602116104311,
          28.277659781056236,
          23.899405125371423,
          23.61805846297651,
          29.03847301379286,
          23.575912373218177,
          29.797547505193172,
          23.885139618829541,
          23.803938619805351,
          23.310591929202612,
          23.744332301577597,
          23.323579737108357,
          23.28316138715476,
          23.345220690102298,
          24.274046077320747,
          24.993177152023097,
          23.444738815987371,
          23.205960135610518,
          24.15712361027251,
          26.288201554402828,
          23.710962233307271,
          24.877653044662797,
          22.81421157299603,
          25.939712300402011,
          23.388726436439473,
          23.204782586027342],
 'train': [385.48495620726794,
           296.59732014787392,
           285.47545088677458,
           283.10370531992857,
           297.52103974168472,
           292.61009721457032,
           275.55421284641693,
           302.10301216634758,
           297.98348618401764,
           278.98387270119855,
           274.53964592962001,
           346.93360194161232,
           274.21644351637315,
           265.57121972806226,
           267.20454804761943,
           266.86672400363807,
           279.49070957663184,
           276.38215130981149,
           260.45013809517462,
           258.87792024816406,
           270.95794550641529,
           256.710892479628,
           255.49093058608486,
           272.46436772362529,
           254.04350838762807,
           252.84033857272559,
           257.13686764431787,
           288.78360545530018,
           254.23281096216232,
           274.31951717759728,
           249.93776289682341,
           266.81278428182753,
           258.1293946379102,
           258.6890246239812,
           249.24837300736789,
           250.99135700970206,
           248.23273302243666,
           248.40407088989588,
           252.50968452591658,
           251.39678696732943,
           282.29272037694801,
           253.68501884920391,
           296.06865671726757,
           259.12042472757918,
           247.50916494320413,
           269.03067354584931,
           243.0178017453203,
           252.70326708001829,
           252.11382592199965,
           252.22035745854637,
           242.98166269353038,
           283.23396818227604,
           247.10035780639674,
           256.04677923616578,
           254.51223241710304,
           241.41192779880683,
           240.4409819154933,
           246.62359773804081,
           258.312839224855,
           255.7100421311045,
           252.6523137599616,
           242.6431008182891,
           245.14652929179096,
           266.40601822161443,
           247.3259099280304,
           239.04306853395411,
           252.51824527317504,
           249.26272332108309,
           242.34171134637569,
           238.40503953063049,
           240.47819994264916,
           244.66817533168111,
           237.54291465126292,
           239.67408409347979,
           305.38384645385059,
           235.71666170655996,
           237.89908329698818,
           272.46996403907781,
           236.90165379668426,
           251.80839705535163,
           260.60088702403135,
           235.23610202894488,
           251.42858436238794,
           266.75483266257629,
           234.75342760469633,
           272.06872561940065,
           259.00481264527212,
           254.58262420927224,
           242.05886768208799,
           247.34366298047811,
           236.55210997318656,
           254.73456524387854,
           232.9750450681907,
           235.65865143098301,
           239.3916862120079,
           232.64251680772233,
           238.2331104404914,
           268.55975186160572,
           247.48863648950484,
           260.18739935277364,
           238.84654259156798,
           232.94819807051181,
           245.65322668913345,
           255.2188604340688,
           232.44304390787721]}


epoch	train err	test err0	304.730177267	26.5965193231	320.587130896	22.13549539862	305.42511922	24.07423098963	298.981649896	29.89462486834	307.92048923	22.88188707455	285.285343746	23.86840556456	281.3473857	23.6851802837	277.711072188	24.91437552878	274.62442692	23.3185976849	274.269813311	23.635559209310	288.620788077	22.262467712611	273.693386408	24.193397329112	271.546868536	22.399407139613	280.092948252	25.865820653814	271.086508177	22.033497915915	278.305416985	25.332429850816	277.022567988	20.472120355717	265.452024097	21.68385154718	263.972118068	21.489608481819	265.819261787	22.193399371920	262.749488581	20.563895210821	311.115820163	31.096701946522	279.34898544	25.866352932623	262.255479664	20.936650985324	273.785747847	19.431783233625	276.555946867	19.761136939726	277.794541159	19.678415586927	259.024441536	19.993930509828	257.314270707	20.797862443329	262.416291085	19.108044535630	277.022989669	24.720221510831	256.527427996	19.24132565332	261.153775689	18.994878407133	258.45149412	21.959707118234	258.48938463	21.454511330635	252.978604511	19.960712432136	266.332393736	22.552900192437	253.510169326	19.558722112138	252.242800395	19.030846409339	251.930858238	19.129217880740	254.801760593	19.091397022941	257.977389438	22.208740005842	298.448422543	29.024510880143	250.917953581	20.495199546144	265.945499653	23.707583191445	250.595351734	19.02660699246	252.256736005	21.204714798147	302.542650028	29.621825496848	249.190892496	19.556956475649	249.940858835	18.737077160250	258.011410943	22.145677338751	248.228714974	18.32994458252	258.061955014	21.816351429553	249.598572748	20.433307834954	245.195745716	18.656816398155	249.811295021	18.376816884556	261.028344849	18.236551882457	243.76299539	19.832676632258	253.184900351	21.860435085759	269.96435385	24.951794090560	254.371246118	18.061496040461	243.968486972	18.348638470462	284.105914593	27.307118905363	241.17359244	19.721221279164	252.300087279	22.743016203365	270.613320644	25.51805609466	283.132666047	27.392476530867	299.084045594	29.705732380368	243.348097065	18.198613165969	273.719295998	18.586359388470	238.913588902	19.323093751271	241.668746941	20.284810867572	253.385295862	23.467954075473	254.87208727	18.028295976674	248.837020868	18.078578481675	268.696358628	25.446895454576	237.042438729	19.502683449477	239.185214867	18.323659689878	240.906965336	18.178495495679	257.483145414	22.975381330880	281.164947568	26.825725542181	237.19613478	18.881146585882	235.683448328	19.226129869383	237.269012518	18.983693252184	243.379666499	18.064894400785	248.409006573	22.503937804886	239.903591889	18.256762965687	237.227253631	19.793480097188	239.019825693	18.078970862489	258.941908789	24.31413704690	237.281734014	18.352173106591	245.191490163	21.379653976192	299.091629109	30.524808934993	239.445533423	18.083640216594	241.905728704	17.979182185495	234.640411391	19.101854954896	240.787767294	17.977912732197	234.866950044	18.387341164398	237.207354237	20.812567719699	235.549795815	18.4773038309100	252.101750104	23.0967693537101	234.267542427	19.590163573102	237.544611629	18.2563332879103	241.657982777	17.9325838796104	237.597743351	18.075309801

{'test': [26.596519323049456,
          22.13549539860453,
          24.074230989578044,
          29.894624868320196,
          22.881887074503535,
          23.86840556447611,
          23.685180283049007,
          24.914375528719809,
          23.318597684023331,
          23.63555920926121,
          22.262467712577646,
          24.193397329065444,
          22.399407139571352,
          25.865820653834902,
          22.033497915857655,
          25.332429850795098,
          20.472120355678154,
          21.683851547044881,
          21.489608481783737,
          22.193399371860998,
          20.563895210840371,
          31.096701946473154,
          25.866352932569267,
          20.936650985293241,
          19.431783233602246,
          19.761136939715591,
          19.678415586888722,
          19.993930509751443,
          20.797862443264922,
          19.108044535635912,
          24.720221510792594,
          19.241325653006236,
          18.994878407054482,
          21.959707118209614,
          21.454511330592652,
          19.960712432148295,
          22.552900192395022,
          19.558722112097563,
          19.030846409284596,
          19.129217880713856,
          19.091397022892558,
          22.208740005823735,
          29.024510880100305,
          20.495199546125455,
          23.707583191423929,
          19.026606992019403,
          21.204714798058177,
          29.621825496772921,
          19.556956475643961,
          18.737077160242396,
          22.14567733870507,
          18.329944581966444,
          21.816351429456297,
          20.433307834866625,
          18.656816398110621,
          18.376816884454843,
          18.236551882436512,
          19.83267663220958,
          21.860435085697844,
          24.951794090450242,
          18.061496040356353,
          18.348638470361106,
          27.307118905308414,
          19.721221279131122,
          22.7430162033275,
          25.518056093985425,
          27.392476530764455,
          29.705732380330367,
          18.198613165948622,
          18.586359388354214,
          19.323093751246336,
          20.284810867529316,
          23.467954075416614,
          18.028295976640116,
          18.078578481576553,
          25.446895454454097,
          19.502683449420299,
          18.323659689761385,
          18.178495495604771,
          22.975381330842758,
          26.825725542092648,
          18.881146585779106,
          19.226129869301776,
          18.983693252059346,
          18.06489440065479,
          22.503937804802451,
          18.25676296560043,
          19.79348009707968,
          18.078970862408202,
          24.314137046004753,
          18.35217310645282,
          21.379653976098687,
          30.524808934902008,
          18.083640216508734,
          17.979182185413993,
          19.101854954817231,
          17.977912732066553,
          18.387341164270133,
          20.812567719598785,
          18.477303830941793,
          23.096769353723552,
          19.590163573032108,
          18.256333287890765,
          17.932583879583092,
          18.075309800980339],
 'train': [304.73017726684213,
           320.58713089552526,
           305.42511921973016,
           298.98164989602554,
           307.92048922959088,
           285.28534374610484,
           281.34738570005743,
           277.71107218843002,
           274.62442691992982,
           274.26981331111506,
           288.62078807739101,
           273.69338640826766,
           271.54686853615874,
           280.09294825224111,
           271.08650817703182,
           278.30541698507204,
           277.02256798796759,
           265.452024096787,
           263.97211806776249,
           265.81926178691248,
           262.74948858137424,
           311.1158201626032,
           279.3489854396235,
           262.25547966370897,
           273.78574784709934,
           276.5559468669104,
           277.79454115947004,
           259.02444153641011,
           257.31427070659055,
           262.41629108498648,
           277.02298966904408,
           256.52742799561116,
           261.15377568933189,
           258.45149412000893,
           258.48938463046562,
           252.97860451062678,
           266.33239373602453,
           253.51016932630841,
           252.24280039474209,
           251.93085823793686,
           254.80176059321585,
           257.97738943847708,
           298.44842254277438,
           250.91795358133879,
           265.9454996529193,
           250.59535173427315,
           252.25673600510021,
           302.54265002806852,
           249.19089249627419,
           249.94085883480653,
           258.0114109431608,
           248.22871497432229,
           258.06195501382899,
           249.5985727476334,
           245.19574571570348,
           249.81129502067012,
           261.02834484941167,
           243.76299539042728,
           253.18490035101118,
           269.96435384956328,
           254.3712461181965,
           243.96848697195003,
           284.10591459268647,
           241.17359243962005,
           252.30008727949985,
           270.61332064441797,
           283.13266604741642,
           299.08404559426526,
           243.3480970647243,
           273.71929599809636,
           238.91358890187522,
           241.6687469409186,
           253.38529586172609,
           254.87208726960495,
           248.83702086831806,
           268.69635862783463,
           237.04243872853135,
           239.18521486736716,
           240.9069653361675,
           257.48314541444677,
           281.16494756809504,
           237.1961347802312,
           235.68344832798942,
           237.26901251792171,
           243.37966649902921,
           248.40900657299755,
           239.90359188907189,
           237.22725363059021,
           239.01982569318781,
           258.94190878930493,
           237.28173401429405,
           245.19149016273505,
           299.09162910929217,
           239.44553342262589,
           241.90572870378369,
           234.64041139091816,
           240.7877672938277,
           234.86695004449896,
           237.20735423673992,
           235.54979581497295,
           252.10175010397433,
           234.26754242652586,
           237.54461162908331,
           241.65798277725762,
           237.59774335088179]}
