

epoch	train err	test err0	307.994621305	32.80959032811	299.70937339	30.95583077822	299.845927492	30.45762857173	290.573672415	30.1455521674	284.009488055	29.70579496595	281.618792598	29.53549871166	287.740811747	29.06207061647	284.687323446	29.81296008738	276.487038256	28.58657268259	277.004749	28.665867459610	282.044591807	28.310447459211	272.880885093	27.886171778312	272.863196227	27.893698677713	315.383900355	33.664560139414	268.999145114	27.160254181715	273.859037616	27.199339890416	283.530771972	29.473183521517	297.065827908	31.283242746818	266.063744779	26.502751121419	265.882143914	26.883701665820	279.704691313	28.971847983621	267.179653147	26.229320673822	263.131848468	26.369641116523	261.957490378	25.894494961824	262.272407899	25.592981238725	261.434704829	26.152021928826	262.174054723	26.266461248927	261.818378251	25.33918405228	258.336782849	25.438396764529	271.630057112	27.878061483830	265.404230549	25.274407966831	256.222767559	25.132024402832	256.137144323	24.946663811933	287.650098004	30.317118208334	257.566363046	25.821741508235	253.869171715	24.757837060636	255.490812754	25.307389308437	270.258824598	27.832899483638	258.959333446	25.933649215239	253.65617752	24.194550157940	256.375704972	24.164716221141	254.635343746	24.22988060142	252.247174262	24.867249855843	251.144657746	23.880939457344	251.227824818	24.824044951945	264.850133918	27.081897033346	250.419087001	24.677116708847	249.452942726	24.399103307748	255.42588334	25.655077370649	254.024077871	25.249854086550	249.015838385	24.490737113851	257.372384559	23.748833983152	246.110530667	23.688470739653	247.685180737	23.288274819154	259.854103108	23.759806361555	250.502241367	23.343133193656	244.795699576	23.415421700157	256.781583144	25.947885777658	252.981657928	25.386769787959	253.947613383	25.765419869760	269.829838517	27.942561804961	243.429650871	23.496556091362	261.196957603	26.797601209963	268.448879651	27.858007001464	263.684533784	23.9162343119

{'test': [32.80959032808174,
          30.955830778232659,
          30.457628571699878,
          30.145552167034452,
          29.705794965912506,
          29.535498711641061,
          29.062070616378364,
          29.812960087344287,
          28.586572682480153,
          28.665867459605206,
          28.310447459175435,
          27.886171778256656,
          27.893698677740069,
          33.664560139373634,
          27.160254181716233,
          27.19933989044041,
          29.473183521478624,
          31.283242746776967,
          26.502751121424673,
          26.88370166582974,
          28.971847983640473,
          26.229320673760689,
          26.369641116523052,
          25.894494961817458,
          25.592981238662023,
          26.152021928789615,
          26.266461248886952,
          25.339184051986361,
          25.438396764544713,
          27.878061483754749,
          25.274407966826345,
          25.132024402778878,
          24.946663811894503,
          30.317118208297646,
          25.82174150824579,
          24.757837060612669,
          25.307389308440158,
          27.83289948359284,
          25.933649215209794,
          24.194550157908203,
          24.164716221107739,
          24.229880600954012,
          24.867249855804953,
          23.880939457274351,
          24.824044951856955,
          27.081897033300329,
          24.677116708802096,
          24.399103307652268,
          25.655077370618226,
          25.2498540865375,
          24.490737113792644,
          23.748833983096446,
          23.688470739557491,
          23.288274819107968,
          23.759806361451975,
          23.343133193617415,
          23.415421700130349,
          25.947885777622236,
          25.386769787915846,
          25.765419869705553,
          27.942561804884782,
          23.496556091286141,
          26.797601209899973,
          27.858007001360765,
          23.916234311915531],
 'train': [307.99462130527991,
           299.70937338991524,
           299.84592749179774,
           290.57367241486264,
           284.00948805542862,
           281.61879259825605,
           287.74081174704662,
           284.68732344591689,
           276.48703825645254,
           277.00474900015928,
           282.04459180672643,
           272.88088509280306,
           272.86319622746447,
           315.3839003550159,
           268.99914511414329,
           273.85903761554067,
           283.53077197212428,
           297.06582790821665,
           266.06374477906587,
           265.88214391387692,
           279.70469131329185,
           267.17965314683619,
           263.1318484684852,
           261.95749037812971,
           262.27240789926782,
           261.43470482925954,
           262.17405472326863,
           261.81837825098899,
           258.33678284900571,
           271.63005711162026,
           265.4042305488764,
           256.22276755867586,
           256.13714432278528,
           287.65009800432404,
           257.5663630461371,
           253.86917171468301,
           255.49081275411351,
           270.25882459758793,
           258.95933344591162,
           253.65617752023468,
           256.37570497163136,
           254.63534374579234,
           252.24717426201869,
           251.14465774563496,
           251.22782481797557,
           264.8501339184271,
           250.41908700092264,
           249.45294272561836,
           255.42588333971923,
           254.02407787068032,
           249.01583838461667,
           257.37238455885051,
           246.11053066741437,
           247.68518073654099,
           259.85410310843417,
           250.50224136741735,
           244.79569957550424,
           256.78158314373121,
           252.98165792803417,
           253.94761338314478,
           269.8298385170142,
           243.42965087082285,
           261.19695760300215,
           268.44887965103072,
           263.68453378385783]}


epoch	train err	test err0	302.484866951	32.52459514851	299.604332977	32.10100551462	291.181762056	31.12506854443	283.193529322	29.79407319474	279.368234827	30.79168118915	282.73233261	29.67494419826	283.429230704	31.77661509227	275.549543977	29.26739365218	271.417162751	30.24632405789	268.378324145	29.750351208810	266.082635587	29.570872795611	267.966286629	28.932128881112	263.698805123	29.129392213413	262.993067423	29.285088969214	262.381518909	28.994689734815	266.195528938	28.75463099516	261.562476042	29.047944504217	261.026215615	28.517514148718	259.249209126	28.71802998119	261.663867997	29.168800348920	258.185781754	28.722622675821	268.476771654	29.002907099222	259.787781967	28.867596385523	255.859063639	28.335822171424	255.729175694	28.263246491425	254.466464784	28.089971731326	263.003155364	29.290141504327	253.726022619	28.082783173428	253.196788843	28.05536039329	252.951504092	27.826994026730	251.879905939	27.85259686131	260.634751367	28.490825488132	251.083107375	27.63634938833	251.578246607	27.788037951234	254.510334282	27.848437411335	251.046763076	27.695903022736	248.645298631	27.357344398237	249.918145215	27.355393019738	254.456401777	28.038739843239	247.665363634	27.15370273340	247.684819075	27.198707284841	254.295420081	27.719693759242	279.151220414	30.654369231443	245.811089961	26.934688273644	289.101875129	31.742409260645	245.009340097	26.780187829846	258.280591032	28.030079860147	245.032541412	26.718239843848	249.597964002	27.133465880949	249.744769182	27.308909565850	247.168984663	26.891742450951	244.104725424	26.625562174852	247.021327715	26.802731694953	247.967683264	27.053510331554	241.973870879	26.294586717455	242.810331382	26.420100178856	320.792413248	35.422784334857	252.434827667	27.320298404158	245.810948474	26.56106250459	241.430232956	26.291434658760	240.794245491	26.069319286161	248.906941539	26.826021599262	240.075361336	25.999666825863	289.578328536	31.830500258664	241.106972101	25.9640934776

{'test': [32.524595148475619,
          32.101005514637542,
          31.125068544435692,
          29.794073194736072,
          30.791681189076286,
          29.674944198188012,
          31.77661509221501,
          29.267393652097425,
          30.246324057830762,
          29.750351208823545,
          29.570872795560202,
          28.932128881139981,
          29.129392213425447,
          29.285088969224589,
          28.994689734797685,
          28.75463099504794,
          29.047944504172939,
          28.517514148692577,
          28.718029980971512,
          29.168800348943098,
          28.722622675839816,
          29.002907099228871,
          28.867596385450945,
          28.335822171428074,
          28.26324649135524,
          28.089971731290454,
          29.290141504253327,
          28.082783173424829,
          28.055360393042751,
          27.826994026669375,
          27.852596861014199,
          28.490825488093964,
          27.636349388025831,
          27.788037951249386,
          27.848437411347039,
          27.69590302270116,
          27.357344398221805,
          27.355393019742746,
          28.038739843197177,
          27.153702732989522,
          27.198707284834946,
          27.719693759185827,
          30.654369231423331,
          26.934688273641349,
          31.742409260576061,
          26.780187829771013,
          28.030079860124722,
          26.718239843766384,
          27.133465880929315,
          27.308909565783068,
          26.891742450880727,
          26.625562174837693,
          26.802731694949088,
          27.053510331516129,
          26.294586717435408,
          26.420100178765622,
          35.422784334824698,
          27.320298404133489,
          26.561062504027642,
          26.291434658686423,
          26.06931928607673,
          26.826021599213323,
          25.999666825789511,
          31.830500258561027,
          25.964093477647076],
 'train': [302.48486695092055,
           299.60433297663377,
           291.1817620556493,
           283.1935293218682,
           279.36823482664346,
           282.73233260999251,
           283.42923070358427,
           275.54954397695514,
           271.41716275095717,
           268.37832414518283,
           266.08263558732557,
           267.96628662924803,
           263.69880512303189,
           262.99306742314536,
           262.38151890871791,
           266.19552893750694,
           261.56247604238712,
           261.02621561526433,
           259.24920912646417,
           261.6638679973704,
           258.18578175444782,
           268.47677165436454,
           259.7877819671092,
           255.85906363886915,
           255.72917569405894,
           254.46646478376786,
           263.00315536414689,
           253.7260226189039,
           253.19678884266372,
           252.95150409226363,
           251.87990593880411,
           260.63475136701811,
           251.0831073750258,
           251.578246607323,
           254.51033428183652,
           251.04676307603728,
           248.64529863108751,
           249.91814521462396,
           254.45640177730374,
           247.66536363399064,
           247.68481907453784,
           254.2954200814973,
           279.15122041394596,
           245.81108996130334,
           289.10187512896084,
           245.00934009723844,
           258.28059103197916,
           245.0325414121603,
           249.59796400164655,
           249.7447691818669,
           247.16898466316056,
           244.10472542447985,
           247.0213277153521,
           247.96768326433934,
           241.97387087890044,
           242.81033138224745,
           320.79241324843315,
           252.43482766681197,
           245.81094847370917,
           241.43023295607313,
           240.79424549066817,
           248.90694153924809,
           240.07536133588559,
           289.57832853581306,
           241.10697210145236]}


epoch	train err	test err0	326.997577683	34.88775405421	297.649855403	31.88508774962	293.175897482	30.16565032233	289.134861576	29.11565706854	287.806796968	28.41972327955	301.36265505	30.23412103246	283.818102632	27.89193729517	278.857683734	26.78579235578	276.944529927	26.42546077059	277.674356156	26.503749440810	274.215681418	25.839654845411	275.494790267	25.596683963412	272.445184462	25.420397957213	272.581258408	25.287172294114	269.061813616	24.591697811715	268.260353602	24.572551707516	272.939824682	24.954891969817	277.595240653	25.412347806318	282.23708379	26.069803048519	266.979644362	24.218440681220	268.125622994	23.959099374321	273.015971538	24.683675066722	262.663754099	23.348466862123	264.81625665	23.981317337224	263.310821661	23.969591293925	261.760663512	23.319461236526	272.512778713	25.386083988227	261.705245971	23.706548651628	260.25600552	23.244431670529	259.25713897	23.376560221630	259.735075535	24.624410756531	258.637074532	22.776444376232	259.612299342	22.947388212533	258.131290654	22.149992295334	258.702174525	22.902219357335	280.945237258	26.148102733836	265.815238784	24.187911084237	256.773444918	23.098091335538	262.72981079	23.175838303839	272.398974014	24.81143865240	256.938011822	22.256990197441	265.445774751	24.010689730542	256.463806083	22.008312043743	254.179829147	22.090891613244	253.920333096	21.895104651745	261.085001918	23.511340474746	269.815504681	24.578086006247	252.269205133	21.692530720548	257.413820389	23.077203993949	251.274299469	21.972967837350	255.348421174	21.835663075651	268.533037855	24.161049692952	250.647824224	22.70978928753	252.521517477	22.109968403754	256.766188443	22.674205607355	259.804488191	23.237307129356	257.831821028	22.519282324457	250.535295468	20.801927742858	248.786643805	21.293260344959	285.670120368	27.295169725660	250.144888083	21.949609057761	250.580373164	21.406789835462	249.195830021	21.45737770763	283.960742109	26.4618952664	248.769532458	22.3817086263

{'test': [34.8877540541625,
          31.885087749644544,
          30.165650322318772,
          29.115657068508149,
          28.419723279461092,
          30.234121032379925,
          27.891937295140274,
          26.785792355726382,
          26.425460770501335,
          26.503749440791562,
          25.839654845367871,
          25.596683963421484,
          25.42039795717595,
          25.287172294105336,
          24.591697811728395,
          24.572551707498501,
          24.954891969847537,
          25.412347806342858,
          26.06980304851022,
          24.218440681217466,
          23.959099374321116,
          24.683675066710002,
          23.348466862070694,
          23.981317337157428,
          23.969591293928765,
          23.31946123651214,
          25.386083988224474,
          23.706548651607914,
          23.24443167053829,
          23.376560221569516,
          24.624410756534949,
          22.776444376198597,
          22.947388212528381,
          22.14999229526693,
          22.902219357322039,
          26.148102733764436,
          24.187911084207474,
          23.09809133548449,
          23.175838303829629,
          24.811438651970288,
          22.256990197441358,
          24.010689730470862,
          22.008312043742166,
          22.090891613193385,
          21.895104651676043,
          23.511340474726872,
          24.578086006239594,
          21.692530720524385,
          23.07720399389747,
          21.972967837260942,
          21.835663075647904,
          24.161049692935762,
          22.709789286970299,
          22.109968403682032,
          22.67420560728894,
          23.237307129290205,
          22.519282324410504,
          20.801927742775508,
          21.293260344947207,
          27.29516972559535,
          21.949609057680007,
          21.406789835370045,
          21.457377706971531,
          26.461895259951866,
          22.381708626272339],
 'train': [326.99757768290414,
           297.64985540339131,
           293.17589748173316,
           289.134861576118,
           287.80679696835165,
           301.3626550498085,
           283.81810263214618,
           278.85768373363135,
           276.94452992661621,
           277.67435615560726,
           274.21568141839998,
           275.49479026745928,
           272.44518446187038,
           272.58125840834043,
           269.06181361637687,
           268.26035360183982,
           272.9398246824706,
           277.59524065257358,
           282.23708378971537,
           266.97964436233548,
           268.12562299392897,
           273.01597153825196,
           262.66375409933318,
           264.81625665040053,
           263.31082166082342,
           261.76066351188064,
           272.51277871342643,
           261.70524597095829,
           260.25600552030534,
           259.25713896962691,
           259.73507553530044,
           258.63707453224981,
           259.61229934198548,
           258.13129065382412,
           258.70217452512912,
           280.94523725800406,
           265.8152387837261,
           256.77344491777291,
           262.72981079001931,
           272.39897401367307,
           256.93801182223035,
           265.44577475057389,
           256.46380608336312,
           254.17982914692919,
           253.92033309639191,
           261.08500191826499,
           269.81550468094451,
           252.26920513286166,
           257.41382038938451,
           251.27429946920918,
           255.34842117429324,
           268.53303785525435,
           250.64782422447584,
           252.52151747690425,
           256.76618844327982,
           259.80448819094363,
           257.83182102822872,
           250.53529546768601,
           248.78664380501809,
           285.67012036831147,
           250.14488808281516,
           250.58037316385156,
           249.19583002056723,
           283.96074210904408,
           248.76953245779441]}
