

epoch	train err	test err0	306.307558631	35.21597672331	307.564266474	34.95027563952	284.379805371	33.96235744833	277.528895219	33.66653359994	291.669765151	33.77187821645	266.699743088	35.50589628026	264.690239754	34.05643865827	264.476914836	33.64786693558	262.937051718	35.93502802099	260.168039597	34.116738025510	270.131334695	33.183553496311	259.002199026	33.609677828912	260.468191711	33.288816571913	255.088679345	34.194181907114	255.079385321	35.421848628915	252.940717903	34.479236495816	256.917328862	36.688465992517	251.283091503	34.054270542518	254.116028985	33.292020356919	249.108130378	34.248777252920	249.437254224	33.606650467421	248.712658766	33.733711479822	277.966805707	33.83479739623	251.63269694	36.573086824724	244.963373421	34.168313866125	244.910188478	33.66348672626	243.593824518	33.998561491827	248.151368565	36.423288028328	242.46242327	33.808074372429	249.020550266	32.995301736130	242.814871393	33.467118568831	240.326378589	33.998414789832	249.004494442	33.140454617533	239.760052106	34.788078305334	248.52784511	37.337502790335	238.552742266	34.576512040136	242.421245192	33.117912086637	250.270243849	33.200935819638	253.749717187	33.246549706139	237.473054228	33.442213006440	254.605119218	33.354109497141	236.612322753	35.001850215342	237.833138891	33.31931397143	235.01873899	33.685727505544	236.645603936	35.367635730545	234.207061213	33.682005105546	239.373441729	36.322132713647	290.866669828	35.32986580248	232.930064999	34.116210514149	239.395468852	33.088206649950	243.40497712	33.093511097651	288.542061113	35.326262089452	242.241000447	37.316355191453	250.334497445	39.090312737754	338.490681083	38.988817156355	235.404125328	35.945018146456	248.642097552	38.836424846457	236.273895453	33.060489635258	230.271939111	34.072820848859	235.86011312	33.023551335560	257.413480069	33.685665704361	242.42432958	37.884086801362	230.190752161	33.516813875863	234.402955673	36.045102720364	240.546591318	33.0627001747

{'test': [35.215976723253178,
          34.950275639509982,
          33.962357448336519,
          33.666533599913251,
          33.771878216441507,
          35.505896280236506,
          34.05643865822816,
          33.647866935533081,
          35.935028020855057,
          34.116738025493753,
          33.183553496289861,
          33.609677828867945,
          33.288816571866306,
          34.194181907140539,
          35.421848628917623,
          34.479236495819507,
          36.68846599247734,
          34.054270542473461,
          33.292020356896863,
          34.24877725293419,
          33.606650467391631,
          33.733711479822936,
          33.834797395956905,
          36.573086824678889,
          34.168313866068807,
          33.66348672595192,
          33.998561491849905,
          36.423288028305166,
          33.808074372446491,
          32.995301736130514,
          33.467118568807962,
          33.998414789790758,
          33.140454617474582,
          34.788078305283449,
          37.337502790266946,
          34.576512040053068,
          33.117912086559855,
          33.200935819603494,
          33.246549706112972,
          33.442213006376882,
          33.354109497113235,
          35.001850215319138,
          33.319313970966725,
          33.68572750547397,
          35.367635730459206,
          33.682005105499016,
          36.322132713571008,
          35.329865801961724,
          34.116210514070879,
          33.088206649947189,
          33.093511097570797,
          35.326262089448811,
          37.316355191410196,
          39.090312737661876,
          38.988817156313665,
          35.945018146368241,
          38.836424846380588,
          33.060489635232777,
          34.072820848752968,
          33.023551335509801,
          33.685665704262163,
          37.884086801303752,
          33.516813875820802,
          36.045102720269455,
          33.062700174690676],
 'train': [306.30755863121027,
           307.56426647430061,
           284.37980537064271,
           277.52889521867826,
           291.66976515143654,
           266.69974308820957,
           264.69023975440058,
           264.47691483587886,
           262.937051717678,
           260.1680395974567,
           270.13133469463645,
           259.00219902604806,
           260.4681917106326,
           255.08867934468643,
           255.07938532098109,
           252.94071790283161,
           256.91732886194382,
           251.28309150300973,
           254.11602898465708,
           249.10813037825963,
           249.4372542242285,
           248.71265876625742,
           277.96680570662448,
           251.63269694048353,
           244.96337342062412,
           244.91018847765901,
           243.59382451845283,
           248.15136856483028,
           242.46242327044388,
           249.0205502664603,
           242.81487139283939,
           240.32637858870135,
           249.0044944416131,
           239.76005210571995,
           248.52784511003682,
           238.55274226622043,
           242.42124519214835,
           250.27024384945832,
           253.74971718690009,
           237.47305422824093,
           254.60511921798891,
           236.61232275278138,
           237.83313889147192,
           235.01873899037054,
           236.64560393625916,
           234.20706121292892,
           239.3734417286268,
           290.86666982848743,
           232.93006499887269,
           239.39546885248325,
           243.40497712022599,
           288.54206111285464,
           242.24100044664553,
           250.33449744503838,
           338.49068108345779,
           235.40412532772848,
           248.64209755237044,
           236.27389545275057,
           230.27193911054079,
           235.86011311955968,
           257.41348006893838,
           242.42432958033905,
           230.19075216083348,
           234.40295567334681,
           240.54659131803726]}


epoch	train err	test err0	302.301431259	36.51914582611	312.469508619	35.65947056522	301.396727633	35.76599957053	297.338219356	35.170427984	292.141966396	34.46305407465	281.745121303	34.9360735126	277.815599759	34.19844748217	280.101735427	34.22901205668	272.672962213	35.55780156999	267.351769213	33.851849229810	264.690594451	34.650427234611	263.373586684	34.400506168412	289.808314635	34.610139378613	260.729746927	33.908498102214	267.696937833	35.028410848215	261.567568742	34.113812803516	258.325145308	33.529176400817	257.576693452	33.053915563818	257.335578106	33.44877942519	269.807102806	33.064563944820	257.569070267	33.33241693421	260.353549671	33.703635512322	256.370914819	32.965942973123	261.678954962	32.253450445124	254.176591749	31.931795225525	260.456761275	32.080585195926	251.437293945	32.283478304627	249.882745778	31.709249744328	251.251016392	32.097977054829	275.582654501	32.488833365630	252.327378756	31.213902158531	255.812572581	31.247982851232	247.276749994	31.027388449933	249.127331824	31.598336360234	246.568984219	31.021223375435	255.156670061	30.747109633636	265.959455597	31.251960187637	246.0350636	30.888827649338	253.965509897	30.492295225239	257.316656046	32.689961643840	246.053028349	30.130461061741	249.024741687	30.054647452842	247.367734124	29.939782421843	243.096327842	30.167622272744	266.96665138	30.694480902845	242.514729725	30.019618609746	243.226837092	29.553889600647	241.921698244	29.686602335748	243.103014684	30.252678996849	245.778014235	29.324499163950	241.053208066	29.659895132951	259.94884932	29.819712702152	241.323812573	29.800390716853	248.194704525	29.064454250454	240.107173068	29.059725117155	242.591043123	28.84029146556	239.84614893	29.319896893557	265.278140477	29.874191348258	240.208047095	29.586627256259	239.215061529	29.324802482660	239.009142615	29.206378843961	238.128330825	28.866952505462	244.14139052	30.28841139263	289.562042531	31.347953170964	249.839780002	28.6880235444

{'test': [36.519145826077448,
          35.659470565182225,
          35.765999570514822,
          35.170427980025785,
          34.463054074570728,
          34.936073511954056,
          34.198447482067067,
          34.229012056579059,
          35.55780156994544,
          33.851849229767019,
          34.650427234611101,
          34.400506168406913,
          34.610139378581216,
          33.908498102226339,
          35.028410848165358,
          34.113812803526116,
          33.529176400770972,
          33.053915563822187,
          33.448779424954964,
          33.064563944826936,
          33.332416933989926,
          33.703635512267304,
          32.965942973079144,
          32.253450445097521,
          31.931795225515614,
          32.080585195851796,
          32.283478304569357,
          31.709249744325788,
          32.097977054800502,
          32.488833365580135,
          31.213902158459774,
          31.247982851217504,
          31.027388449877545,
          31.598336360183957,
          31.021223375374245,
          30.747109633619463,
          31.251960187625034,
          30.888827649312557,
          30.492295225167037,
          32.689961643773252,
          30.130461061671024,
          30.054647452833386,
          29.939782421786042,
          30.167622272723968,
          30.694480902832868,
          30.019618609715693,
          29.553889600598296,
          29.686602335659096,
          30.252678996835606,
          29.324499163924077,
          29.659895132932245,
          29.819712702131827,
          29.800390716844266,
          29.064454250404658,
          29.059725117065497,
          28.840291465029317,
          29.319896893549664,
          29.874191348165031,
          29.586627256202284,
          29.324802482607286,
          29.206378843865377,
          28.866952505360562,
          30.288411392032163,
          31.34795317087298,
          28.688023544403048],
 'train': [302.30143125938849,
           312.46950861888115,
           301.39672763275564,
           297.33821935571655,
           292.14196639622941,
           281.74512130308887,
           277.81559975947937,
           280.10173542744531,
           272.67296221285125,
           267.35176921298313,
           264.6905944511513,
           263.37358668357115,
           289.80831463545843,
           260.72974692656811,
           267.69693783292468,
           261.56756874188233,
           258.32514530795652,
           257.5766934519462,
           257.33557810633357,
           269.80710280620013,
           257.56907026696484,
           260.35354967143962,
           256.37091481898261,
           261.67895496201595,
           254.17659174864121,
           260.45676127504481,
           251.43729394493812,
           249.8827457780373,
           251.25101639242916,
           275.58265450061964,
           252.32737875560903,
           255.81257258146135,
           247.2767499941784,
           249.12733182427061,
           246.56898421926033,
           255.15667006053309,
           265.95945559694229,
           246.03506360028902,
           253.9655098965269,
           257.31665604575971,
           246.05302834910356,
           249.02474168741517,
           247.36773412422087,
           243.0963278420665,
           266.9666513799969,
           242.51472972495893,
           243.22683709225936,
           241.92169824422555,
           243.10301468368397,
           245.77801423529036,
           241.05320806644579,
           259.94884931992937,
           241.32381257293409,
           248.19470452520846,
           240.10717306767961,
           242.59104312283017,
           239.84614892965533,
           265.27814047729072,
           240.20804709453961,
           239.21506152927157,
           239.00914261488973,
           238.12833082471735,
           244.14139052026798,
           289.56204253144995,
           249.839780002212]}


epoch	train err	test err0	307.112708603	32.64418521431	323.137768259	35.30627042762	294.758312535	31.50649938383	287.659157954	30.8847871444	281.158230467	31.8588144095	273.944685836	30.91023281146	270.080259624	31.90093084797	268.460517676	32.18814609768	265.99259991	32.24941032359	271.767718394	33.487528170610	263.265527519	31.66032770511	261.699570081	31.500595051112	261.6809886	31.365531144313	269.573581626	31.471021868414	305.238476286	37.717372495115	257.022997052	31.353903869416	264.954445208	32.963131068917	255.000725206	31.199796897518	261.974585501	31.228883838119	254.198488207	30.844502859520	254.737377814	30.766965578421	294.376260387	36.376248133322	250.955905803	30.665400569123	251.038143723	31.021597391324	254.895844761	30.672081984225	249.102789447	30.435926734726	252.868524254	31.283867703827	256.414956225	32.092498257428	253.835669752	31.512710123929	246.682751321	30.203811735330	263.640764067	32.724432412731	248.902017779	30.721572226332	244.670130534	30.224134502833	245.86285666	30.111312714234	243.749686969	30.213001917335	247.485133566	30.366184483336	295.816542023	36.840808607337	260.419822393	32.637922119538	242.263153395	29.99501836439	246.761422983	31.010411898940	254.855209317	31.259970777641	284.189912081	35.760536764842	240.264704904	29.910355999343	260.349960589	31.919284803444	244.400544036	30.169341117545	239.380660981	29.783332490346	254.12081578	32.000347528247	238.230628322	29.773550016348	237.905344604	29.787107132649	251.148227674	30.980301884950	245.46817635	30.433999524251	259.669141997	32.0299586752	236.968473386	29.640458915253	246.163558269	30.499291507154	236.652369833	29.711317891455	236.247615035	29.65263767656	239.331977155	29.793851078957	279.590837525	35.633261721258	237.359275974	30.153027263859	236.616893694	30.03636629360	236.073701806	29.953447227161	251.652270214	31.307130200662	234.228365151	29.682165234963	239.079402868	29.864920161364	235.468273877	29.9248581939

{'test': [32.644185214259622,
          35.306270427639681,
          31.506499383775527,
          30.884787144005831,
          31.858814408963731,
          30.910232811377231,
          31.90093084793293,
          32.188146097607685,
          32.249410323546776,
          33.487528170609103,
          31.660327705005013,
          31.500595051120413,
          31.365531144286845,
          31.471021868365948,
          37.717372495081406,
          31.35390386942781,
          32.963131068886177,
          31.199796897483871,
          31.228883838063268,
          30.844502859455964,
          30.766965578375398,
          36.376248133347424,
          30.665400569095212,
          31.021597391324946,
          30.672081984212547,
          30.435926734673231,
          31.283867703775197,
          32.092498257363019,
          31.5127101239122,
          30.20381173526102,
          32.724432412739489,
          30.721572226251045,
          30.224134502797803,
          30.111312714196366,
          30.213001917285425,
          30.366184483290823,
          36.840808607263497,
          32.637922119542019,
          29.995018363992543,
          31.010411898934017,
          31.259970777582808,
          35.760536764820024,
          29.910355999325297,
          31.91928480335336,
          30.169341117521547,
          29.783332490321907,
          32.000347528184541,
          29.773550016304732,
          29.787107132643357,
          30.980301884879307,
          30.433999524230309,
          32.029958669962753,
          29.640458915238764,
          30.499291507142882,
          29.711317891406864,
          29.652637676040488,
          29.793851078921641,
          35.633261721170662,
          30.153027263791962,
          30.036366293015963,
          29.953447227101854,
          31.30713020059914,
          29.682165234862282,
          29.864920161326495,
          29.924858193860032],
 'train': [307.11270860280183,
           323.13776825909076,
           294.75831253476275,
           287.6591579542964,
           281.15823046695124,
           273.94468583555511,
           270.08025962358784,
           268.46051767646628,
           265.9925999097369,
           271.76771839369474,
           263.26552751888715,
           261.69957008119832,
           261.68098859997048,
           269.57358162566499,
           305.23847628629107,
           257.02299705184402,
           264.95444520835912,
           255.00072520616115,
           261.97458550050027,
           254.19848820653749,
           254.73737781421886,
           294.37626038711159,
           250.95590580317386,
           251.03814372314082,
           254.89584476084582,
           249.10278944705294,
           252.86852425430746,
           256.41495622542448,
           253.83566975193867,
           246.68275132074461,
           263.6407640667029,
           248.90201777864812,
           244.67013053424751,
           245.86285666010914,
           243.74968696860651,
           247.48513356622533,
           295.81654202299922,
           260.41982239267702,
           242.2631533952225,
           246.76142298313863,
           254.85520931749613,
           284.18991208076858,
           240.26470490441775,
           260.34996058945967,
           244.40054403563863,
           239.38066098090209,
           254.12081578019462,
           238.23062832161767,
           237.90534460352168,
           251.14822767377012,
           245.46817634972879,
           259.66914199696839,
           236.96847338560241,
           246.16355826936558,
           236.65236983294477,
           236.24761503508915,
           239.33197715531497,
           279.59083752539397,
           237.35927597444467,
           236.61689369386542,
           236.07370180604713,
           251.65227021396271,
           234.2283651509257,
           239.07940286802869,
           235.46827387704042]}
