

epoch	train err	test err0	333.927551095	36.74149656521	296.487896653	29.91136494452	320.5870892	35.06235986193	292.935854318	31.29718149654	278.58050074	29.02045963085	275.201580534	28.94358264386	272.04172558	28.86661786027	271.288292502	28.94012764438	278.953237097	29.89575272519	268.617205114	29.168938931110	264.871092037	28.855131011711	263.748246577	28.774186372312	262.267414784	28.812165110413	261.689885949	28.996927937314	259.790897783	28.784133952415	259.719365727	29.226372934716	258.406400648	28.951076893517	257.969657085	29.021431516518	279.226370662	32.584462403819	254.386816238	29.182870862320	269.074554358	31.580965847421	264.239001465	29.790539693922	253.614922871	29.578677998223	251.633864293	29.443155764424	251.369051848	29.525874655125	248.947962214	29.016722144126	247.694113035	29.233896272927	280.112046464	34.31190873328	267.054832812	32.587637570329	245.318102196	29.124876193530	245.345312143	29.039194539631	246.827590393	29.831917030632	243.460325658	29.117902662333	246.162629982	30.038095108134	286.64733939	36.445033395335	246.239841281	29.237339295936	276.686447056	35.27206289937	240.834264225	29.348548858438	270.578280808	34.53575248939	245.553130233	30.66462981340	241.86630137	30.021581606841	244.456968247	30.53887573842	248.453695488	29.412645274743	263.368697574	33.907278214644	261.913111735	33.7990649699

{'test': [36.741496565162564,
          29.91136494447688,
          35.062359861876253,
          31.297181496532076,
          29.020459630808205,
          28.943582643841154,
          28.866617860154687,
          28.940127644287095,
          29.895752725063765,
          29.168938931106926,
          28.855131011668192,
          28.774186372273206,
          28.812165110391067,
          28.996927937290259,
          28.784133952368741,
          29.226372934704614,
          28.951076893465665,
          29.02143151649949,
          32.584462403776755,
          29.182870862347499,
          31.580965847444809,
          29.790539693853535,
          29.578677998195346,
          29.443155764436142,
          29.525874655079296,
          29.016722144062538,
          29.233896272946478,
          34.311908733021554,
          32.587637570297034,
          29.124876193536426,
          29.039194539621711,
          29.831917030569876,
          29.117902662337361,
          30.038095108086274,
          36.445033395305309,
          29.237339295909649,
          35.272062899005228,
          29.34854885844662,
          34.535752489018208,
          30.664629813042769,
          30.021581606814525,
          30.538875738003362,
          29.412645274713082,
          33.907278214555575,
          33.799064969889677],
 'train': [333.92755109479333,
           296.48789665269516,
           320.58708920044887,
           292.93585431803905,
           278.58050074005178,
           275.20158053352662,
           272.04172558031979,
           271.28829250187118,
           278.95323709742553,
           268.61720511350183,
           264.87109203656399,
           263.74824657742806,
           262.26741478424896,
           261.68988594868057,
           259.79089778321963,
           259.71936572743823,
           258.40640064794064,
           257.96965708517826,
           279.22637066154499,
           254.38681623835666,
           269.07455435833668,
           264.23900146465269,
           253.61492287147431,
           251.63386429311029,
           251.36905184753039,
           248.94796221384271,
           247.69411303499948,
           280.11204646350927,
           267.0548328116825,
           245.31810219604603,
           245.34531214259715,
           246.82759039304398,
           243.4603256581432,
           246.16262998240512,
           286.64733939036466,
           246.23984128084041,
           276.68644705600542,
           240.83426422482734,
           270.57828080755843,
           245.55313023321148,
           241.86630137018022,
           244.45696824664981,
           248.45369548799817,
           263.3686975738953,
           261.91311173465994]}


epoch	train err	test err0	304.947001681	31.34938118411	296.830375797	30.55884735812	291.256821136	29.17361725593	290.727708899	28.01620993674	285.127392355	28.67616603585	282.450615044	26.96034566946	277.179366212	26.48402482867	286.554766655	28.21059712598	280.366148602	27.30591685329	295.268123654	29.287464616810	271.410934112	25.291303296411	269.729469756	25.42613752412	274.092068382	25.147016245913	271.951356782	25.945191954114	270.067452053	25.617227587215	266.041597415	24.777138682916	280.464043605	25.185406165217	270.602992015	24.660167909318	265.519551105	25.335647285319	263.242066958	24.323873171620	261.624591817	24.233791073521	260.712271663	24.342361601922	280.440328168	27.927802959823	266.433313428	25.860222017324	291.830114719	29.512450569225	260.17513867	25.122759462526	265.619735271	26.010189839227	258.024359197	24.907825989628	260.287004984	25.268136604929	254.439669492	23.918018411530	253.739639482	24.041524918531	276.919424232	28.214481819732	265.344725908	26.625726118833	259.392456032	23.472715452534	288.301572202	30.178572667235	258.966374817	25.696879175736	280.195400892	24.478638902937	252.292734107	24.567441868138	251.305854494	23.326102065439	259.09513701	23.340899213540	247.867989934	23.745511406241	247.373124214	23.64541194942	255.674988216	23.286008376943	255.012992983	25.778389530144	260.940827817	23.4351569683

{'test': [31.349381184124375,
          30.558847358120701,
          29.173617255923144,
          28.016209936720703,
          28.676166035843668,
          26.960345669360777,
          26.484024828648131,
          28.210597125931677,
          27.305916853247222,
          29.287464616752445,
          25.291303296364671,
          25.426137523978579,
          25.147016245878952,
          25.945191954074748,
          25.617227587245573,
          24.777138682922605,
          25.185406165248853,
          24.66016790933184,
          25.335647285288417,
          24.32387317156951,
          24.233791073450966,
          24.342361601903704,
          27.927802959783005,
          25.860222017334749,
          29.512450569205797,
          25.122759462537001,
          26.01018983919343,
          24.907825989613865,
          25.268136604938469,
          23.918018411483285,
          24.041524918452644,
          28.214481819727379,
          26.625726118837967,
          23.472715452508663,
          30.178572667195947,
          25.696879175712077,
          24.478638902927724,
          24.567441868130771,
          23.326102065360089,
          23.340899213480288,
          23.745511406239025,
          23.645411949005791,
          23.286008376913706,
          25.77838953010999,
          23.4351569683256],
 'train': [304.94700168088247,
           296.83037579746235,
           291.25682113645371,
           290.72770889924203,
           285.12739235511231,
           282.45061504403282,
           277.17936621230228,
           286.55476665498458,
           280.36614860212228,
           295.26812365365129,
           271.41093411168936,
           269.7294697555534,
           274.092068381736,
           271.95135678241684,
           270.06745205260501,
           266.04159741505538,
           280.46404360476083,
           270.60299201541784,
           265.51955110544867,
           263.24206695831316,
           261.62459181650576,
           260.71227166283103,
           280.44032816817924,
           266.43331342753117,
           291.8301147189876,
           260.17513866979635,
           265.61973527069148,
           258.02435919720892,
           260.28700498363105,
           254.43966949179588,
           253.73963948230693,
           276.91942423202028,
           265.34472590827374,
           259.39245603161129,
           288.3015722023149,
           258.96637481695967,
           280.19540089217543,
           252.29273410670956,
           251.30585449441969,
           259.09513701049804,
           247.86798993406177,
           247.37312421365101,
           255.67498821603584,
           255.01299298316238,
           260.94082781740565]}


epoch	train err	test err0	305.416075718	31.15355299571	302.045025197	32.54406392832	288.406240739	31.37695569753	285.441799611	30.33016573964	294.132951568	35.38965477555	271.387543446	31.4168935376	269.209052761	31.59515414097	267.31373746	32.19654031938	270.49890488	33.20917037069	276.202268136	34.137408986610	265.252001103	31.390993540611	285.845725343	35.137391142812	266.934591538	31.257353965713	262.014333121	31.4497460314	262.450739096	32.091961331315	288.724178015	35.410371540616	259.387732431	31.206870035317	258.50825136	31.151414230718	261.729560607	32.012592776219	269.76837872	30.512897198620	256.808178772	30.923141705121	264.880023491	30.549281674422	255.559066761	31.034788762523	254.272936103	31.247610738324	262.765491041	30.403482368725	265.74579065	32.742725341426	257.603458098	30.289038333427	252.220614495	30.620171791128	273.556110315	33.75303229329	252.132863677	31.059770735930	250.272810675	30.366625373131	251.688237218	30.041519490832	250.446180693	30.769527336333	250.213537412	30.500972984834	286.318213944	34.534669352435	253.926919301	31.012270588636	263.206511293	29.582218697137	246.398768112	29.568346307238	258.341005162	31.535470919539	247.588842073	29.08669402640	261.465416487	31.930692752341	244.830365827	29.737382054542	246.594664503	28.992729785343	244.024208091	29.38741055644	249.504762198	28.8124717101

{'test': [31.153552995707109,
          32.544063928310074,
          31.376955697466485,
          30.330165739586853,
          35.389654775494051,
          31.416893536975966,
          31.595154140921817,
          32.196540319309754,
          33.2091703706242,
          34.1374089865892,
          31.390993540645258,
          35.137391142761032,
          31.257353965743199,
          31.449746030047042,
          32.091961331281261,
          35.410371540628987,
          31.206870035342593,
          31.151414230729131,
          32.012592776180263,
          30.512897198618653,
          30.923141705122465,
          30.549281674417898,
          31.034788762523501,
          31.247610738297588,
          30.403482368715917,
          32.74272534137917,
          30.289038333368339,
          30.620171791102472,
          33.753032292958522,
          31.059770735936873,
          30.366625373067066,
          30.041519490766291,
          30.769527336316209,
          30.500972984822631,
          34.534669352430427,
          31.012270588638312,
          29.582218697069834,
          29.568346307231433,
          31.53547091950194,
          29.086694025966668,
          31.930692752317384,
          29.737382054539697,
          28.992729785321156,
          29.387410556003143,
          28.812471710137402],
 'train': [305.41607571836363,
           302.04502519740169,
           288.40624073852746,
           285.44179961074383,
           294.13295156837472,
           271.38754344553422,
           269.20905276074637,
           267.31373746008285,
           270.49890488014103,
           276.20226813550511,
           265.25200110276603,
           285.84572534275219,
           266.93459153784124,
           262.01433312124806,
           262.45073909637341,
           288.72417801488996,
           259.38773243136961,
           258.50825136043636,
           261.72956060745656,
           269.76837872000698,
           256.80817877207573,
           264.88002349093296,
           255.55906676116868,
           254.27293610308834,
           262.76549104121051,
           265.74579064968754,
           257.60345809787907,
           252.22061449481586,
           273.55611031454725,
           252.13286367711669,
           250.27281067510305,
           251.68823721840087,
           250.44618069336246,
           250.21353741192837,
           286.31821394365517,
           253.92691930088438,
           263.2065112927317,
           246.39876811208984,
           258.34100516170145,
           247.58884207266877,
           261.46541648707205,
           244.83036582700669,
           246.59466450295034,
           244.02420809088446,
           249.50476219842184]}
