

epoch	train err	test err0	320.648974527	35.31172605071	308.629533432	34.08002041532	298.219589881	32.89769961193	284.827651769	31.4639310414	280.538037305	30.8457707175	282.423583606	30.90413744876	276.386222152	30.25868860297	274.796758748	30.0551504398	273.370623929	29.88507954159	272.747657776	29.827690789310	273.760369266	29.972592722211	270.460638595	29.548190608412	282.189750026	30.704699017713	268.697020659	29.38764728414	271.776941651	29.793243360315	271.23017783	29.571799297216	269.191405612	29.508744168517	270.756686902	29.490376987518	276.6737991	30.018230169519	267.52537867	29.143285064320	263.611336555	28.883465124621	264.892394309	29.060422307622	262.799450952	28.676554488723	263.340784688	28.707355068324	260.219789544	28.475803042825	259.471621071	28.395326941426	258.991896521	28.343748376227	263.217851387	28.909194218828	260.716794284	28.4130534729	258.078146535	28.194817068730	270.813311759	29.255551279931	261.277221199	28.408007109332	257.778231574	28.124912122433	256.44927675	28.019788015634	256.977005697	28.209650821735	258.030636822	28.094309169336	254.747582669	27.889624130937	262.395375695	28.856028759438	273.278049835	29.393881053239	259.438038644	28.164754794340	253.920707118	27.758331847341	253.394494017	27.721315319542	255.471459296	27.833361663143	254.439971633	27.966437272244	252.314465885	27.655307979845	255.345260478	27.803290422746	253.003195204	27.632234953747	252.115374302	27.703779947148	251.404872473	27.599967426349	251.183671729	27.539002165350	251.957558429	27.53921468151	255.280501943	28.150296179552	254.39417267	27.692631423253	251.923227125	27.752099399654	250.228972662	27.509868608855	253.324367455	27.606541012456	250.070911483	27.401110514557	258.527640237	28.018805771758	252.888232162	27.918365088959	264.503109049	29.264316790260	302.53388974	32.070967424161	249.046514401	27.424405407362	252.969547808	27.974551384963	248.846728464	27.422930791464	261.060953472	28.210711087265	249.488698633	27.292531632166	254.405087928	28.183881838767	252.223467184	27.922098379968	247.421196192	27.186579426969	248.617093817	27.215703638470	262.375601104	29.113353951671	247.560676465	27.326567316272	250.665559329	27.348249946273	248.061980998	27.423480879674	250.023263707	27.292723925675	251.715789013	27.923632357476	245.892337376	27.121372204777	245.865432983	27.144628988478	249.789356401	27.729414149379	246.552437264	27.271953890380	245.750168098	27.199055200181	253.743946416	27.561855299882	252.177474571	27.433326772783	245.96485709	27.25141390984	251.453027181	27.954355254385	246.210149831	26.994078578186	263.52424796	29.397074576187	244.001327577	26.919799324688	256.331065183	27.772732004589	248.196271134	27.109774518390	246.818360383	27.444751914691	244.902324069	27.200867607292	252.027386141	27.401112899193	253.20427907	28.253763329794	242.072147579	26.748161698895	242.808725507	26.987533697996	251.593035722	28.088054900497	249.011393517	27.855710137998	242.480925721	27.00959951699	248.591458647	27.7836629239100	261.21476093	29.2288050931101	241.37160202	26.6074248212102	250.020449934	27.2329636102103	240.962353533	26.8238084188104	247.091798876	27.6100235176

{'test': [35.311726050702305,
          34.080020415250488,
          32.897699611857952,
          31.463931041012437,
          30.845770716985164,
          30.904137448689301,
          30.258688602923051,
          30.055150439003178,
          29.885079541481741,
          29.827690789305723,
          29.972592722247796,
          29.548190608389341,
          30.704699017653816,
          29.387647283961016,
          29.79324336034049,
          29.571799297153319,
          29.508744168533362,
          29.490376987500554,
          30.018230169478869,
          29.143285064323219,
          28.883465124602612,
          29.060422307643524,
          28.67655448868793,
          28.707355068305862,
          28.475803042842745,
          28.395326941413366,
          28.343748376158249,
          28.909194218791775,
          28.413053469976493,
          28.194817068655773,
          29.255551279918091,
          28.408007109342726,
          28.124912122415523,
          28.019788015555534,
          28.209650821654904,
          28.094309169254625,
          27.889624130918296,
          28.856028759393606,
          29.393881053152832,
          28.164754794301068,
          27.758331847275173,
          27.721315319482752,
          27.833361663062128,
          27.966437272173305,
          27.655307979777131,
          27.803290422690747,
          27.632234953690169,
          27.703779947058678,
          27.599967426261561,
          27.539002165335873,
          27.539214680983985,
          28.150296179503119,
          27.692631423201131,
          27.752099399593231,
          27.509868608825315,
          27.606541012411835,
          27.401110514466687,
          28.018805771749133,
          27.918365088914236,
          29.264316790183486,
          32.070967424054501,
          27.424405407306843,
          27.974551384922577,
          27.422930791429902,
          28.210711087200373,
          27.292531632085652,
          28.183881838651018,
          27.922098379906338,
          27.186579426930884,
          27.215703638380123,
          29.113353951629332,
          27.326567316205001,
          27.348249946170672,
          27.423480879590752,
          27.292723925642576,
          27.92363235735246,
          27.121372204681006,
          27.144628988427829,
          27.729414149252388,
          27.271953890300665,
          27.199055200062357,
          27.561855299790658,
          27.433326772674508,
          27.251413908982688,
          27.954355254272109,
          26.994078578125904,
          29.397074576095655,
          26.919799324610896,
          27.772732004505055,
          27.109774518302871,
          27.444751914574045,
          27.200867607166447,
          27.401112899061289,
          28.253763329742778,
          26.748161698848278,
          26.987533697911545,
          28.088054900445361,
          27.855710137877971,
          27.009599515982465,
          27.783662923866569,
          29.228805093059986,
          26.607424821190101,
          27.232963610169246,
          26.823808418802795,
          27.610023517606809],
 'train': [320.64897452704815,
           308.62953343150951,
           298.21958988050648,
           284.82765176904206,
           280.53803730493291,
           282.42358360569955,
           276.38622215163139,
           274.79675874777189,
           273.3706239294591,
           272.74765777644404,
           273.76036926582253,
           270.46063859488021,
           282.18975002578372,
           268.69702065929198,
           271.77694165099155,
           271.23017783015689,
           269.19140561189278,
           270.75668690238348,
           276.67379909987875,
           267.52537866985909,
           263.61133655479517,
           264.89239430866593,
           262.79945095247479,
           263.3407846882352,
           260.21978954419592,
           259.4716210707586,
           258.99189652145952,
           263.21785138668457,
           260.71679428431679,
           258.07814653497326,
           270.8133117594972,
           261.27722119903029,
           257.77823157378754,
           256.44927675009592,
           256.97700569715062,
           258.03063682225718,
           254.7475826688646,
           262.39537569519757,
           273.27804983485146,
           259.43803864413144,
           253.92070711834083,
           253.39449401723405,
           255.47145929552761,
           254.43997163308597,
           252.31446588494725,
           255.34526047806287,
           253.0031952036573,
           252.11537430233568,
           251.40487247278588,
           251.18367172944784,
           251.95755842920306,
           255.28050194325672,
           254.39417266962778,
           251.92322712513101,
           250.22897266168806,
           253.32436745460555,
           250.07091148316997,
           258.52764023681078,
           252.8882321617395,
           264.50310904942035,
           302.5338897399393,
           249.04651440139807,
           252.96954780790782,
           248.846728463738,
           261.06095347179217,
           249.48869863307181,
           254.40508792824878,
           252.22346718367916,
           247.42119619155864,
           248.61709381732109,
           262.37560110356713,
           247.56067646476259,
           250.66555932861775,
           248.06198099800474,
           250.02326370698933,
           251.71578901264513,
           245.89233737591272,
           245.86543298288402,
           249.78935640087442,
           246.55243726420275,
           245.75016809762724,
           253.74394641616479,
           252.1774745714211,
           245.96485709009696,
           251.45302718141517,
           246.21014983134378,
           263.52424795960781,
           244.00132757663744,
           256.33106518267033,
           248.19627113385283,
           246.81836038314191,
           244.90232406856092,
           252.0273861406782,
           253.20427907042472,
           242.07214757868434,
           242.80872550706334,
           251.59303572159712,
           249.01139351740031,
           242.48092572092264,
           248.59145864731607,
           261.21476093023642,
           241.37160201959043,
           250.02044993396146,
           240.96235353261935,
           247.09179887613251]}


epoch	train err	test err0	315.271132035	35.12188091541	326.3695695	36.04925892772	306.640189258	34.29667472733	302.768995221	33.75142546014	301.439734933	33.72117117795	321.879733492	34.79556553936	289.043649229	32.16775868527	284.915862357	31.15013686748	281.095525766	30.47170405799	278.695783135	29.934240346910	277.197728173	29.279648650611	275.831400384	29.343327999112	274.619035337	29.00005176513	273.992750521	28.913046201214	273.950735541	29.051248505815	286.802095365	28.620921332516	271.867498379	28.03684235217	273.957321841	27.751848573918	271.89912533	28.758853465819	271.443772694	28.711218355420	270.570391397	28.57676930621	269.844708271	27.435400234722	283.478032129	27.871802861623	267.245830111	27.751075288124	266.498253524	27.503679261525	266.516311745	27.82423561626	269.019414233	28.560746365427	264.732074559	27.363965640928	267.271945212	28.303372765629	264.259955848	26.996577301130	265.943664705	28.157469347931	262.614125423	26.849513501532	262.598256968	26.646946095833	261.506246733	27.253555546434	296.485160738	28.946220053635	259.41656617	26.588023009536	264.908443449	26.391094418637	258.228094556	26.543638781838	262.051496791	26.458132030739	272.182033158	26.916898042940	259.019884043	27.195510064641	258.851884977	27.190715510942	306.545774184	30.152233196543	254.678814566	26.066606059444	258.900333266	25.910951189345	257.121470356	27.02925188346	253.952800448	25.950428252347	255.260304791	26.776865158348	252.119923552	25.826770458849	254.104347525	26.686553630850	253.168629356	25.762929836551	251.887030275	25.598728073852	269.259200418	29.164060907853	263.388486382	26.303694329454	257.895107387	25.925026965355	250.631242938	26.348425759556	248.386865485	25.701518942957	251.635950055	26.614904475558	255.246873002	27.288938318459	247.466260262	25.667960205960	250.473751174	25.594476785261	255.750739065	25.966491278362	246.049835997	25.610612921663	246.828952631	26.028790885164	247.639860402	26.261570330865	251.201650554	25.723133964666	255.536141095	26.091055652467	245.991783716	25.506752615568	296.827770115	30.378590417469	245.73784262	25.544885791170	243.709438208	25.745118805671	245.812955419	25.538445802272	248.090883153	26.635644974973	245.273087828	25.521187619174	242.579625093	25.667698276375	244.255171857	26.046285676176	243.732683269	26.041496159877	241.611100906	25.638216869478	241.883414356	25.423213163379	245.459904921	26.411506841180	247.577263849	26.75118731781	244.039570374	26.245492711282	242.48785201	25.424870088283	240.648545547	25.698327852384	250.77657042	27.278203699885	241.272999718	25.430743759686	240.903258412	25.796993141387	255.332421251	26.57887642188	239.489634863	25.581330778789	238.971306265	25.475703102790	238.681230053	25.399180959691	246.397214115	25.668613928492	240.917281298	25.930774036293	273.996552127	28.633986615594	241.672500116	26.141890948295	252.780023374	27.665582496396	237.901929657	25.220671757797	240.027303239	25.304744481298	241.264210712	26.085432798699	242.05388525	26.2224769932100	253.040185702	27.7432130628101	237.998885063	25.3064250916102	241.605982642	26.1989762336103	241.514031885	26.1954950952104	236.71842779	25.1902597866

{'test': [35.121880915443427,
          36.049258927739402,
          34.296674727303376,
          33.751425460130889,
          33.721171177851296,
          34.795565539307134,
          32.167758685161282,
          31.150136867412773,
          30.471704057907168,
          29.934240346932871,
          29.279648650583489,
          29.343327999067156,
          29.000051764998339,
          28.913046201181569,
          29.051248505795101,
          28.6209213325285,
          28.036842352003539,
          27.751848573904343,
          28.758853465763146,
          28.711218355431601,
          28.576769306001133,
          27.435400234744847,
          27.871802861616636,
          27.751075288088874,
          27.503679261535993,
          27.824235616037921,
          28.560746365439091,
          27.363965640883041,
          28.303372765599871,
          26.996577301140075,
          28.157469347872528,
          26.849513501531113,
          26.646946095768467,
          27.253555546421872,
          28.946220053583268,
          26.588023009547193,
          26.391094418621396,
          26.543638781788978,
          26.458132030698835,
          26.916898042916561,
          27.195510064584926,
          27.190715510892161,
          30.152233196544998,
          26.066606059371686,
          25.910951189296238,
          27.029251883014293,
          25.950428252280631,
          26.776865158279922,
          25.826770458807157,
          26.686553630767342,
          25.762929836490343,
          25.598728073758796,
          29.164060907778985,
          26.303694329447577,
          25.925026965303857,
          26.348425759504199,
          25.701518942898211,
          26.614904475508322,
          27.28893831838716,
          25.667960205926789,
          25.594476785150743,
          25.966491278250761,
          25.610612921618877,
          26.028790885131144,
          26.261570330765924,
          25.723133964600372,
          26.091055652429148,
          25.50675261546975,
          30.378590417440396,
          25.544885791099837,
          25.745118805640391,
          25.53844580218955,
          26.63564497492343,
          25.521187619077061,
          25.667698276349817,
          26.046285676117105,
          26.041496159832825,
          25.63821686938147,
          25.423213163306059,
          26.411506841079433,
          26.751187317003726,
          26.245492711180475,
          25.424870088246021,
          25.698327852278453,
          27.278203699750062,
          25.430743759608671,
          25.796993141334362,
          26.578876420963688,
          25.58133077872975,
          25.475703102716075,
          25.399180959590414,
          25.668613928373244,
          25.930774036218981,
          28.633986615454923,
          26.141890948152753,
          27.665582496269071,
          25.220671757693225,
          25.304744481189907,
          26.085432798555512,
          26.222476993204182,
          27.743213062753505,
          25.30642509159739,
          26.19897623355337,
          26.195495095184945,
          25.190259786626601],
 'train': [315.27113203484168,
           326.36956949983113,
           306.6401892580065,
           302.76899522077315,
           301.4397349325867,
           321.87973349169124,
           289.04364922937822,
           284.91586235714061,
           281.09552576572662,
           278.69578313504849,
           277.1977281730517,
           275.83140038366656,
           274.61903533748125,
           273.99275052056328,
           273.95073554125349,
           286.80209536532186,
           271.86749837933792,
           273.95732184050172,
           271.89912533027569,
           271.44377269377759,
           270.57039139729386,
           269.84470827067332,
           283.47803212857326,
           267.24583011084121,
           266.49825352446896,
           266.51631174485101,
           269.01941423349484,
           264.73207455922989,
           267.27194521162505,
           264.25995584838199,
           265.9436647054452,
           262.61412542322006,
           262.59825696768189,
           261.50624673295738,
           296.48516073802227,
           259.41656616997386,
           264.90844344929161,
           258.22809455582444,
           262.05149679095592,
           272.18203315836035,
           259.01988404263585,
           258.85188497720975,
           306.54577418369075,
           254.6788145658663,
           258.90033326552361,
           257.12147035574799,
           253.95280044812768,
           255.26030479109653,
           252.11992355201068,
           254.10434752480819,
           253.16862935585897,
           251.88703027540123,
           269.25920041785145,
           263.38848638157413,
           257.89510738681133,
           250.63124293765043,
           248.38686548534594,
           251.63595005475037,
           255.24687300227185,
           247.46626026196969,
           250.47375117427322,
           255.75073906497141,
           246.04983599681009,
           246.82895263074647,
           247.63986040169186,
           251.20165055378385,
           255.53614109525856,
           245.99178371567731,
           296.82777011520591,
           245.7378426200915,
           243.7094382076198,
           245.81295541862232,
           248.09088315311868,
           245.27308782833941,
           242.57962509294035,
           244.2551718573481,
           243.73268326872943,
           241.61110090628651,
           241.88341435577269,
           245.45990492085963,
           247.5772638492688,
           244.03957037439906,
           242.48785201044336,
           240.6485455474147,
           250.77657041992285,
           241.27299971826687,
           240.90325841240801,
           255.33242125090564,
           239.48963486313977,
           238.97130626494774,
           238.68123005339933,
           246.39721411537408,
           240.91728129791409,
           273.99655212658377,
           241.67250011616824,
           252.78002337374036,
           237.90192965663437,
           240.02730323919741,
           241.2642107117037,
           242.0538852495437,
           253.04018570246842,
           237.99888506349777,
           241.60598264167635,
           241.51403188455279,
           236.71842779014142]}


epoch	train err	test err0	319.534102622	34.41531013021	303.187520923	28.91931360422	297.130857036	30.97288798563	287.638078788	28.65150787344	281.144443617	29.02408370145	276.612908437	29.63529942416	282.486452488	32.83665188197	281.059718875	32.78083684028	271.026358739	30.37123798589	269.205834022	30.012408542210	268.09190539	29.24870700711	267.551268491	29.555408418712	269.924842393	28.150960703513	267.971901786	28.384500897814	268.767715347	28.06647389315	266.219129281	29.744432035916	270.881116735	31.348474793917	276.800566223	26.811492542418	264.533742452	28.433527975819	263.875118504	29.028120478320	264.795610424	29.819788150821	265.131727635	30.034012264422	263.213295821	28.015512997923	262.498732797	28.080826295924	262.433185702	29.302200244525	263.996646675	30.087633646626	260.821469596	28.27783963827	261.890249647	29.499285375928	274.957361268	32.683015860929	262.990695154	30.019936952830	259.199117213	28.210492666631	259.264478969	28.666768125232	258.66086242	28.504396989133	258.335871222	28.580459557834	260.54622119	26.715801434935	268.975141833	31.725789282936	258.807992488	26.685462907537	259.503805788	29.604253634238	258.116794467	29.281384624239	255.92730847	28.020806873540	256.412811779	26.866856258241	266.82733871	31.531250356642	256.503668166	29.001457785443	254.585863682	27.452308365244	254.265966983	27.424101707945	255.521616712	26.662133040946	274.16377591	33.021093096647	265.685408844	31.405799851248	253.03867543	27.032908888449	257.729137279	29.511485835750	254.319956075	26.305690000351	252.945871286	28.087846116152	266.09627973	31.561614425553	251.740425553	27.697833910554	251.02737066	27.33032412255	266.743970926	24.577958107156	250.877204935	26.320184323357	250.146266531	27.127246237358	249.844596442	27.09576931259	255.00977682	29.256159123160	249.237424963	26.578838276961	251.413718192	25.293794049862	249.004686333	26.441340816563	248.860093725	26.324112302664	248.254396095	27.139600601265	248.213059427	27.363790131766	254.695315074	29.693942013867	254.336667206	29.319022902868	247.82829196	25.676578777669	266.200404397	32.253042205770	265.602267343	31.900883726171	247.960100564	27.886284820572	250.28222805	28.557078682973	248.614966159	24.712158396874	251.978598853	23.999952604375	246.528238898	24.987986134576	246.863275486	27.623274630677	247.651871644	27.783648967378	245.931698354	27.521777882479	243.904190125	25.382468683680	246.353782247	27.883034911281	257.905932132	30.283653440782	247.153123295	23.951493562383	245.456150578	27.698656914884	253.638807533	23.73895489385	245.77769708	24.045833501886	243.987479756	27.474686609387	254.537473228	30.269874058588	241.921386968	26.548412209789	243.037686092	27.137510654690	243.034529821	27.598008584191	240.618338942	25.839626539692	239.429275408	25.163864354593	239.383031614	26.357906038494	240.120293673	27.012316880395	253.783574684	23.714154153996	242.068940345	27.376500963697	245.903286364	28.889064044298	262.456315071	23.925124872199	248.707615302	23.76387701100	241.328343116	28.107162431101	254.079976039	23.5844689314102	256.228710342	23.9588672302103	239.189073036	27.4756953889104	261.171109095	23.9233958769

{'test': [34.415310130188807,
          28.91931360419489,
          30.972887985629342,
          28.651507873418058,
          29.024083701377858,
          29.63529942413594,
          32.836651881922322,
          32.780836840209631,
          30.371237985818446,
          30.012408542179354,
          29.248707007011888,
          29.555408418666019,
          28.150960703476681,
          28.384500897838262,
          28.06647389297833,
          29.744432035924337,
          31.348474793912111,
          26.81149254243266,
          28.433527975763788,
          29.028120478279902,
          29.819788150780386,
          30.034012264426018,
          28.015512997936955,
          28.080826295881664,
          29.302200244506501,
          30.087633646632071,
          28.277839637999726,
          29.499285375869071,
          32.68301586088586,
          30.019936952806571,
          28.210492666612943,
          28.666768125216546,
          28.504396989106951,
          28.58045955775231,
          26.715801434869544,
          31.725789282899843,
          26.685462907527814,
          29.604253634211975,
          29.281384624202257,
          28.020806873497531,
          26.866856258152833,
          31.531250356620088,
          29.001457785448103,
          27.452308365181221,
          27.424101707919526,
          26.662133040932989,
          33.021093096552619,
          31.405799851240431,
          27.032908888446745,
          29.51148583567058,
          26.3056900003089,
          28.087846116085082,
          31.561614425476858,
          27.697833910470976,
          27.330324122047294,
          24.577958107101573,
          26.320184323335734,
          27.127246237301112,
          27.095769311954296,
          29.256159123052257,
          26.578838276912531,
          25.293794049846689,
          26.441340816543129,
          26.324112302597996,
          27.139600601238669,
          27.363790131675032,
          29.693942013754594,
          29.319022902847717,
          25.676578777561595,
          32.253042205718153,
          31.900883726140144,
          27.886284820548493,
          28.55707868293845,
          24.712158396792098,
          23.999952604318054,
          24.987986134506404,
          27.623274630556818,
          27.783648967278069,
          27.521777882448454,
          25.382468683598816,
          27.883034911195143,
          30.283653440713543,
          23.951493562330267,
          27.698656914793848,
          23.738954893013904,
          24.045833501807081,
          27.474686609324337,
          30.269874058531276,
          26.548412209745845,
          27.137510654565368,
          27.598008584073664,
          25.839626539633088,
          25.163864354459115,
          26.357906038386837,
          27.012316880318973,
          23.714154153871121,
          27.376500963648972,
          28.889064044222202,
          23.925124872125355,
          23.763877010011583,
          28.107162430953938,
          23.584468931355477,
          23.95886723020314,
          27.475695388877593,
          23.923395876894919],
 'train': [319.53410262205205,
           303.18752092290367,
           297.13085703618304,
           287.63807878793028,
           281.14444361702823,
           276.61290843720968,
           282.48645248811505,
           281.05971887456735,
           271.02635873857884,
           269.20583402190238,
           268.09190538950276,
           267.5512684907701,
           269.92484239294583,
           267.97190178604666,
           268.76771534720621,
           266.21912928082969,
           270.88111673470905,
           276.80056622260793,
           264.53374245192305,
           263.87511850381213,
           264.79561042378481,
           265.1317276351275,
           263.21329582116624,
           262.49873279703814,
           262.43318570174046,
           263.99664667491089,
           260.82146959582525,
           261.89024964688832,
           274.95736126773477,
           262.99069515448633,
           259.19911721301224,
           259.26447896893347,
           258.66086242035152,
           258.33587122185918,
           260.54622119010895,
           268.97514183261421,
           258.80799248796041,
           259.5038057880746,
           258.11679446726595,
           255.92730847025504,
           256.41281177881416,
           266.82733871007463,
           256.50366816613712,
           254.58586368155747,
           254.26596698278104,
           255.52161671248732,
           274.16377590990834,
           265.68540884419042,
           253.03867543037813,
           257.72913727873862,
           254.31995607535086,
           252.94587128617326,
           266.09627972976335,
           251.74042555296077,
           251.02737066038372,
           266.74397092592488,
           250.87720493463632,
           250.14626653063715,
           249.84459644213342,
           255.00977682031754,
           249.23742496306423,
           251.41371819247325,
           249.00468633267593,
           248.8600937250221,
           248.25439609494353,
           248.21305942674945,
           254.6953150740253,
           254.33666720562127,
           247.82829195972874,
           266.20040439738841,
           265.602267343135,
           247.96010056399257,
           250.28222804978424,
           248.6149661589439,
           251.97859885349942,
           246.52823889788792,
           246.86327548554155,
           247.65187164367174,
           245.93169835442256,
           243.90419012523819,
           246.35378224678243,
           257.90593213236184,
           247.15312329467537,
           245.45615057766682,
           253.63880753281464,
           245.7776970795851,
           243.98747975636067,
           254.53747322817071,
           241.92138696817824,
           243.03768609216846,
           243.03452982141349,
           240.61833894152201,
           239.42927540830394,
           239.38303161381057,
           240.12029367302313,
           253.78357468422413,
           242.06894034478935,
           245.90328636401898,
           262.45631507060108,
           248.7076153016049,
           241.32834311574811,
           254.07997603886349,
           256.22871034170203,
           239.18907303567477,
           261.17110909469028]}
