

epoch	train err	test err0	301.440539787	35.83871724331	288.978322753	35.03407821172	282.05121385	35.14838019743	275.917617137	36.40046863584	269.225691883	36.20196214355	268.392455818	35.84903559476	266.272858127	36.00000298727	263.778658062	37.13388181618	265.060819716	36.00925837499	260.438673993	36.638961680610	276.528291242	36.024049368411	259.348779206	36.284197769912	259.265362454	37.574195683113	261.082599985	35.929383769314	268.437537984	35.806163610115	254.953254236	36.193306272116	254.102825368	36.493685593117	253.549425202	36.256857683418	253.362426831	36.767709815419	251.348054914	36.055535000820	254.082625615	37.134739344421	250.002465415	35.873130958422	254.108112408	37.235117361923	250.634651818	36.815822089224	250.696827662	36.906030604325	250.984550076	35.162222400726	251.134515821	37.143750715527	247.911626436	35.396149470428	245.926538246	35.655927851829	245.647578743	36.203382415630	245.687131102	36.290356912331	244.273066328	35.588168973332	245.683191612	35.103302251933	249.57541326	34.633431865234	244.57696025	35.020588456335	242.642034493	35.687657970936	246.82571306	34.618176587237	246.168023336	34.226907837738	241.560559792	35.457939131439	241.788695384	35.796778095140	248.979499835	37.89398651341	241.845559472	34.391909351542	272.504242188	33.675407367743	245.472269372	36.996149375144	239.702107793	35.111612916545	238.903986624	34.416270865846	243.059680318	33.891135203347	237.931371681	34.617296929548	246.623792908	37.479972228649	241.536327439	36.252810817950	239.061616175	35.739152375451	239.150363495	33.480736367452	249.946884189	33.63374256453	246.528349051	33.502613925154	241.492532739	33.595849779255	236.768443851	33.848061332956	235.607154938	33.200719981257	257.63530567	32.744655290158	238.346052633	32.762549929859	234.743246068	34.716491071460	299.149817897	34.309286504961	242.364564846	36.685512733562	233.000132364	33.13075259763	235.980260851	32.741739274564	237.522559362	33.0072151164

{'test': [35.838717243254635,
          35.034078211732847,
          35.148380197390509,
          36.400468635826407,
          36.201962143511977,
          35.849035594662659,
          36.000002987200766,
          37.13388181612401,
          36.009258374940842,
          36.638961680598008,
          36.024049368391545,
          36.284197769853947,
          37.574195683114525,
          35.92938376926412,
          35.806163610139578,
          36.193306272086545,
          36.493685593119864,
          36.256857683360735,
          36.767709815420304,
          36.055535000774611,
          37.134739344371127,
          35.873130958393816,
          37.235117361911669,
          36.815822089157628,
          36.906030604262163,
          35.162222400742962,
          37.14375071554656,
          35.396149470447732,
          35.655927851801103,
          36.203382415586852,
          36.290356912330267,
          35.588168973253687,
          35.103302251934061,
          34.633431865159181,
          35.020588456283569,
          35.687657970884707,
          34.618176587191734,
          34.226907837734927,
          35.457939131358899,
          35.796778095071758,
          37.893986512956054,
          34.391909351518649,
          33.675407367671511,
          36.996149375098952,
          35.11161291646188,
          34.41627086577018,
          33.891135203277877,
          34.617296929491808,
          37.479972228558822,
          36.252810817925642,
          35.739152375424375,
          33.480736367429365,
          33.633742564038386,
          33.502613925050539,
          33.595849779172596,
          33.848061332891859,
          33.200719981194453,
          32.744655290095345,
          32.762549929780597,
          34.716491071414282,
          34.309286504945838,
          36.685512733483236,
          33.130752597027438,
          32.741739274534432,
          33.007215116407252],
 'train': [301.4405397868141,
           288.97832275329978,
           282.05121385012336,
           275.91761713749003,
           269.22569188329857,
           268.39245581781444,
           266.27285812728371,
           263.77865806206512,
           265.06081971595461,
           260.43867399349961,
           276.52829124160678,
           259.34877920573331,
           259.26536245352486,
           261.08259998512892,
           268.43753798403912,
           254.95325423550199,
           254.10282536837698,
           253.54942520233891,
           253.36242683147594,
           251.34805491381249,
           254.08262561472063,
           250.00246541451764,
           254.10811240797523,
           250.63465181775618,
           250.69682766194808,
           250.98455007631739,
           251.13451582123014,
           247.91162643563365,
           245.92653824587023,
           245.64757874326273,
           245.68713110196236,
           244.27306632789058,
           245.68319161184775,
           249.57541326003644,
           244.57696024992083,
           242.64203449262766,
           246.82571306019454,
           246.16802333558326,
           241.56055979176875,
           241.78869538378817,
           248.97949983462985,
           241.84555947163952,
           272.50424218772878,
           245.47226937201438,
           239.7021077928367,
           238.90398662367045,
           243.05968031762836,
           237.93137168088043,
           246.62379290782266,
           241.53632743897433,
           239.06161617520368,
           239.15036349460465,
           249.94688418876936,
           246.52834905082798,
           241.49253273898731,
           236.76844385083163,
           235.60715493809542,
           257.6353056695836,
           238.34605263294429,
           234.74324606800468,
           299.14981789737061,
           242.36456484559926,
           233.00013236426167,
           235.98026085133424,
           237.52255936151991]}


epoch	train err	test err0	300.914254865	31.97360376151	291.584979204	30.74812160292	283.102704221	29.48751288093	283.771423131	29.76436697544	278.20913735	28.85586849165	276.182699639	28.52147489876	316.064770106	35.66609086367	273.69147528	28.04675900278	281.61227648	29.91512897889	273.502548457	28.427017119610	270.567794194	27.841027686411	274.894660101	28.961745879912	268.579141002	27.440462264113	271.894151578	28.542777908614	269.866299702	28.211199541715	266.186059944	27.275157901216	265.772882694	27.429051707717	270.690113074	27.065028686418	269.682667594	28.649844248619	264.83899393	27.641975301420	262.281375644	26.967264886721	264.028431804	27.695152066522	261.728076315	27.190400532523	263.189084162	26.318306877924	269.329442196	26.433905882125	266.572215397	26.218361812926	261.039126126	25.965712492327	258.478447215	26.927656149728	260.684310834	25.791742819829	256.942483841	25.718057401530	256.47953084	25.699474003931	255.163694532	25.74545510732	254.769643157	26.337607271133	254.509173849	25.513137330734	256.139678706	25.298647532935	256.082962557	25.304364420736	258.958320163	28.171378004237	257.862279751	25.059549183238	258.938123244	25.002268737539	261.391440715	25.016070696440	257.450803766	28.134278933541	250.295854374	25.524929972742	249.968744778	25.778101499843	260.984513064	29.186129131244	252.071741617	24.697606398545	248.720678644	25.473800939446	248.302566359	25.277149978647	254.899980242	24.409974019648	255.804300492	24.380959731149	253.992622685	24.339162889450	247.579306584	25.762933120151	260.143390328	24.405361545952	262.277832622	29.842630472753	252.181754108	27.468061839554	251.278852188	24.105368461355	258.142297306	29.021258582256	250.529418658	24.009292081557	270.459620889	31.500051399658	250.034549528	27.152367807759	251.114313114	27.467590607360	246.408643235	26.111746050761	260.607312853	29.63003867462	250.404355875	23.799657268663	245.782825953	23.911110044864	242.96625981	24.4310222835

{'test': [31.973603761476205,
          30.748121602892105,
          29.487512880903083,
          29.764366975380803,
          28.855868491581045,
          28.521474898731569,
          35.666090863594015,
          28.046759002677558,
          29.9151289787902,
          28.427017119581333,
          27.841027686353073,
          28.961745879910847,
          27.440462264112803,
          28.542777908617026,
          28.211199541720248,
          27.275157901170047,
          27.429051707726487,
          27.06502868635831,
          28.649844248614414,
          27.641975301357732,
          26.967264886743308,
          27.695152066498913,
          27.190400532471742,
          26.318306877876029,
          26.433905882134937,
          26.218361812867542,
          25.96571249230972,
          26.927656149652847,
          25.791742819770295,
          25.718057401451375,
          25.699474003862626,
          25.745455107005821,
          26.337607271134519,
          25.513137330683392,
          25.298647532901995,
          25.304364420700416,
          28.171378004180148,
          25.059549183242535,
          25.002268737455442,
          25.01607069636664,
          28.134278933535825,
          25.524929972736945,
          25.778101499782402,
          29.1861291311549,
          24.697606398514985,
          25.473800939438426,
          25.277149978627911,
          24.409974019589438,
          24.380959731121852,
          24.339162889412695,
          25.762933120106052,
          24.405361545917813,
          29.842630472748414,
          27.468061839506845,
          24.105368461285767,
          29.021258582188334,
          24.009292081526933,
          31.500051399604473,
          27.15236780767496,
          27.467590607312339,
          26.11174605068863,
          29.630038674037536,
          23.799657268610758,
          23.911110044844278,
          24.43102228351734],
 'train': [300.91425486547911,
           291.58497920427124,
           283.10270422096829,
           283.77142313146385,
           278.20913734992479,
           276.18269963926781,
           316.06477010567431,
           273.69147527959529,
           281.61227648032411,
           273.50254845722043,
           270.56779419408622,
           274.89466010098067,
           268.57914100246086,
           271.89415157829268,
           269.86629970214256,
           266.18605994433801,
           265.77288269432228,
           270.69011307388547,
           269.68266759415258,
           264.8389939301033,
           262.28137564386645,
           264.02843180383729,
           261.72807631520357,
           263.18908416158416,
           269.32944219561074,
           266.57221539657382,
           261.03912612550573,
           258.47844721450883,
           260.68431083422388,
           256.94248384074177,
           256.47953083966411,
           255.16369453239381,
           254.76964315655863,
           254.5091738485973,
           256.13967870589704,
           256.08296255731011,
           258.95832016303297,
           257.86227975081306,
           258.93812324360965,
           261.39144071527733,
           257.4508037655927,
           250.29585437426098,
           249.96874477771576,
           260.9845130641275,
           252.07174161666791,
           248.72067864409885,
           248.30256635876762,
           254.89998024220509,
           255.80430049193836,
           253.99262268494525,
           247.57930658396512,
           260.14339032784557,
           262.27783262183016,
           252.18175410807987,
           251.27885218787597,
           258.14229730621969,
           250.52941865799031,
           270.45962088874757,
           250.03454952807013,
           251.1143131139157,
           246.40864323523363,
           260.60731285296811,
           250.40435587529825,
           245.78282595305953,
           242.96625981008663]}


epoch	train err	test err0	298.564072173	31.10925777321	289.418528936	27.89496060992	283.392134583	27.68711882953	281.245352748	28.4875161134	277.252255742	27.48191052815	275.531624304	27.63907729486	277.624717678	26.70963285687	274.039780005	26.71227304988	271.845973505	26.76006558649	271.377218927	27.327285624310	273.234619742	26.444601469511	272.592700781	26.377580917212	267.751210095	26.535572653613	291.409054846	31.226640633214	269.318514732	27.579874850615	275.370520037	28.826258520316	274.195424546	26.269117183117	265.490078873	27.156135131718	263.31980167	26.762791657219	277.242341183	26.345384468820	264.225779592	25.955828579221	263.020018181	27.164100184122	273.987467976	29.104221083723	259.910776887	26.724704557424	261.75799545	25.775400848325	257.751017186	25.880167612526	268.701992655	28.542538298627	257.801096534	26.766367275128	255.857836833	25.919661926529	261.756094968	27.682706007230	272.135633348	25.965287281931	253.278312209	26.030998810932	311.270141018	34.924405400133	252.23437562	25.975454116334	251.422728875	25.807885396435	279.832081654	30.739434433636	252.820296719	25.419385675637	251.588185073	25.435260475938	249.342612332	25.742473501139	250.499125924	25.472910287140	265.567201753	29.005037310141	248.806779902	25.44342781842	256.552276344	27.706766045143	268.579419614	29.636144290144	257.454666859	25.332725955945	257.860481728	25.309551398946	248.248605044	26.463892362347	246.411974665	26.098190254348	253.428182277	27.56151159849	248.75633459	26.790280141950	261.421279693	28.919700773551	244.032900484	25.494371582752	250.064478115	27.2111385353	243.203583001	25.754191588154	270.355654475	25.817747119255	245.707010081	26.581989330956	244.729428722	26.342350510157	241.483780405	25.60161200858	261.184395248	29.213153359259	245.304455153	26.694376135160	260.990610628	29.272117720561	239.996893648	25.508225909862	246.295965634	26.994837482163	239.222420438	25.419770977464	245.564808292	26.9839492281

{'test': [31.10925777315947,
          27.894960609899385,
          27.687118829532459,
          28.487516112980032,
          27.481910528100467,
          27.639077294800941,
          26.709632856784541,
          26.712273049800164,
          26.76006558636368,
          27.327285624317504,
          26.444601469455911,
          26.377580917201016,
          26.535572653642618,
          31.226640633189561,
          27.579874850569389,
          28.826258520323357,
          26.269117183062104,
          27.156135131655375,
          26.762791657155653,
          26.345384468848369,
          25.955828579211513,
          27.16410018411538,
          29.104221083650014,
          26.724704557382644,
          25.775400848318739,
          25.88016761249196,
          28.542538298581029,
          26.76636727505818,
          25.919661926515044,
          27.682706007179121,
          25.965287281923313,
          26.030998810908621,
          34.924405400142611,
          25.975454116265336,
          25.807885396409109,
          30.739434433608004,
          25.419385675598587,
          25.435260475901014,
          25.742473501116677,
          25.472910287133455,
          29.005037310113675,
          25.443427818049575,
          27.706766045114971,
          29.636144290103189,
          25.332725955927863,
          25.309551398949221,
          26.463892362342207,
          26.098190254308882,
          27.561511598017638,
          26.790280141901572,
          28.919700773481235,
          25.494371582736242,
          27.211138529977056,
          25.754191588124549,
          25.817747119219987,
          26.581989330854682,
          26.34235051012346,
          25.601612007969223,
          29.213153359192837,
          26.694376135059922,
          29.272117720544781,
          25.508225909847699,
          26.994837482083064,
          25.419770977383504,
          26.983949228067818],
 'train': [298.56407217304491,
           289.4185289357759,
           283.39213458255546,
           281.24535274842782,
           277.25225574213374,
           275.5316243041284,
           277.62471767833671,
           274.03978000474012,
           271.84597350540548,
           271.3772189271578,
           273.23461974227945,
           272.59270078050616,
           267.75121009525674,
           291.40905484602894,
           269.31851473205307,
           275.37052003650945,
           274.19542454580284,
           265.49007887297387,
           263.31980166952565,
           277.24234118331105,
           264.22577959161879,
           263.02001818095783,
           273.98746797577047,
           259.91077688696913,
           261.75799544997977,
           257.75101718628457,
           268.70199265498081,
           257.80109653422886,
           255.8578368325787,
           261.75609496795363,
           272.13563334803723,
           253.27831220948363,
           311.27014101765707,
           252.23437561980728,
           251.422728875178,
           279.83208165406893,
           252.82029671915734,
           251.58818507277201,
           249.34261233239607,
           250.49912592360477,
           265.56720175255668,
           248.80677990211262,
           256.55227634358613,
           268.57941961423825,
           257.45466685931001,
           257.86048172783836,
           248.24860504357952,
           246.41197466510789,
           253.428182276961,
           248.75633459032389,
           261.42127969294842,
           244.03290048390255,
           250.06447811499137,
           243.20358300086204,
           270.355654474571,
           245.70701008056409,
           244.72942872246989,
           241.48378040488376,
           261.18439524789983,
           245.30445515273593,
           260.99061062820874,
           239.99689364831386,
           246.29596563350214,
           239.22242043772172,
           245.56480829249861]}
