

epoch	train err	test err0	294.814757731	34.68262446071	298.63041541	35.84860690322	278.894231693	33.87104664373	276.355882724	34.39433286634	281.537689345	33.51018850625	272.034077105	33.61340100826	273.837115799	34.38024805887	274.807706483	32.84548488218	281.909882752	33.12290275669	285.766322202	33.255112012910	267.008946287	32.276440411811	275.477252385	34.609491251612	263.94764632	32.065286237613	264.281688172	32.540359423114	267.838959014	33.049459369915	262.041033076	31.722622376316	260.80378168	31.364967388417	286.816580695	32.754783941618	261.367466003	31.634792297619	259.692192774	31.344523688120	274.89607219	33.019657600821	261.946628275	30.390614828622	272.143784379	32.511755915523	256.806048574	30.524684445524	256.467451241	30.088711139525	262.295748226	30.170689645926	255.421626665	30.089644664827	254.910387663	29.735590292228	256.730569028	29.547486294129	261.326184326	30.858295217930	253.724887071	29.298934844931	252.851913811	29.450797409132	253.026633693	29.436989891833	253.000368159	29.174342275134	255.167828011	29.168538317635	251.080687392	28.960585842636	252.499042891	29.410721216237	253.081423915	29.070795078538	255.577133902	29.012644992839	249.742209844	28.713578891740	249.780995291	28.540130275141	248.686482836	28.260639817142	260.921849917	30.054329013343	265.807869718	30.684819603644	273.496797371	30.624867305745	263.384312044	29.513318142746	250.875853481	28.342453236947	257.793523952	29.235864070348	253.941050555	28.838915423849	268.813929278	30.045492108550	254.639499319	28.254449671251	246.367622597	27.771810999152	244.970259937	27.274214289653	297.850287415	33.430730849654	246.150270941	27.292253494155	244.497052042	27.007184885456	243.302547235	27.160206454957	242.63468046	27.148477189258	243.897747757	26.949730454759	275.502582225	30.717125383460	254.330329627	28.049962783361	243.640089148	26.924342757262	270.533782734	30.152952048363	243.455495937	26.736737954864	240.129352934	26.504563821465	244.329465948	26.96289204966	241.327862634	26.749914281567	240.689284325	26.835131903868	254.472210203	28.63166130869	252.943683883	28.388715614670	265.45506124	30.030932135171	249.39807874	27.51670993372	241.829005906	26.814916069573	240.293135769	26.650505644974	251.55579453	27.969266911975	237.49701386	26.397895942176	280.634602358	31.535471248177	237.765820024	26.180014242678	275.200506739	30.9638258579	236.170215656	26.105739786180	240.741499782	26.702600394581	237.905224836	26.309115668382	237.44598855	26.373813254983	241.128914986	26.850948504984	249.448638977	27.760323205185	236.011926187	25.886182277986	236.045023695	26.124444355687	235.684256105	26.018795210488	235.852559259	26.280603347589	233.988097737	25.853628150490	261.884938846	29.305579337591	234.363581263	25.957257911292	248.119622759	27.762037792993	237.54212461	26.14140284394	232.734264412	25.595702362595	233.071399552	25.655215066196	339.761502069	39.142606448897	246.064920021	27.422929213298	234.853908979	26.043525594499	303.981630264	34.8398667433100	258.039032856	29.1105573388101	265.929005656	30.0568516332102	231.587589663	25.5718837877103	237.668687072	26.2156640541104	244.487358925	27.1761739358

{'test': [34.682624460734132,
          35.848606903209024,
          33.871046643701632,
          34.394332866329066,
          33.510188506232524,
          33.613401008151769,
          34.38024805881102,
          32.845484882128076,
          33.122902756625678,
          33.255112012914374,
          32.276440411838159,
          34.609491251628953,
          32.065286237566831,
          32.540359423101073,
          33.049459369882051,
          31.722622376310074,
          31.364967388360277,
          32.754783941555552,
          31.634792297568744,
          31.344523688097418,
          33.019657600804919,
          30.390614828588454,
          32.51175591546253,
          30.524684445492646,
          30.088711139513929,
          30.170689645858054,
          30.089644664772162,
          29.735590292190388,
          29.54748629407138,
          30.858295217867798,
          29.298934844943965,
          29.450797409098666,
          29.43698989182796,
          29.174342275115585,
          29.168538317616651,
          28.960585842631431,
          29.410721216201736,
          29.070795078529699,
          29.012644992766536,
          28.713578891688538,
          28.540130275096317,
          28.26063981706751,
          30.054329013299185,
          30.68481960357942,
          30.624867305652035,
          29.513318142672166,
          28.342453236918626,
          29.235864070295154,
          28.838915423843314,
          30.045492108520417,
          28.254449671242465,
          27.771810999068041,
          27.274214289568658,
          33.430730849621995,
          27.29225349413564,
          27.0071848854124,
          27.16020645494044,
          27.148477189249782,
          26.949730454653199,
          30.717125383431735,
          28.049962783261677,
          26.924342757170372,
          30.152952048287808,
          26.73673795477864,
          26.504563821354683,
          26.962892049002846,
          26.749914281476162,
          26.835131903756114,
          28.631661307971058,
          28.388715614613286,
          30.030932135116196,
          27.51670993296144,
          26.814916069499152,
          26.650505644864047,
          27.969266911911095,
          26.397895942081888,
          31.535471248089781,
          26.180014242640645,
          30.963825849953718,
          26.105739786138269,
          26.702600394510597,
          26.309115668264852,
          26.373813254862625,
          26.850948504883544,
          27.760323205063052,
          25.88618227788081,
          26.124444355639454,
          26.018795210434742,
          26.280603347465931,
          25.853628150439565,
          29.305579337518889,
          25.957257911248302,
          27.762037792901214,
          26.141402842969796,
          25.59570236249127,
          25.655215066081631,
          39.142606448756986,
          27.4229292131566,
          26.043525594357174,
          34.839866743269823,
          29.11055733876379,
          30.056851633182998,
          25.571883787650961,
          26.21566405413121,
          27.176173935783037],
 'train': [294.81475773094053,
           298.63041541008664,
           278.89423169329035,
           276.35588272387105,
           281.53768934457463,
           272.03407710460255,
           273.83711579918855,
           274.80770648284766,
           281.90988275169371,
           285.76632220176123,
           267.00894628663855,
           275.47725238537333,
           263.94764632013141,
           264.28168817184263,
           267.83895901384648,
           262.04103307584444,
           260.80378167987681,
           286.81658069543664,
           261.36746600285414,
           259.69219277360742,
           274.89607218985299,
           261.94662827483938,
           272.14378437916122,
           256.80604857388329,
           256.4674512405835,
           262.2957482260415,
           255.42162666458285,
           254.91038766334339,
           256.7305690279922,
           261.32618432595041,
           253.72488707060683,
           252.85191381104852,
           253.02663369300672,
           253.00036815902251,
           255.16782801128053,
           251.08068739206487,
           252.49904289112257,
           253.08142391505407,
           255.57713390166197,
           249.7422098441283,
           249.78099529067057,
           248.68648283637447,
           260.92184991654489,
           265.80786971767606,
           273.49679737117793,
           263.38431204367089,
           250.87585348069908,
           257.79352395215949,
           253.94105055465741,
           268.81392927783139,
           254.6394993191754,
           246.36762259745433,
           244.97025993715383,
           297.85028741504868,
           246.15027094070976,
           244.49705204180611,
           243.30254723516006,
           242.63468045972192,
           243.89774775734662,
           275.50258222507847,
           254.3303296274903,
           243.64008914830382,
           270.53378273363433,
           243.45549593729967,
           240.12935293395813,
           244.32946594830653,
           241.32786263439476,
           240.68928432527167,
           254.47221020280148,
           252.94368388345399,
           265.45506123969045,
           249.39807874015932,
           241.82900590555494,
           240.29313576895547,
           251.55579452986234,
           237.49701385989675,
           280.63460235822919,
           237.76582002394602,
           275.20050673914744,
           236.17021565577576,
           240.74149978210116,
           237.90522483614518,
           237.4459885499158,
           241.12891498572284,
           249.44863897743613,
           236.01192618673275,
           236.04502369470072,
           235.68425610463504,
           235.85255925891585,
           233.98809773748644,
           261.88493884589036,
           234.36358126258267,
           248.11962275906131,
           237.54212460987256,
           232.73426441168456,
           233.07139955151823,
           339.76150206903787,
           246.06492002146885,
           234.85390897930591,
           303.98163026376989,
           258.03903285632015,
           265.92900565642105,
           231.58758966283472,
           237.66868707157676,
           244.48735892546591]}


epoch	train err	test err0	299.584671207	32.0039594391	290.620604478	31.19078712532	284.824768046	30.50991610923	283.07163728	30.24774593014	283.804389009	30.33108350495	292.198834803	31.19488277256	281.810054092	29.97808357127	286.993329725	30.28249953988	282.596746489	30.01837493629	274.590534399	28.757929138910	273.726632199	28.759087144811	269.980309405	27.946912919412	269.529769121	27.998759253113	267.568182579	27.572847608514	270.933948887	28.112530585715	275.024857244	28.173126793516	267.807276776	27.532123905717	279.392613552	28.908837570918	263.114181686	26.789803583419	324.62819267	33.961414374520	269.722780242	27.719440272721	261.039215513	26.640038247822	270.08020266	27.648894529723	260.318724257	26.445048809624	260.1343753	26.388063928625	258.132736538	26.169318715526	257.077879557	25.77007063827	266.62809901	26.953429419528	259.821282539	26.122334710129	282.781105395	28.791400545730	263.059350575	26.53861321431	253.750123297	25.353113801732	265.324777702	26.514776056333	252.651667606	25.076732229634	253.694010058	25.142171406735	287.815498334	29.523056417736	251.225514003	24.853328232337	250.978831032	24.79227740938	292.490124317	29.925030157839	251.228500924	24.796959365340	253.178254307	24.952937885741	249.072303455	24.487116038242	265.763181109	26.688733672943	253.83043145	25.120720053644	252.073581495	24.85173670145	248.872645026	24.638513905446	246.740105672	24.300214573147	255.553121711	25.393048852448	258.320866607	25.424100214549	251.326429138	24.655938249550	255.485549606	25.372751211451	246.078504312	24.130768437452	244.421051498	23.996742487953	244.916173894	23.96361455554	263.510495052	26.647634499955	244.455342942	24.101718068856	245.990756372	24.43144637357	244.822725594	24.283932926558	261.678938005	26.271988562759	244.907023099	23.958269958560	260.606773692	25.54163432861	243.44764993	23.748885625462	247.778083081	24.215003902563	265.184021513	27.195711507164	250.990990136	24.530526053165	254.966452008	24.938275903266	240.213327329	23.498225901667	240.793729481	23.502673872868	249.105749326	24.855366965369	270.955731595	27.975840596470	256.144111665	25.050460671371	243.166586226	23.757760295272	252.259582727	25.656545885273	242.478503802	23.655762125174	280.787225432	29.72622182175	243.510016333	24.556648435176	254.951474278	26.173518714777	247.445176073	24.163299945878	257.374206018	25.153562369479	239.010233016	23.890566385180	248.207423644	24.233427110181	245.404841873	24.812688074282	268.293353022	28.167660460983	237.226114902	23.523639643784	246.465116865	25.213995920585	259.441329984	27.122734994286	258.076596577	25.251287435787	265.337812024	27.943193104988	245.441140305	24.000255340789	247.876276081	24.176535813290	247.298585556	24.743806423591	238.3553023	23.818811668892	247.940734805	25.122276077393	234.396015577	23.156210626594	235.263573647	23.160116919895	252.99368157	25.758799579596	239.980720539	23.442349239297	250.269960032	24.444280794598	241.530597623	24.663440697299	233.467920538	22.9874936304100	233.195789855	23.0155207433101	247.055220476	24.156682217102	234.547711812	22.998057517103	236.763678854	23.0624835833104	238.763546117	23.2344189009

{'test': [32.003959439045481,
          31.190787125324341,
          30.509916109194055,
          30.247745930061114,
          30.331083504923932,
          31.194882772468738,
          29.978083571152482,
          30.282499539784119,
          30.018374936159653,
          28.75792913889012,
          28.75908714480331,
          27.946912919359775,
          27.998759253119783,
          27.572847608472536,
          28.112530585689598,
          28.173126793524371,
          27.53212390572806,
          28.908837570925563,
          26.789803583394939,
          33.9614143745059,
          27.719440272674213,
          26.64003824784854,
          27.648894529672891,
          26.445048809568942,
          26.388063928585762,
          26.169318715453056,
          25.77007063798138,
          26.95342941951364,
          26.122334710134879,
          28.791400545732216,
          26.538613214038353,
          25.353113801712901,
          26.514776056304022,
          25.076732229558719,
          25.142171406709036,
          29.523056417705661,
          24.853328232304953,
          24.792277409037844,
          29.925030157771477,
          24.796959365282358,
          24.952937885654876,
          24.487116038234781,
          26.688733672943549,
          25.120720053603215,
          24.851736701014961,
          24.638513905414655,
          24.300214573110836,
          25.393048852387821,
          25.424100214497852,
          24.655938249487274,
          25.37275121144468,
          24.130768437430401,
          23.996742487905003,
          23.963614554997815,
          26.647634499942974,
          24.101718068825388,
          24.431446373005766,
          24.283932926483622,
          26.27198856265586,
          23.958269958523072,
          25.541634328040121,
          23.748885625363449,
          24.215003902548457,
          27.19571150706815,
          24.530526053078116,
          24.938275903205863,
          23.49822590162379,
          23.502673872751021,
          24.85536696531625,
          27.975840596375516,
          25.050460671264833,
          23.757760295190426,
          25.656545885246473,
          23.65576212514377,
          29.726221820990173,
          24.556648435139596,
          26.173518714691948,
          24.163299945849818,
          25.153562369386378,
          23.890566385056488,
          24.2334271101147,
          24.8126880742001,
          28.167660460874266,
          23.523639643715072,
          25.213995920529911,
          27.122734994212127,
          25.251287435741936,
          27.94319310488406,
          24.000255340695333,
          24.176535813187925,
          24.743806423456174,
          23.818811668845967,
          25.122276077286063,
          23.156210626453095,
          23.16011691978207,
          25.758799579477724,
          23.442349239191401,
          24.444280794450162,
          24.663440697222224,
          22.987493630404792,
          23.015520743330512,
          24.15668221701015,
          22.998057517025515,
          23.062483583312506,
          23.234418900889544],
 'train': [299.5846712067023,
           290.62060447840571,
           284.82476804647899,
           283.07163728023784,
           283.80438900854131,
           292.19883480278111,
           281.8100540923445,
           286.99332972513474,
           282.59674648870777,
           274.59053439853608,
           273.72663219877023,
           269.98030940536648,
           269.52976912052026,
           267.56818257940029,
           270.93394888748514,
           275.02485724364442,
           267.80727677624839,
           279.39261355224852,
           263.11418168640398,
           324.62819267002368,
           269.72278024233856,
           261.03921551274647,
           270.08020265987682,
           260.31872425747542,
           260.13437529967558,
           258.13273653833579,
           257.07787955724837,
           266.62809901003624,
           259.82128253928238,
           282.78110539516376,
           263.05935057512602,
           253.75012329732155,
           265.32477770244981,
           252.65166760608929,
           253.69401005805122,
           287.81549833434082,
           251.22551400278655,
           250.97883103239354,
           292.49012431674089,
           251.22850092383345,
           253.17825430675168,
           249.07230345505533,
           265.7631811088421,
           253.83043145001255,
           252.07358149544336,
           248.87264502578611,
           246.74010567215274,
           255.55312171058529,
           258.32086660664487,
           251.32642913787902,
           255.48554960577448,
           246.07850431243494,
           244.42105149797328,
           244.91617389398505,
           263.51049505182226,
           244.45534294171281,
           245.99075637223493,
           244.82272559391788,
           261.67893800545176,
           244.9070230990468,
           260.60677369215915,
           243.44764992961086,
           247.77808308072355,
           265.18402151266554,
           250.99099013571632,
           254.96645200795462,
           240.21332732853642,
           240.79372948098145,
           249.10574932623214,
           270.95573159474253,
           256.14411166473963,
           243.16658622642473,
           252.25958272671289,
           242.47850380173031,
           280.78722543225399,
           243.51001633312416,
           254.95147427791682,
           247.44517607349289,
           257.37420601783458,
           239.01023301633936,
           248.2074236443911,
           245.40484187305631,
           268.29335302238621,
           237.2261149018799,
           246.46511686454164,
           259.44132998388181,
           258.0765965765537,
           265.33781202372199,
           245.44114030453181,
           247.87627608092589,
           247.29858555572787,
           238.35530230044535,
           247.94073480541377,
           234.39601557693513,
           235.26357364741074,
           252.99368157027104,
           239.98072053941794,
           250.26996003161008,
           241.53059762319424,
           233.46792053757997,
           233.19578985540079,
           247.05522047568604,
           234.54771181171012,
           236.76367885445254,
           238.76354611705298]}


epoch	train err	test err0	330.268104163	36.29360213891	303.395563103	32.23754004162	291.97104658	31.63631711043	282.285826974	30.60555949144	277.308357076	31.48410653375	273.478161704	30.85009103776	272.068797735	31.63031389077	269.441327399	31.16853637478	288.547265232	35.22816790879	272.722458067	29.966467128210	272.628542538	32.712612896411	267.153686652	30.164332170912	288.943312469	35.191117378213	280.750874026	33.818304033614	288.213450877	35.358569983815	262.369820475	30.267220488516	264.236122193	31.538023660717	261.309972602	30.622867908718	260.321200325	30.069578540219	261.791241642	31.52876148720	259.052244864	30.431874945321	267.518331266	29.397978216322	265.234457108	29.258723410223	262.724116927	31.471936799924	257.802402324	29.57417956125	257.83709798	30.623070122826	255.679950317	29.544016465927	264.860004236	29.462947848828	258.986233662	31.350545635729	256.307421005	28.932355509830	269.722196329	32.391897403731	266.970990793	32.374676334332	292.064378249	35.633836029633	253.059484555	29.644437395834	255.254739364	29.990763557835	251.988500837	29.227992676636	250.258999646	29.502909697237	251.134405834	29.580687342338	253.92031125	28.64462884139	251.053745832	28.902158121340	250.087668836	29.950726708741	247.513040603	28.916681113842	247.341715773	28.603431971343	246.644044104	28.68984015144	246.041899487	28.516482270845	261.012437267	28.792466617646	249.034869044	28.221334662747	247.674175004	28.088457682548	244.748126441	28.054087166749	248.133856492	27.972931837150	256.369867841	30.707481771151	248.326501059	29.43517849152	250.559505488	28.033975849553	248.262660263	29.1986538154	243.075644469	28.072243630755	244.047081966	27.575293751656	290.256188649	34.348691826857	242.347221949	27.892102281758	243.615926193	27.809107933859	245.930012703	27.704034460360	241.577364998	27.797203926961	242.007972834	28.134560210362	241.964779432	27.208681617163	263.268192402	30.888470172264	246.397839962	27.699306352765	241.742239927	27.678995608266	241.234793315	27.091556451367	240.394378052	27.660424394368	241.506942192	27.497205779669	241.382134308	27.135897753270	240.178527602	27.520211111971	241.275230215	27.122610947872	238.895235127	27.168290896973	242.535266114	27.567877971974	270.232597199	31.566305082775	257.032529437	28.040896531176	243.753240968	28.139944365477	239.641336653	26.892397206778	242.771991043	28.122992375879	243.981363232	26.891245223980	239.277432987	26.558216171281	240.089878255	27.394356011382	248.068851891	28.313446420983	238.983798779	26.716194065184	237.236473162	26.497340849385	238.293651658	26.652976643386	240.249702745	26.396921452487	242.917302436	26.632478669388	240.82297324	26.392806734589	235.962279558	26.324277579890	235.852159244	26.586015379391	272.18719952	31.282241241292	243.928223612	26.786130217393	236.28217333	26.492401026794	253.298110887	29.294907520595	236.964660503	26.053671050296	240.465680681	27.026892314797	236.318964374	26.558008599198	254.842379914	27.43101440899	237.352377605	26.5256288908100	262.890079758	30.5042242043101	244.499224212	26.6497271395102	234.099637663	25.7768944842103	234.068214406	26.2868098557104	237.283928931	25.9504108123

{'test': [36.293602138853878,
          32.237540041559321,
          31.636317110377263,
          30.605559491359166,
          31.484106533711145,
          30.850091037702608,
          31.630313890711562,
          31.168536374730845,
          35.228167908663018,
          29.966467128247444,
          32.712612896355722,
          30.164332170883444,
          35.19111737822967,
          33.818304033550845,
          35.358569983804607,
          30.267220488521229,
          31.5380236606929,
          30.622867908673072,
          30.069578540247814,
          31.528761486983754,
          30.431874945328509,
          29.397978216348019,
          29.258723410156524,
          31.471936799886954,
          29.574179560983026,
          30.623070122814834,
          29.544016465886386,
          29.462947848840024,
          31.350545635710894,
          28.932355509808286,
          32.391897403667272,
          32.374676334330843,
          35.633836029619353,
          29.644437395809383,
          29.990763557758267,
          29.227992676614029,
          29.502909697212086,
          29.580687342314128,
          28.644628841030819,
          28.902158121334885,
          29.950726708741229,
          28.916681113784662,
          28.603431971324348,
          28.689840151047189,
          28.516482270750245,
          28.792466617571574,
          28.221334662682416,
          28.088457682548714,
          28.05408716674691,
          27.972931837145246,
          30.707481771134717,
          29.435178490982842,
          28.033975849541768,
          29.198653810014502,
          28.072243630660886,
          27.575293751596831,
          34.34869182678846,
          27.892102281680543,
          27.809107933809546,
          27.704034460277825,
          27.797203926921124,
          28.134560210255277,
          27.208681617087588,
          30.888470172237501,
          27.699306352721837,
          27.678995608248616,
          27.09155645130998,
          27.660424394272152,
          27.497205779552555,
          27.135897753215279,
          27.520211111850355,
          27.122610947759938,
          27.168290896928795,
          27.567877971905229,
          31.566305082718504,
          28.040896531081149,
          28.139944365438623,
          26.892397206688415,
          28.122992375779447,
          26.891245223905418,
          26.558216171183059,
          27.394356011328345,
          28.313446420854085,
          26.716194065067654,
          26.497340849264042,
          26.652976643284482,
          26.396921452355791,
          26.632478669292937,
          26.392806734535995,
          26.324277579783541,
          26.586015379277789,
          31.282241241230185,
          26.786130217345516,
          26.492401026700264,
          29.294907520462214,
          26.053671050245573,
          27.026892314650809,
          26.558008599112306,
          27.431014407986247,
          26.525628890798274,
          30.504224204334765,
          26.649727139467306,
          25.776894484166917,
          26.286809855673503,
          25.950410812288712],
 'train': [330.2681041626725,
           303.39556310255296,
           291.97104658001683,
           282.28582697397189,
           277.30835707565939,
           273.47816170413103,
           272.06879773524969,
           269.44132739918979,
           288.54726523193,
           272.72245806745894,
           272.62854253845279,
           267.15368665182604,
           288.94331246947417,
           280.75087402551242,
           288.21345087745465,
           262.36982047472168,
           264.23612219314236,
           261.30997260222432,
           260.32120032511477,
           261.791241641618,
           259.05224486370298,
           267.51833126556824,
           265.23445710784409,
           262.72411692724842,
           257.80240232417594,
           257.83709797994823,
           255.67995031730803,
           264.86000423645442,
           258.98623366185183,
           256.3074210051825,
           269.72219632863585,
           266.97099079331309,
           292.06437824917754,
           253.05948455521758,
           255.25473936368107,
           251.9885008368075,
           250.25899964551579,
           251.13440583385602,
           253.92031125030212,
           251.05374583212117,
           250.08766883603499,
           247.51304060290499,
           247.34171577314117,
           246.64404410435685,
           246.04189948733995,
           261.01243726659237,
           249.03486904368381,
           247.67417500402604,
           244.74812644077414,
           248.13385649183243,
           256.36986784142857,
           248.32650105939248,
           250.55950548789195,
           248.26266026332391,
           243.07564446933068,
           244.04708196611205,
           290.25618864945358,
           242.34722194930364,
           243.61592619286904,
           245.93001270252446,
           241.57736499752781,
           242.00797283438061,
           241.96477943213463,
           263.26819240197341,
           246.39783996236517,
           241.74223992656718,
           241.23479331475463,
           240.39437805218824,
           241.50694219229314,
           241.38213430799655,
           240.17852760182731,
           241.27523021487997,
           238.89523512735187,
           242.53526611360627,
           270.23259719860374,
           257.03252943654195,
           243.75324096757231,
           239.64133665343158,
           242.77199104288002,
           243.98136323159324,
           239.27743298742345,
           240.08987825462015,
           248.06885189135824,
           238.98379877933473,
           237.23647316170346,
           238.29365165793769,
           240.24970274472307,
           242.91730243554673,
           240.82297324004492,
           235.96227955838191,
           235.85215924391676,
           272.18719951959537,
           243.92822361231305,
           236.28217333011034,
           253.29811088681535,
           236.96466050345509,
           240.46568068118688,
           236.31896437396955,
           254.84237991354689,
           237.35237760475374,
           262.89007975840178,
           244.49922421226,
           234.09963766349327,
           234.06821440614431,
           237.28392893121486]}
