

epoch	train err	test err0	295.079370573	32.21095781251	278.100142092	30.94472568512	276.271798099	31.03223476753	274.493509973	31.01289005834	270.447857567	30.51594101045	269.658979851	30.54440169736	276.265494772	31.4203369827	267.955288283	30.50185512138	265.714213298	30.18030654119	264.444299088	30.003361198810	266.848563668	30.778680610211	289.67894547	32.973422924512	265.072057904	29.930312653613	267.259555968	30.002638827514	265.835544741	31.043433188615	281.024988796	32.633627999816	259.800115967	30.143555855417	271.384956043	31.760864336318	266.139265925	31.481131374219	276.48665766	31.037706051520	258.893743353	30.478750880421	270.403819512	31.821976801622	274.989573632	31.0847527923	253.238098737	29.770838478524	252.144942496	29.8897468887

{'test': [32.210957812457302,
          30.944725685134912,
          31.032234767454746,
          31.012890058341821,
          30.515941010405637,
          30.544401697263339,
          31.420336981996975,
          30.501855121293019,
          30.180306541052371,
          30.003361198798455,
          30.778680610223631,
          32.973422924540884,
          29.930312653560112,
          30.00263882752283,
          31.043433188568621,
          32.633627999777552,
          30.143555855366987,
          31.760864336301815,
          31.481131374180915,
          31.037706051481152,
          30.478750880375266,
          31.821976801558851,
          31.084752789964817,
          29.770838478500586,
          29.889746888709389],
 'train': [295.07937057328746,
           278.10014209170799,
           276.27179809947052,
           274.49350997308824,
           270.4478575670646,
           269.65897985084666,
           276.26549477162922,
           267.95528828302827,
           265.71421329798687,
           264.44429908788231,
           266.84856366824022,
           289.6789454698739,
           265.07205790382005,
           267.25955596839452,
           265.83554474126151,
           281.02498879641036,
           259.80011596651053,
           271.38495604322833,
           266.13926592495386,
           276.48665766015159,
           258.89374335250039,
           270.40381951211265,
           274.98957363172696,
           253.23809873742243,
           252.14494249648698]}


epoch	train err	test err0	288.3786104	30.76178872961	295.065689071	29.6658363652	287.136927162	29.26105871143	366.938220206	40.39164131534	292.852424933	32.45358501535	317.612654327	34.89282836216	295.09776615	32.42709643217	311.718083094	34.01318144148	280.530574211	30.78211795659	282.37398076	28.35351282610	301.233791459	33.152447093311	278.808028689	28.256959615212	270.846079098	29.167763452613	279.445424713	28.00555331214	270.391527065	29.06306028415	289.442735984	28.028870024516	276.689441552	27.731057439217	268.383389584	28.088027515618	268.031333348	27.903370097719	275.836076808	27.442436137620	282.653079095	30.467691826321	265.833303774	27.850290771322	265.829669121	27.534042401423	266.47086582	27.347748992924	273.23640706	26.9629642418

{'test': [30.761788729642397,
          29.665836365048449,
          29.261058711413227,
          40.391641315313151,
          32.453585015268082,
          34.892828362098044,
          32.427096432060949,
          34.013181441435115,
          30.782117956464795,
          28.353512826049375,
          33.152447093263262,
          28.256959615224527,
          29.167763452611961,
          28.005553311974722,
          29.063060283978636,
          28.028870024467697,
          27.731057439167376,
          28.088027515583921,
          27.903370097720845,
          27.442436137601376,
          30.467691826269871,
          27.850290771294059,
          27.534042401386927,
          27.347748992906276,
          26.962964241768404],
 'train': [288.3786103999858,
           295.06568907124677,
           287.13692716249579,
           366.93822020578773,
           292.8524249333226,
           317.61265432710798,
           295.09776615017734,
           311.71808309357311,
           280.53057421095957,
           282.37398076001779,
           301.23379145920939,
           278.8080286889363,
           270.84607909767612,
           279.44542471338156,
           270.39152706488107,
           289.44273598370648,
           276.68944155152599,
           268.38338958413982,
           268.03133334769325,
           275.83607680787526,
           282.65307909488752,
           265.8333037741487,
           265.82966912096441,
           266.47086582012759,
           273.23640706012384]}


epoch	train err	test err0	386.544282369	42.49253744751	276.743691476	37.94849950432	293.240676774	35.45815474233	272.479607516	37.59725324154	268.433047941	35.45418132745	268.767652987	35.21312573276	280.348839206	34.85346909757	263.896751986	36.2009823048	271.477293488	38.69539358059	267.944775323	38.131568815210	266.394807034	34.532650773311	259.703069929	36.401126237512	264.195351743	34.459839778613	263.547210365	38.066736162314	257.153948604	36.363598513515	262.364886213	34.349779778416	254.574053134	36.212333297217	262.450272915	34.478348799518	265.958161267	37.246011326719	250.389765622	35.085340549620	249.992545016	35.395357591921	248.795021168	34.602102271722	249.867960399	34.245173401923	265.351779047	34.854095848424	251.806521599	35.514021178

{'test': [42.492537447471342,
          37.948499504327401,
          35.458154742306718,
          37.597253241496034,
          35.454181327405529,
          35.213125732702068,
          34.853469097488194,
          36.200982303976225,
          38.695393580522108,
          38.131568815207736,
          34.532650773277012,
          36.401126237500925,
          34.45983977862268,
          38.066736162306775,
          36.363598513469498,
          34.349779778426445,
          36.212333297213448,
          34.478348799463802,
          37.246011326683295,
          35.085340549644187,
          35.39535759188994,
          34.602102271714585,
          34.245173401875483,
          34.854095848363151,
          35.514021177958782],
 'train': [386.54428236901879,
           276.74369147602044,
           293.24067677436818,
           272.47960751578177,
           268.43304794086964,
           268.76765298729771,
           280.34883920569712,
           263.89675198642271,
           271.47729348784327,
           267.94477532306928,
           266.39480703353155,
           259.70306992867381,
           264.19535174317275,
           263.54721036539598,
           257.15394860396935,
           262.36488621285349,
           254.57405313422043,
           262.45027291525969,
           265.95816126739112,
           250.3897656222783,
           249.99254501572219,
           248.79502116784283,
           249.86796039869043,
           265.35177904744103,
           251.80652159878906]}
