

epoch	train err	test err0	293.402099689	38.00968465961	291.939768838	33.51959992592	285.141967877	35.67672897753	284.254981166	31.33495571964	281.830894456	30.82904855475	272.778053798	31.16285974586	288.398499616	30.44778030777	276.853735577	34.23951356258	269.189853598	31.10531287369	270.778551705	32.640881855710	268.618770724	32.170783729711	274.313035488	29.997696386412	267.62598391	32.636672220613	269.596803642	29.968811011514	263.470127437	30.996813630215	269.56959843	29.797072383616	261.947152346	30.6165660517	266.102648156	34.005428563218	265.131286928	34.247860491719	261.052502906	30.133735403920	258.411478386	30.984235592821	257.626839283	31.387952672222	263.655898585	35.218797503723	259.822128359	33.900672340324	317.432167521	30.812753485125	260.458052734	29.433690936126	257.060102486	29.79676357527	253.353626443	31.268880783428	255.814164165	30.01352936729	252.633719354	30.847024828830	262.570579963	29.334070677331	252.381835724	31.084994822732	272.431805779	29.214796101933	250.511077062	30.718264602834	250.575416493	30.735390962935	247.905957592	32.151849941436	253.316083119	29.718293016637	247.963955549	31.060450654838	248.048679191	34.539160179539	245.907820033	32.919897411840	246.732556592	34.384139361641	247.40087882	35.176184604942	244.427400835	31.599900944643	247.460730942	30.440069543944	251.343632799	37.200749386445	247.736400757	30.189610485246	249.702887728	30.12539621247	241.820154581	33.181541696248	243.381258181	34.578688491549	251.357845307	37.695154697650	240.938093043	31.621942303351	240.112016982	32.056641845552	246.073247966	36.345701536353	241.443140177	34.996726059554	244.150712755	35.804064580355	243.468626013	30.24464256356	237.955526061	32.095015729557	239.131115958	34.218970466858	237.805769913	32.006737115359	238.997459411	34.368590544160	250.827131119	30.690676835461	235.964748833	32.510836024962	235.793404058	33.395111610163	266.858977173	30.161684652464	239.488437282	30.767291137565	234.745971685	32.194900875266	236.793231994	34.723378965367	240.586233464	30.486847580368	236.845785645	30.476810435869	235.065536612	31.05710617170	254.436035225	29.758283073871	245.574089711	29.605654409372	237.375613759	30.491501015973	232.64754518	33.176192942974	264.797203491	30.446333311675	232.680102604	30.601409306776	232.400833648	30.46126717177	244.844584274	29.392084752578	232.337121025	30.090363099779	238.272852795	36.039559529380	236.872556066	29.573965219581	230.212701484	31.841238350482	238.478923977	29.91116053283	237.204397624	35.672999451884	235.849741559	34.864763195185	240.881592732	29.783639132586	232.96133098	33.507790382887	227.819491852	31.708523597488	227.783508138	32.050632511389	270.876453591	31.580769867190	227.223838012	31.289335518891	226.893960999	30.858156032792	250.84771686	30.232124025993	234.85005439	34.592641487194	226.795834349	30.466112998195	225.957763551	30.55395712196	233.043203624	29.953197537497	235.067996906	29.588356123398	267.671789313	31.390684329199	226.157217991	31.5270275029100	236.301105131	34.5022313008101	225.093996328	31.4861261906102	227.298584363	30.0466659188103	234.460396527	34.6692356636104	230.153507611	33.3061868417

{'test': [38.009684659568698,
          33.519599925892926,
          35.676728977536619,
          31.334955719588365,
          30.829048554686743,
          31.162859745843747,
          30.447780307668449,
          34.239513562524621,
          31.10531287361221,
          32.640881855726356,
          32.17078372972199,
          29.99769638643328,
          32.636672220557315,
          29.968811011496747,
          30.996813630172358,
          29.797072383617401,
          30.616566049971134,
          34.005428563208582,
          34.247860491676477,
          30.133735403931205,
          30.984235592818074,
          31.387952672220784,
          35.218797503739033,
          33.900672340309235,
          30.812753485068505,
          29.433690936083202,
          29.796763574951953,
          31.268880783439293,
          30.013529367015792,
          30.847024828840251,
          29.334070677263664,
          31.084994822690284,
          29.214796101893381,
          30.718264602750793,
          30.735390962885184,
          32.151849941361313,
          29.71829301664609,
          31.06045065483093,
          34.539160179452509,
          32.919897411811959,
          34.384139361573958,
          35.176184604875687,
          31.599900944627137,
          30.440069543902268,
          37.200749386371719,
          30.189610485203666,
          30.125396212029074,
          33.181541696162995,
          34.578688491495662,
          37.695154697609233,
          31.621942303306746,
          32.056641845523089,
          36.345701536276039,
          34.99672605946477,
          35.804064580288461,
          30.244642563006138,
          32.095015729450211,
          34.218970466793927,
          32.006737115330786,
          34.36859054407924,
          30.690676835394431,
          32.510836024859437,
          33.395111610060404,
          30.161684652437618,
          30.767291137534539,
          32.194900875192786,
          34.723378965335897,
          30.486847580301372,
          30.476810435778241,
          31.057106171020788,
          29.758283073779911,
          29.605654409333109,
          30.491501015881546,
          33.176192942884789,
          30.446333311611433,
          30.601409306730496,
          30.461267170962053,
          29.39208475251592,
          30.090363099696489,
          36.039559529252472,
          29.573965219476356,
          31.841238350431251,
          29.91116053195886,
          35.672999451844653,
          34.86476319507981,
          29.783639132507339,
          33.507790382802852,
          31.708523597360294,
          32.050632511251294,
          31.58076986707341,
          31.289335518810176,
          30.858156032660975,
          30.23212402587226,
          34.592641487108217,
          30.466112998051674,
          30.553957120961329,
          29.953197537362332,
          29.588356123310362,
          31.390684329100395,
          31.527027502915615,
          34.502231300836591,
          31.486126190644402,
          30.046665918813176,
          34.669235663643818,
          33.30618684166356],
 'train': [293.40209968907499,
           291.93976883847438,
           285.14196787657625,
           284.25498116628762,
           281.83089445600353,
           272.7780537981065,
           288.39849961556087,
           276.85373557715673,
           269.18985359806129,
           270.77855170495707,
           268.61877072373431,
           274.31303548844579,
           267.62598391018037,
           269.59680364153019,
           263.47012743671485,
           269.56959843042921,
           261.94715234555269,
           266.10264815636049,
           265.13128692785068,
           261.05250290595785,
           258.41147838641331,
           257.62683928295843,
           263.65589858531337,
           259.82212835938191,
           317.43216752104513,
           260.45805273407711,
           257.06010248629332,
           253.35362644279348,
           255.81416416537837,
           252.6337193543842,
           262.5705799633497,
           252.3818357244607,
           272.43180577927035,
           250.51107706189032,
           250.57541649298926,
           247.90595759249135,
           253.31608311875547,
           247.96395554943848,
           248.04867919133409,
           245.90782003290099,
           246.73255659233305,
           247.40087881972113,
           244.42740083459353,
           247.460730941821,
           251.34363279932529,
           247.73640075747545,
           249.70288772764141,
           241.82015458110664,
           243.38125818113161,
           251.35784530731488,
           240.93809304339499,
           240.11201698205437,
           246.0732479662091,
           241.44314017749366,
           244.15071275465669,
           243.46862601279679,
           237.95552606059078,
           239.13111595764971,
           237.8057699126303,
           238.99745941138795,
           250.82713111925153,
           235.96474883342492,
           235.79340405806437,
           266.85897717338474,
           239.48843728205844,
           234.74597168507026,
           236.79323199354161,
           240.58623346419216,
           236.8457856449325,
           235.0655366115277,
           254.43603522474655,
           245.57408971145645,
           237.37561375912799,
           232.64754518011443,
           264.79720349120157,
           232.68010260430856,
           232.40083364843048,
           244.844584273831,
           232.33712102467618,
           238.27285279520075,
           236.87255606641614,
           230.21270148396923,
           238.4789239770738,
           237.20439762402978,
           235.84974155903038,
           240.88159273239975,
           232.96133097993541,
           227.819491852396,
           227.78350813762592,
           270.87645359077322,
           227.22383801224407,
           226.89396099922823,
           250.84771686018516,
           234.85005439001552,
           226.79583434892919,
           225.95776355112292,
           233.04320362421865,
           235.06799690643635,
           267.67178931291625,
           226.15721799099435,
           236.30110513114403,
           225.09399632780463,
           227.29858436323349,
           234.46039652693466,
           230.15350761139391]}


epoch	train err	test err0	303.593136218	33.16730531	300.938394967	32.7178841242	292.956618275	31.11826539833	287.402036601	30.22425247014	285.971471025	29.58237284215	278.924633191	28.86726535366	278.469489277	29.25392934517	278.117086031	28.32020846828	274.667582566	28.20557424599	299.676295568	33.131383003610	272.917053429	27.81711355511	272.354455859	28.120535782712	272.115487455	27.549164443513	270.931684276	27.741710940614	273.618641445	28.587543952615	296.822799098	32.597733176216	268.997907394	27.432944255417	271.582648892	28.168967297318	268.464023735	26.760853955519	270.185230439	27.828509830920	267.579452023	26.568514943221	269.54373293	26.500439996822	264.942575668	26.433878760623	275.764673532	28.914563788724	264.529835518	26.503530578825	264.614560939	25.913765141726	270.825007398	27.936113931227	262.626269303	25.8896922628	263.165331834	26.235270960529	267.8312308	27.29406830	264.32516988	26.546481535331	261.090312049	25.323313783832	262.332064544	25.270583787433	260.088900733	25.349728620134	261.145529337	25.16648711435	259.675848364	25.348242564736	260.346102847	25.595114997937	258.444200007	24.907076073738	269.044756304	27.316548556139	260.453438095	24.60068898940	262.391376566	24.676739014741	256.740627322	24.431560231642	257.115703683	24.774742741143	259.922442134	25.414559592444	255.974796417	24.453458745445	255.926215056	24.445524904146	263.110798195	25.954139427147	261.913808047	25.758975298848	262.670000553	24.198674386149	261.061728105	25.444916637850	253.100071607	23.592359691451	257.973643314	24.891401349352	253.348653027	23.81319336553	256.351953116	24.471108396454	267.116710377	24.478776135655	253.130526868	22.927020930556	251.361933163	23.272712752257	262.724136659	25.625926895758	252.32380852	22.793797827759	252.871428789	23.737647625760	255.207132562	24.174217455961	249.868791235	22.413242630562	256.442946288	24.28159934563	267.046598569	24.065514879364	257.231487998	24.419750804565	260.851144691	25.164212800666	270.33769699	24.493169417567	253.045670185	22.263161017768	252.35020863	22.389962513569	250.485698265	23.164517245970	245.643078721	22.012100472571	244.974226006	21.803558215972	253.036283593	22.534216710273	269.802552628	26.684439570374	243.305615739	21.559521016275	270.80560466	26.83315397176	252.503204325	22.254047128877	265.747835927	25.951912048478	267.357382442	24.012264621179	246.518713846	21.565970686480	254.131565269	23.933756667881	241.150909156	21.364128124782	242.912847272	21.789307345283	255.81444093	22.620079636984	241.331124407	20.897320167585	239.834741475	20.751382589286	241.391017356	21.593740432387	249.044856338	21.624924370688	249.807475569	21.6632665289	242.287173796	21.830439555790	248.620920971	23.172707065691	238.395049624	21.006245976192	244.095737922	21.314179180993	237.078202411	20.884827847994	249.08416578	23.330398446995	236.377248519	20.718934618696	244.142666322	22.405445477697	241.333502809	21.046189196198	249.552587458	21.734969824599	235.683704087	20.7395349691100	239.758551464	20.8928814146101	240.968703324	21.0058731466102	235.003698074	20.6447386664103	240.597252947	21.973900051104	239.834393482	21.0808890448

{'test': [33.167305300027721,
          32.717884123961667,
          31.118265398267155,
          30.224252470138438,
          29.582372842081181,
          28.86726535359659,
          29.253929345090242,
          28.320208468183942,
          28.205574245929611,
          33.131383003570207,
          27.817113555019798,
          28.120535782724723,
          27.549164443523246,
          27.741710940577967,
          28.587543952638022,
          32.597733176238116,
          27.432944255381202,
          28.168967297311667,
          26.760853955522009,
          27.828509830927842,
          26.568514943229076,
          26.500439996803102,
          26.433878760630524,
          28.914563788722269,
          26.503530578836092,
          25.913765141741731,
          27.936113931168386,
          25.88969225997247,
          26.235270960504636,
          27.294067999998191,
          26.546481535296195,
          25.32331378382429,
          25.270583787396927,
          25.349728620079347,
          25.166487113964362,
          25.348242564722604,
          25.595114997859373,
          24.907076073692419,
          27.316548556131021,
          24.600688989036708,
          24.676739014683445,
          24.431560231559398,
          24.774742741140201,
          25.41455959244314,
          24.453458745449218,
          24.445524904108918,
          25.954139427122264,
          25.758975298846018,
          24.198674386122867,
          25.444916637762461,
          23.592359691425234,
          24.891401349266548,
          23.813193365008953,
          24.471108396425343,
          24.478776135609095,
          22.927020930507297,
          23.272712752228408,
          25.625926895657312,
          22.793797827716013,
          23.737647625703808,
          24.174217455947954,
          22.413242630504541,
          24.28159934500006,
          24.065514879341773,
          24.419750804538108,
          25.164212800596797,
          24.493169417530094,
          22.2631610176966,
          22.389962513465782,
          23.164517245873096,
          22.012100472540673,
          21.803558215855006,
          22.534216710239161,
          26.684439570278268,
          21.559521016197596,
          26.833153970993571,
          22.254047128805567,
          25.951912048375643,
          24.012264621128018,
          21.565970686441979,
          23.933756667826664,
          21.364128124713559,
          21.789307345162012,
          22.620079636916703,
          20.89732016753695,
          20.751382589241793,
          21.59374043234606,
          21.624924370634467,
          21.663266520046861,
          21.830439555655392,
          23.172707065578525,
          21.006245976077636,
          21.31417918085107,
          20.884827847893447,
          23.330398446918707,
          20.718934618596922,
          22.405445477584578,
          21.04618919609872,
          21.734969824499732,
          20.73953496906606,
          20.892881414551471,
          21.005873146583546,
          20.644738666428808,
          21.973900050973096,
          21.080889044822566],
 'train': [303.59313621845564,
           300.93839496697495,
           292.95661827528153,
           287.4020366005571,
           285.97147102522774,
           278.92463319050626,
           278.46948927737589,
           278.11708603136816,
           274.66758256576776,
           299.67629556770271,
           272.91705342904777,
           272.3544558586338,
           272.11548745514352,
           270.93168427621129,
           273.61864144487566,
           296.82279909775212,
           268.99790739430932,
           271.5826488918587,
           268.46402373483704,
           270.18523043852502,
           267.57945202311737,
           269.54373292957621,
           264.94257566778009,
           275.76467353156528,
           264.52983551766636,
           264.6145609387778,
           270.82500739805005,
           262.62626930290776,
           263.16533183443204,
           267.83123079961518,
           264.32516987971883,
           261.09031204906461,
           262.33206454442433,
           260.08890073345793,
           261.14552933700293,
           259.67584836360385,
           260.34610284675801,
           258.44420000688984,
           269.04475630372644,
           260.45343809540503,
           262.39137656583523,
           256.7406273223263,
           257.11570368333071,
           259.92244213431877,
           255.97479641698936,
           255.92621505557025,
           263.11079819476197,
           261.91380804705909,
           262.67000055304629,
           261.0617281047156,
           253.10007160730677,
           257.97364331350445,
           253.34865302689047,
           256.35195311588564,
           267.1167103766648,
           253.13052686770163,
           251.36193316272087,
           262.7241366586307,
           252.32380851966502,
           252.87142878852791,
           255.20713256224292,
           249.86879123512358,
           256.44294628811809,
           267.04659856929544,
           257.23148799794529,
           260.85114469127609,
           270.33769699033178,
           253.0456701854915,
           252.3502086297903,
           250.48569826493809,
           245.64307872104544,
           244.9742260056598,
           253.0362835929914,
           269.80255262769481,
           243.30561573945849,
           270.80560466019602,
           252.50320432513334,
           265.74783592674544,
           267.3573824422844,
           246.51871384626116,
           254.13156526857486,
           241.15090915648022,
           242.91284727249595,
           255.81444093017126,
           241.33112440737509,
           239.83474147463281,
           241.39101735572507,
           249.04485633790853,
           249.80747556898896,
           242.28717379558302,
           248.62092097062853,
           238.39504962352936,
           244.09573792161163,
           237.07820241051041,
           249.08416577994973,
           236.37724851865909,
           244.14266632238025,
           241.33350280924844,
           249.55258745766889,
           235.68370408698988,
           239.75855146380241,
           240.9687033239403,
           235.00369807371652,
           240.59725294711052,
           239.83439348151737]}


epoch	train err	test err0	302.045626538	35.99465761691	297.716076383	35.48749815682	288.982867685	34.73882394563	294.004111945	33.58431150144	279.261340975	33.04951726865	275.501212704	33.04698610416	274.503107008	33.4310941147	274.240722811	33.65202280638	271.414452326	32.96009182139	271.137231225	31.822520632510	269.170430411	32.304072784911	269.241235185	32.860708774712	272.553785811	31.138984125613	275.316316449	34.407761776714	266.793894423	31.366547263415	266.988462574	31.131783861216	269.481695838	33.464463428117	264.101004403	32.072416038118	262.853167729	31.593006591919	262.237675476	31.629850532920	261.083541153	31.183659773221	268.91822021	30.335675583822	265.273548017	30.289346195423	259.898447019	30.576317976224	258.330128842	31.025749302225	261.012732316	30.217229685126	258.774519993	30.163954821327	259.751849501	31.990975304128	263.986448302	29.887762623829	260.492358853	32.168662941430	256.24633985	31.324269327731	253.62267852	30.271944275832	256.909055363	31.601209004833	252.574588829	30.391681935534	252.101329239	30.013570886635	281.072301391	30.640985728636	251.102445027	29.775533210637	252.719923761	29.485755215238	249.899831432	29.724969291439	252.010837784	29.390588810640	260.890823664	29.535987356541	249.261973266	30.372547731742	252.114136254	31.074863895843	261.954222571	29.574267648244	246.65380172	29.737146640945	246.17725463	29.652615297146	246.187299488	29.419443186847	251.716018359	29.206966923548	256.336787129	29.333775517149	247.277392316	29.160225130850	246.545439579	29.159389585351	261.048875783	29.514769963852	244.395052437	30.021399633853	250.538855007	31.318314108854	250.173443509	31.362556653455	264.69429568	33.511046439456	248.984289122	29.044460904957	241.617035711	29.273957584758	241.105321289	29.319989249259	249.972883157	29.046794530660	242.603204083	29.006246794361	243.452308358	28.958274306162	244.448692032	30.801119405363	239.37274478	29.405997302664	241.640647684	28.933435348865	239.541042505	29.796110414466	245.166832472	31.005796310267	240.560480512	30.178576696968	247.187631113	28.880968076369	237.698020976	29.407228321970	237.456832428	29.247206673571	238.039869542	29.751419522272	241.686595916	30.551943407173	238.073225086	29.756943856974	256.768521741	29.146340281675	236.360232839	29.122761143776	237.650477369	28.820197213677	237.466094552	29.920006154978	244.03793487	28.721147706479	241.721093944	30.887864044780	238.073468512	30.106156681381	239.915851262	30.495647255482	266.419470551	34.456612412183	245.69043136	31.536656408984	248.326304328	28.724189930585	243.577732712	31.333380000386	235.302049214	29.722606670887	235.641777351	29.869710042888	235.22601197	29.665181384289	294.339408198	31.014945352790	241.414004792	28.520062396291	236.836710521	28.501474944592	233.368717379	29.159579402193	233.844738619	29.538784108294	240.457461505	30.937245129695	240.189938998	30.802709151996	233.334032211	28.671543970697	242.562687818	31.29350526598	233.138118137	28.957493885199	243.271106157	31.4059852386100	236.343118442	28.4008187487101	252.799925645	32.8506297227102	236.930517027	30.3589182782103	241.537335173	31.325974225104	233.561766445	28.4345495144

{'test': [35.994657616874896,
          35.487498156773768,
          34.738823945590042,
          33.584311501404031,
          33.049517268573616,
          33.046986104091104,
          33.431094114012971,
          33.652022806314285,
          32.96009182134727,
          31.82252063246953,
          32.304072784931016,
          32.860708774667927,
          31.138984125591097,
          34.407761776673787,
          31.36654726338007,
          31.131783861204781,
          33.464463428126678,
          32.072416038127948,
          31.593006591898067,
          31.629850532876059,
          31.183659773174362,
          30.335675583795776,
          30.289346195416286,
          30.576317976207008,
          31.025749302222565,
          30.217229685081893,
          30.163954821295135,
          31.99097530411531,
          29.887762623822873,
          32.1686629414056,
          31.324269327697252,
          30.271944275776789,
          31.601209004753215,
          30.391681935455694,
          30.013570886585466,
          30.640985728556526,
          29.775533210590513,
          29.485755215222632,
          29.724969291356423,
          29.390588810643276,
          29.535987356459074,
          30.372547731699701,
          31.074863895757069,
          29.574267648240838,
          29.73714664086792,
          29.652615297101814,
          29.419443186842194,
          29.206966923485076,
          29.333775517142147,
          29.160225130802761,
          29.159389585318156,
          29.5147699637971,
          30.02139963383755,
          31.318314108821738,
          31.362556653386612,
          33.51104643939869,
          29.044460904889799,
          29.273957584742906,
          29.319989249208732,
          29.046794530598032,
          29.006246794308129,
          28.958274306116877,
          30.801119405337179,
          29.405997302623433,
          28.933435348810203,
          29.796110414430125,
          31.005796310209657,
          30.178576696851568,
          28.880968076264544,
          29.407228321914975,
          29.247206673484232,
          29.751419522181305,
          30.551943407148112,
          29.756943856890253,
          29.146340281595727,
          29.122761143737776,
          28.820197213633989,
          29.920006154903476,
          28.721147706442956,
          30.887864044706152,
          30.106156681259105,
          30.495647255421069,
          34.456612412074058,
          31.536656408876368,
          28.72418993045255,
          31.333380000304437,
          29.722606670845728,
          29.869710042791546,
          29.665181384196561,
          31.014945352719469,
          28.520062396209656,
          28.501474944465322,
          29.159579402090692,
          29.538784108218231,
          30.937245129616841,
          30.802709151937282,
          28.671543970560151,
          31.293505264961262,
          28.957493885053818,
          31.405985238621817,
          28.400818748745024,
          32.850629722658738,
          30.358918278176894,
          31.325974225032489,
          28.434549514430472],
 'train': [302.04562653790828,
           297.71607638296706,
           288.98286768520194,
           294.00411194492312,
           279.26134097475449,
           275.50121270394897,
           274.50310700782671,
           274.24072281094544,
           271.41445232612097,
           271.1372312254079,
           269.1704304108718,
           269.2412351847255,
           272.55378581139206,
           275.31631644906122,
           266.79389442280984,
           266.98846257385304,
           269.48169583785528,
           264.10100440251284,
           262.8531677286424,
           262.23767547603245,
           261.08354115336738,
           268.91822020980248,
           265.27354801663222,
           259.89844701901643,
           258.33012884217959,
           261.01273231553085,
           258.77451999266799,
           259.75184950066739,
           263.98644830189005,
           260.49235885311862,
           256.24633985027737,
           253.62267852010524,
           256.90905536309788,
           252.57458882860354,
           252.10132923911959,
           281.07230139102933,
           251.1024450273778,
           252.71992376137851,
           249.89983143243111,
           252.01083778361217,
           260.89082366370894,
           249.2619732656795,
           252.11413625427664,
           261.95422257051229,
           246.65380172027213,
           246.17725463021264,
           246.18729948751977,
           251.71601835934956,
           256.33678712935495,
           247.27739231586816,
           246.54543957917991,
           261.04887578257171,
           244.39505243695578,
           250.53885500672007,
           250.17344350909292,
           264.69429568003369,
           248.98428912182416,
           241.61703571124738,
           241.10532128918783,
           249.97288315730958,
           242.60320408333013,
           243.45230835752128,
           244.44869203226582,
           239.37274478048812,
           241.64064768412732,
           239.5410425047944,
           245.16683247193936,
           240.56048051212215,
           247.1876311134445,
           237.69802097645575,
           237.45683242798862,
           238.03986954199411,
           241.6865959160703,
           238.07322508618603,
           256.76852174052095,
           236.36023283936882,
           237.65047736930526,
           237.46609455175252,
           244.03793486977213,
           241.72109394350002,
           238.07346851246382,
           239.91585126189918,
           266.41947055142208,
           245.69043136010197,
           248.32630432835938,
           243.57773271234373,
           235.30204921406724,
           235.64177735124343,
           235.22601197017403,
           294.33940819846077,
           241.4140047920246,
           236.83671052091418,
           233.36871737891607,
           233.84473861918445,
           240.45746150535064,
           240.1899389979684,
           233.3340322109907,
           242.56268781765328,
           233.13811813682406,
           243.27110615727736,
           236.34311844208742,
           252.79992564492056,
           236.93051702732549,
           241.53733517326273,
           233.5617664448076]}
