

epoch	train err	test err0	297.613536572	34.68787833341	273.467542089	37.5364227792	267.352962333	35.50601884543	291.596468743	33.21029383154	294.700496137	33.08374687065	265.296401494	37.14323303046	271.40309064	39.33359334847	261.921209469	36.4752452318	318.816816217	32.35856035989	259.400283308	36.135676678310	263.413833685	33.219265122511	258.258828633	34.198230656412	258.300114216	36.346563695213	256.677590593	35.934690869514	274.41318192	31.716916909815	255.428302776	33.323529054716	253.57238581	35.325842661817	253.295785752	33.463993220718	254.041751726	32.947405576219	253.725947922	36.11357625720	251.676704077	35.502208975621	251.019563301	35.426026172722	257.101266941	37.5834793423	263.901498576	38.83282504324	263.502806113	30.893919542425	257.389129931	31.060792870826	254.385143081	31.175006463227	245.300170253	34.071525537828	245.424540382	32.620781776529	245.460997904	34.295547464930	244.965422658	32.261459161931	245.378890985	34.979879232	286.745776589	29.353993219333	241.797483475	32.51610999434	263.084611503	29.557361169435	243.911681861	31.230996903936	262.623722137	29.423188812137	240.233610734	32.670079246238	246.328408552	30.240398855739	262.200482726	29.033528228340	242.502772256	34.50053883141	279.312020722	41.784425460942	248.607393562	36.211287051243	248.808843586	29.73974874444	240.548355367	30.4038025737

{'test': [34.687878333411739,
          37.536422779025479,
          35.50601884542575,
          33.210293831479284,
          33.083746870620722,
          37.143233030405824,
          39.333593348447835,
          36.475245230961939,
          32.358560359830641,
          36.135676678302424,
          33.219265122524433,
          34.198230656373234,
          36.346563695154217,
          35.934690869544234,
          31.716916909775883,
          33.323529054729988,
          35.325842661771439,
          33.46399322068865,
          32.947405576222486,
          36.113576256975378,
          35.502208975610145,
          35.426026172717016,
          37.583479339987704,
          38.832825043025672,
          30.893919542378438,
          31.060792870805681,
          31.175006463168522,
          34.071525537843861,
          32.620781776479468,
          34.295547464948669,
          32.261459161872523,
          34.979879199950098,
          29.353993219314113,
          32.516109993968854,
          29.557361169435083,
          31.230996903948331,
          29.423188812068069,
          32.670079246237918,
          30.240398855707056,
          29.03352822830103,
          34.500538831022389,
          41.784425460899044,
          36.211287051183604,
          29.739748743972875,
          30.403802573668159],
 'train': [297.61353657242267,
           273.46754208896107,
           267.35296233303859,
           291.59646874328502,
           294.70049613692981,
           265.29640149427337,
           271.40309064031783,
           261.92120946854737,
           318.81681621668127,
           259.40028330758628,
           263.4138336845711,
           258.25882863297358,
           258.30011421637397,
           256.67759059288886,
           274.41318192044645,
           255.42830277614422,
           253.57238581009571,
           253.29578575157259,
           254.04175172616721,
           253.72594792196364,
           251.67670407735912,
           251.0195633012188,
           257.10126694131554,
           263.9014985758148,
           263.50280611334784,
           257.38912993100598,
           254.38514308078553,
           245.30017025306242,
           245.42454038194305,
           245.46099790364786,
           244.96542265823783,
           245.37889098492414,
           286.74577658854042,
           241.79748347464846,
           263.08461150289787,
           243.91168186132745,
           262.62372213732868,
           240.23361073379408,
           246.32840855189545,
           262.20048272643623,
           242.50277225550957,
           279.31202072227791,
           248.60739356198107,
           248.80884358628666,
           240.54835536706335]}


epoch	train err	test err0	285.713599948	31.06721891471	295.817951733	31.76059824092	282.196893903	30.44853866313	281.923823095	30.1383286434	325.750220455	33.92652124995	295.269776883	31.43737373026	297.831378833	31.38189213617	272.640005085	29.34869874968	278.282135163	30.06976602039	302.020464235	31.754597200610	269.385571083	28.929404158111	271.19927987	29.265017869912	272.387625924	28.842669044113	267.800500595	28.543458843314	272.343408203	29.523327779515	285.063092611	29.816144441816	263.169760613	28.416277698417	278.263695599	30.067129003318	283.089744205	30.628025053119	275.184499155	29.681547305120	259.410701048	28.198180437321	257.744221017	27.864193242522	261.352589536	28.546471313423	262.145608115	28.633104669624	318.128956378	32.054910458325	255.236263327	27.901788799426	268.937068801	28.249139558927	273.732479234	29.501002725128	261.770578874	27.612041020629	257.561734147	28.233353815730	251.458837168	27.119665254431	248.951461251	27.144203056832	251.303088964	27.030616862733	255.448842709	27.986496318334	248.378455274	27.137657607635	307.779136213	30.973692279336	247.965766859	27.149519893637	251.054690574	26.786284812238	245.527539504	26.696270890239	260.11433852	27.259692316540	246.014750719	26.883279880941	245.910019184	26.80542482542	255.70602337	27.833404839643	247.919411417	26.42748309444	258.24981669	27.7436573256

{'test': [31.067218914685327,
          31.760598240888019,
          30.448538663145285,
          30.1383286429643,
          33.926521249911346,
          31.437373730157496,
          31.381892136100678,
          29.348698749609454,
          30.069766020254303,
          31.754597200562895,
          28.929404158130112,
          29.265017869878097,
          28.842669044094123,
          28.543458843318806,
          29.523327779461983,
          29.816144441830559,
          28.41627769840218,
          30.067129003273145,
          30.628025053089328,
          29.681547305146179,
          28.198180437311802,
          27.864193242463642,
          28.546471313409526,
          28.633104669639742,
          32.054910458344366,
          27.901788799446987,
          28.249139558871285,
          29.501002725080252,
          27.61204102061928,
          28.233353815685181,
          27.119665254362172,
          27.144203056808664,
          27.030616862693009,
          27.986496318274874,
          27.137657607551525,
          30.973692279334003,
          27.149519893552334,
          26.786284812160101,
          26.696270890190402,
          27.259692316544911,
          26.883279880852612,
          26.805424825006241,
          27.833404839627786,
          26.427483093974125,
          27.743657325565959],
 'train': [285.71359994782898,
           295.8179517325284,
           282.19689390280047,
           281.92382309464364,
           325.75022045465357,
           295.26977688283625,
           297.83137883343142,
           272.64000508507189,
           278.28213516322745,
           302.02046423500929,
           269.3855710830581,
           271.1992798699909,
           272.38762592410194,
           267.80050059477111,
           272.34340820281136,
           285.06309261050848,
           263.16976061294991,
           278.26369559861308,
           283.08974420502983,
           275.18449915533125,
           259.41070104773041,
           257.7442210170143,
           261.35258953646127,
           262.14560811536495,
           318.12895637805127,
           255.23626332666473,
           268.93706880148261,
           273.73247923446525,
           261.77057887419551,
           257.56173414741511,
           251.4588371683887,
           248.95146125143884,
           251.30308896422338,
           255.44884270880195,
           248.3784552739387,
           307.77913621336324,
           247.96576685877383,
           251.05469057429977,
           245.52753950368984,
           260.11433852026204,
           246.01475071924622,
           245.91001918383628,
           255.70602336976313,
           247.91941141666589,
           258.24981669025448]}


epoch	train err	test err0	292.414467557	26.45842139791	292.065223943	24.17567090792	317.056556652	23.89433713363	308.059632238	24.5830022614	290.514753759	26.2143978535	281.105480498	23.13044714046	277.446795588	22.17996587517	283.167121284	24.79212648768	276.848044596	23.50906248589	275.339643077	23.130029630410	278.849048978	23.828958135811	272.298071001	21.693898211312	276.786256641	22.892917734513	274.530911954	22.110134275414	283.46030408	25.206435546115	293.574240441	27.192574246116	295.465092629	28.068644695817	268.276473495	21.167165191518	269.849296901	21.648095971519	272.485923957	20.033512539120	268.994516032	22.376221165621	284.53299529	25.883819982922	282.160746259	25.213235737323	271.923738039	21.040769183724	297.993232608	28.695179933225	263.805765064	20.105170546626	276.160624214	20.162709892127	276.101186249	24.446864427228	263.639261144	19.02505229129	274.83826101	24.495949657430	273.685044716	19.429650720531	268.173803633	19.877406568932	288.378847837	27.090522430833	273.238711941	18.979831454434	260.128527212	19.279556073635	276.735344863	24.894852327136	263.173749141	21.918111053137	258.324201341	20.203691090338	258.910002225	18.911211099539	280.618776503	19.980681366540	256.545769681	19.971291592741	255.553713342	19.029089945642	289.941650609	20.428267618943	255.509809152	19.400189196844	254.509381034	18.4162451279

{'test': [26.458421397897705,
          24.175670907851416,
          23.894337133566374,
          24.583002261045362,
          26.214397852985513,
          23.130447140406591,
          22.179965875071051,
          24.792126487633755,
          23.509062485812613,
          23.130029630427018,
          23.828958135812233,
          21.693898211333845,
          22.892917734490617,
          22.110134275366796,
          25.206435546088819,
          27.192574246114084,
          28.068644695793338,
          21.167165191516602,
          21.648095971466716,
          20.033512539137945,
          22.376221165615036,
          25.883819982895798,
          25.21323573726783,
          21.040769183736135,
          28.695179933158069,
          20.105170546589363,
          20.162709892129588,
          24.446864427187787,
          19.025052290976216,
          24.495949657372861,
          19.429650720505826,
          19.877406568913443,
          27.090522430758465,
          18.979831454416384,
          19.279556073620583,
          24.894852327116006,
          21.918111053092915,
          20.203691090256296,
          18.911211099504264,
          19.980681366536807,
          19.971291592663437,
          19.02908994555456,
          20.428267618938001,
          19.400189196771279,
          18.416245127875097],
 'train': [292.41446755702009,
           292.06522394298116,
           317.05655665201226,
           308.05963223809147,
           290.5147537585982,
           281.10548049766703,
           277.44679558814488,
           283.16712128422927,
           276.84804459583762,
           275.33964307687677,
           278.84904897846803,
           272.29807100083349,
           276.78625664143499,
           274.53091195400589,
           283.46030408033209,
           293.57424044116584,
           295.46509262883166,
           268.27647349479372,
           269.84929690106173,
           272.48592395748619,
           268.99451603210122,
           284.53299529025264,
           282.16074625908169,
           271.92373803918224,
           297.99323260833972,
           263.80576506441747,
           276.16062421386988,
           276.10118624944386,
           263.63926114382753,
           274.83826100978615,
           273.68504471587607,
           268.1738036333922,
           288.37884783653914,
           273.23871194141219,
           260.12852721219735,
           276.73534486258177,
           263.17374914084564,
           258.32420134053319,
           258.9100022245081,
           280.6187765027251,
           256.54576968055324,
           255.55371334199134,
           289.94165060943186,
           255.50980915171587,
           254.50938103350205]}
