

epoch	train err	test err0	305.839862415	29.23797794141	297.789944718	29.34423526042	290.642964094	27.68346233083	294.797515537	30.30727270824	287.474272681	26.15751727945	279.696992878	26.56764913486	282.082225285	28.02841008567	276.98077677	25.94503944188	276.812476582	25.65487641019	279.434312639	25.355961452610	273.593132855	26.287687080211	272.351062262	26.160398276312	272.150035607	26.42685972313	273.219161967	25.0340914614	274.863146799	27.469344243215	268.636348511	26.069765423116	267.526977309	24.955829788317	266.936405446	24.903328891518	275.625194625	24.588134257119	264.693194286	24.802980662620	263.741804504	24.771605264821	267.307719528	24.404684131122	267.528274937	26.865588572323	260.920370379	24.724387899824	259.871696116	24.7815716461

{'test': [29.237977941429484,
          29.3442352604023,
          27.683462330807441,
          30.307272708199584,
          26.157517279368264,
          26.567649134835086,
          28.028410085620468,
          25.945039441813694,
          25.65487641006926,
          25.355961452608703,
          26.287687080249309,
          26.160398276263916,
          26.426859722993964,
          25.034091460035757,
          27.469344243227724,
          26.069765423086057,
          24.955829788282983,
          24.903328891525081,
          24.5881342570516,
          24.802980662608185,
          24.77160526477811,
          24.404684131063942,
          26.865588572310482,
          24.724387899766114,
          24.781571646081126],
 'train': [305.83986241538787,
           297.78994471764145,
           290.64296409410895,
           294.79751553739743,
           287.47427268143281,
           279.69699287804877,
           282.08222528496572,
           276.9807767701522,
           276.81247658222736,
           279.43431263922866,
           273.59313285479863,
           272.35106226212002,
           272.15003560728792,
           273.21916196674442,
           274.86314679929961,
           268.6363485105212,
           267.52697730942117,
           266.93640544630136,
           275.62519462484863,
           264.69319428556554,
           263.74180450382107,
           267.3077195276046,
           267.52827493703916,
           260.92037037932386,
           259.87169611629599]}


epoch	train err	test err0	307.146587985	33.52641474391	306.136581494	33.57133085972	298.120047724	32.85037814253	290.859391132	32.38515260024	291.747500721	33.41830500015	280.173427939	32.2507619686	281.957587342	32.09929114297	275.843016638	32.36465894078	288.968356723	31.86699132399	269.829982082	31.217353744110	272.478960248	30.744891430311	267.838141193	30.971963220912	272.291225082	32.20798218413	267.022263372	30.576078200714	268.963265297	30.27986863315	266.748410686	31.279459195916	264.395348823	30.598112851517	266.826382573	30.034432083818	265.415767206	29.919775535519	266.245194437	29.812898598920	261.694077369	30.111930148621	260.901658588	29.904390353322	276.2151006	30.147470013423	259.277136503	29.615223163924	260.444593266	29.2616957738

{'test': [33.526414743878384,
          33.571330859709036,
          32.850378142465168,
          32.38515260019588,
          33.418305000122643,
          32.250761967973787,
          32.099291142885583,
          32.364658940657868,
          31.866991323917844,
          31.217353744057313,
          30.744891430347884,
          30.971963220944041,
          32.207982184028694,
          30.576078200705261,
          30.279868632993868,
          31.279459195948089,
          30.598112851547626,
          30.034432083808529,
          29.919775535510365,
          29.81289859885209,
          30.111930148557754,
          29.90439035328049,
          30.147470013443936,
          29.615223163913154,
          29.261695773813511],
 'train': [307.14658798528819,
           306.13658149439169,
           298.12004772354777,
           290.85939113164773,
           291.74750072058259,
           280.17342793906334,
           281.9575873422657,
           275.84301663845997,
           288.96835672334237,
           269.82998208249398,
           272.47896024823973,
           267.83814119252304,
           272.29122508225026,
           267.02226337155952,
           268.96326529680658,
           266.7484106855951,
           264.39534882307919,
           266.82638257334639,
           265.41576720640796,
           266.2451944369497,
           261.69407736870983,
           260.90165858818023,
           276.21510060023638,
           259.2771365028488,
           260.44459326615021]}


epoch	train err	test err0	311.74910224	29.47471063721	315.928051011	31.57361606222	313.584447519	31.08523084563	313.724520669	32.1976224664	304.153103139	28.9657921875	298.972871967	28.25955328286	293.016749261	30.17804364867	284.282106006	28.13021751788	280.93763729	27.69953575829	278.135344466	27.797091373310	277.053861554	27.379919961511	275.452529684	27.577507280412	275.026767867	28.153482601213	273.422802219	27.013168550114	272.090843788	27.215668588615	274.73471321	28.77873921216	270.967761924	27.590085229117	269.8345651	27.101576570218	269.719343449	27.494294111219	268.953317399	26.543987269720	268.782484687	27.583644991121	270.296865458	28.174036076722	266.068000874	26.794150468223	265.447252931	26.66610433224	268.196476064	27.8927967947

{'test': [29.474710637227762,
          31.573616062207428,
          31.085230845607466,
          32.197622466041956,
          28.965792186966336,
          28.259553282769389,
          30.178043648613084,
          28.13021751775355,
          27.699535758156777,
          27.797091373297153,
          27.379919961457858,
          27.577507280402038,
          28.153482601156746,
          27.013168550073491,
          27.215668588589722,
          28.778739211966101,
          27.590085229064432,
          27.101576570174544,
          27.494294111242276,
          26.54398726973394,
          27.583644991082082,
          28.174036076700816,
          26.794150468206471,
          26.666104332034074,
          27.892796794741152],
 'train': [311.74910223986961,
           315.92805101147383,
           313.58444751923412,
           313.72452066886939,
           304.15310313931258,
           298.97287196659192,
           293.01674926089538,
           284.28210600564643,
           280.93763728985886,
           278.13534446630035,
           277.05386155448105,
           275.45252968366299,
           275.026767866537,
           273.42280221890309,
           272.09084378789032,
           274.73471321013909,
           270.96776192391138,
           269.83456510019073,
           269.71934344901217,
           268.95331739949864,
           268.78248468651708,
           270.29686545778344,
           266.06800087408845,
           265.4472529309611,
           268.19647606405476]}
