

epoch	train err	test err0	321.595947034	35.38186233971	287.234769954	26.02263006262	284.208743531	27.81736855483	298.423435915	33.10262319194	277.778594363	25.83812755335	288.0145176	23.22361042646	273.699602927	27.1769856617	272.761351608	25.15785129338	271.057452992	24.89804599269	285.086546807	23.408211929610	278.488467708	23.45373258411	266.800146675	24.920999475712	317.538018556	39.367289812413	267.033286409	27.902963794514	268.190839321	28.761812460815	262.315160857	24.722676077416	259.765712357	25.907528744517	258.545408592	25.74725647318	257.793924251	24.910539697519	262.903580866	24.183701910520	256.698768381	27.116227934521	256.898784183	27.752173309222	261.535627219	29.926469309123	253.387210587	25.235469057524	252.985659784	25.070097819625	257.480933295	24.398438540526	250.787030623	25.572615743227	249.976408443	25.609251662928	260.395916318	24.391051675429	252.2022406	28.608751703230	252.801604477	28.758430779131	247.926880768	25.499937376132	248.097708788	25.405550521233	262.467317276	24.698642259534	263.032322449	32.626758637235	257.062959958	31.357275595936	349.202211983	46.816069450737	265.895019844	33.266297568438	243.625557574	27.562938063939	269.12681827	25.128664798240	249.126734642	25.042097507841	251.311598956	24.9118666642	241.571407046	26.008399330743	240.729163341	26.930090082444	248.750888544	24.949716700945	245.784664489	25.135254405546	243.690163176	29.098262443247	239.347503462	26.645215596148	254.963628134	31.707375837749	253.235564082	31.631303620350	303.916521215	40.361216377751	238.95574501	25.956488320752	238.709205436	27.999463050653	262.530676759	34.195251534554	257.11554742	32.775907708255	236.598516893	26.90268305856	236.281035902	26.745565285457	248.716813509	30.99112842458	238.34208733	28.616338588559	236.6085978	27.944192804460	235.503134705	27.303265595961	236.221420071	27.903399901662	236.688355051	25.991500252163	239.040117121	25.704454981564	234.771462133	26.55872111465	237.16293938	28.72098685766	235.899416958	25.808862787267	234.274767761	27.460049313568	237.814534022	28.804489958269	248.875109321	25.288079615870	233.580087766	26.791790731671	261.522903273	34.250147019772	233.011384616	26.578848480773	233.643100465	26.345334026574	258.087633661	25.656200930875	245.955601669	31.468663112476	233.048933008	26.291957688777	269.59582051	35.879278530678	248.823626894	25.402391200479	232.787542192	26.011981917980	259.944808954	25.692160493781	231.863521055	26.220814028882	262.812797337	35.381508011983	233.842941282	28.448064437984	248.044802617	25.3824138008

{'test': [35.381862339682272,
          26.022630062601884,
          27.817368554830004,
          33.102623191906041,
          25.838127553332434,
          23.223610426445134,
          27.176985661036252,
          25.157851293346205,
          24.898045992607074,
          23.408211929556895,
          23.453732583991062,
          24.92099947567835,
          39.3672898124222,
          27.902963794454092,
          28.761812460775214,
          24.7226760773511,
          25.907528744473602,
          25.747256473048353,
          24.9105396974633,
          24.183701910470333,
          27.116227934511951,
          27.752173309237165,
          29.926469309120918,
          25.235469057500865,
          25.070097819597514,
          24.398438540469716,
          25.572615743162437,
          25.609251662899034,
          24.391051675410335,
          28.608751703210245,
          28.758430779081905,
          25.499937376133303,
          25.405550521229245,
          24.698642259542805,
          32.626758637153856,
          31.357275595894226,
          46.816069450728634,
          33.266297568386435,
          27.562938063865314,
          25.128664798189284,
          25.042097507775498,
          24.911866660007423,
          26.008399330698403,
          26.93009008240676,
          24.949716700903924,
          25.135254405451185,
          29.098262443222126,
          26.645215596074515,
          31.707375837713457,
          31.631303620336094,
          40.361216377654621,
          25.956488320707919,
          27.999463050579422,
          34.195251534498325,
          32.775907708230591,
          26.902683057993173,
          26.745565285435251,
          30.991128424006476,
          28.616338588506949,
          27.944192804399751,
          27.303265595852785,
          27.903399901644121,
          25.991500252127704,
          25.704454981540653,
          26.558721114027378,
          28.720986857046384,
          25.808862787231856,
          27.460049313541536,
          28.804489958202645,
          25.288079615810165,
          26.791790731568248,
          34.25014701967735,
          26.578848480672196,
          26.345334026474077,
          25.656200930826255,
          31.468663112365107,
          26.291957688672031,
          35.879278530610776,
          25.402391200426294,
          26.011981917907121,
          25.692160493650107,
          26.220814028818964,
          35.381508011863076,
          28.448064437907355,
          25.382413800770067],
 'train': [321.59594703350416,
           287.23476995395674,
           284.20874353088072,
           298.42343591503459,
           277.77859436269745,
           288.01451760010792,
           273.69960292721737,
           272.76135160770764,
           271.05745299207416,
           285.08654680721554,
           278.48846770812179,
           266.80014667495271,
           317.53801855620486,
           267.0332864094766,
           268.19083932096834,
           262.31516085701753,
           259.76571235673026,
           258.54540859195652,
           257.7939242505816,
           262.90358086593756,
           256.69876838115601,
           256.89878418344421,
           261.53562721888329,
           253.38721058671862,
           252.98565978435582,
           257.48093329540876,
           250.7870306233736,
           249.97640844287724,
           260.39591631830359,
           252.20224060026712,
           252.80160447679697,
           247.92688076764762,
           248.09770878783371,
           262.46731727631976,
           263.03232244875755,
           257.06295995844107,
           349.20221198335116,
           265.89501984417171,
           243.62555757423837,
           269.12681827038386,
           249.12673464231079,
           251.31159895575848,
           241.57140704563122,
           240.72916334110693,
           248.75088854360681,
           245.78466448940358,
           243.6901631761433,
           239.34750346220292,
           254.96362813387836,
           253.23556408184447,
           303.91652121488443,
           238.95574501048992,
           238.70920543634102,
           262.53067675891418,
           257.11554741974066,
           236.59851689317537,
           236.28103590182576,
           248.71681350883733,
           238.34208733007074,
           236.60859780013044,
           235.50313470451573,
           236.22142007090292,
           236.68835505078343,
           239.0401171212755,
           234.77146213339552,
           237.16293938032803,
           235.89941695798728,
           234.27476776084094,
           237.81453402165275,
           248.87510932122055,
           233.58008776620329,
           261.52290327301517,
           233.01138461646559,
           233.6431004649192,
           258.08763366128761,
           245.95560166877917,
           233.04893300762762,
           269.59582051020158,
           248.82362689374256,
           232.78754219241395,
           259.94480895364978,
           231.86352105494433,
           262.81279733665878,
           233.84294128213668,
           248.04480261677011]}


epoch	train err	test err0	295.751809126	33.94968736661	298.931965069	33.40999927182	279.855564964	32.65127989863	277.286740638	32.25521537724	281.650546507	33.30524498175	288.957185454	31.56302153716	296.548208782	31.89901968427	274.488188567	32.0478702348	273.844826505	30.19336092749	267.347797633	30.121976318610	265.725075277	29.764957739811	280.509053505	32.618594605112	264.42869867	30.10315371913	267.511178187	29.461274508214	263.133767488	29.014010765815	260.193435864	29.170973789916	269.573251143	29.054130288117	273.57670483	29.171754991618	265.835734936	30.358059520719	260.184209244	28.478991938720	256.552137381	28.730220145221	259.678629213	28.035250991222	255.418858607	28.530637748223	264.576795998	28.101216594824	256.96809407	28.87773754825	253.342319421	27.722797000126	253.580370051	27.495633537427	258.762480271	29.117229330628	261.505625094	27.508128612429	252.696454112	27.189731037630	250.981694944	27.159960979531	250.183678242	27.544333198632	256.887469599	28.693339026933	251.913374655	26.940805350234	248.593855078	27.201319711435	248.36980715	26.814782869636	264.509542229	26.979769337737	247.935579658	26.764160499538	256.255165862	26.566201583339	250.37045976	26.224710154640	253.93834875	28.184353275441	265.789836777	29.774777618242	245.526762243	26.678582898143	248.429784841	25.977461350744	257.994667842	28.796690340245	251.608685774	27.920262967946	250.095017635	27.694141240447	244.002679056	25.734699257148	242.750619044	25.890550498249	242.616650009	26.077174824150	245.701190258	26.896017501151	245.494121258	26.906028448852	241.599803165	25.918300109353	241.929604565	26.111891699354	244.385206699	26.658457845255	258.631734514	28.806761497156	241.75975567	26.053390107257	241.976444589	25.066660733258	240.912232037	25.983155479959	280.122640927	26.825006717160	257.711176161	28.700022744861	240.959186258	25.006506975662	244.491039578	26.68011437963	250.057134111	27.56045807264	239.90254823	25.888390590565	239.183243288	24.756881922766	237.990453542	25.039937971367	237.449183768	25.187861546568	254.496418818	25.00364883369	238.501046098	25.569372927570	249.608668874	24.65358508271	274.881814565	25.904477001372	255.034630058	28.273642604873	252.213646036	27.956114817874	236.085523919	24.598132077375	237.169244315	25.346537904476	243.990003547	26.616100016377	240.940705299	26.203751706778	241.836356081	24.192543666579	239.23917978	24.223766738680	235.946766856	24.469634812381	254.966728825	28.175296064282	237.602358353	24.112029839483	240.192041193	25.922802276184	244.104869718	24.1950934376

{'test': [33.949687366600386,
          33.409999271819423,
          32.651279898633035,
          32.255215377218818,
          33.305244981694514,
          31.563021537137637,
          31.899019684238667,
          32.047870233966464,
          30.193360927408541,
          30.121976318590917,
          29.764957739838334,
          32.618594605149354,
          30.103153719040002,
          29.461274508168049,
          29.014010765810944,
          29.170973789873017,
          29.054130288082561,
          29.171754991552948,
          30.358059520744206,
          28.478991938749701,
          28.730220145247355,
          28.035250991159522,
          28.530637748245162,
          28.101216594798363,
          28.877737548045022,
          27.722797000106127,
          27.495633537387903,
          29.117229330646659,
          27.508128612386539,
          27.189731037573509,
          27.159960979476743,
          27.544333198640949,
          28.693339026949563,
          26.940805350213942,
          27.201319711391537,
          26.814782869576206,
          26.979769337713279,
          26.764160499460171,
          26.566201583321881,
          26.224710154646804,
          28.184353275401765,
          29.774777618230985,
          26.678582898145461,
          25.977461350679889,
          28.796690340175587,
          27.920262967921808,
          27.694141240429381,
          25.734699257094448,
          25.890550498166387,
          26.077174824072145,
          26.896017501113992,
          26.90602844884944,
          25.918300109280711,
          26.111891699325305,
          26.6584578452375,
          28.806761497055433,
          26.053390107207704,
          25.066660733160418,
          25.98315547989592,
          26.825006717108494,
          28.70002274482945,
          25.006506975597681,
          26.680114378993732,
          27.560458072042422,
          25.888390590487543,
          24.756881922651282,
          25.039937971330556,
          25.187861546470312,
          25.003648833002231,
          25.569372927475779,
          24.653585082016118,
          25.904477001297806,
          28.273642604776782,
          27.956114817754216,
          24.598132077318542,
          25.346537904393742,
          26.616100016289884,
          26.203751706714453,
          24.192543666490344,
          24.22376673859954,
          24.469634812327989,
          28.17529606423464,
          24.112029839442908,
          25.922802276051311,
          24.195093437598985],
 'train': [295.75180912579003,
           298.93196506928632,
           279.85556496366758,
           277.28674063754681,
           281.65054650749431,
           288.95718545375757,
           296.54820878228242,
           274.48818856688473,
           273.84482650530958,
           267.34779763298394,
           265.72507527749002,
           280.50905350520787,
           264.4286986703508,
           267.51117818677636,
           263.13376748757969,
           260.19343586372781,
           269.57325114256309,
           273.57670483029341,
           265.83573493558089,
           260.18420924417546,
           256.55213738147609,
           259.67862921266396,
           255.41885860736676,
           264.57679599769068,
           256.9680940699717,
           253.34231942141008,
           253.58037005097603,
           258.76248027071648,
           261.50562509370241,
           252.69645411240145,
           250.98169494397021,
           250.18367824185481,
           256.88746959927585,
           251.91337465485753,
           248.59385507750903,
           248.36980714978046,
           264.50954222865471,
           247.93557965780354,
           256.2551658617021,
           250.37045976031933,
           253.938348750426,
           265.7898367769551,
           245.52676224260597,
           248.4297848412713,
           257.99466784239718,
           251.6086857743164,
           250.0950176352224,
           244.00267905588248,
           242.75061904387641,
           242.61665000918106,
           245.70119025785652,
           245.49412125814845,
           241.59980316506048,
           241.92960456545032,
           244.38520669949528,
           258.63173451381851,
           241.75975566955546,
           241.97644458877082,
           240.91223203714773,
           280.1226409271456,
           257.71117616096581,
           240.9591862576118,
           244.49103957849653,
           250.05713411114934,
           239.90254822995718,
           239.18324328834422,
           237.99045354160765,
           237.44918376838987,
           254.49641881800463,
           238.50104609750053,
           249.6086688742883,
           274.88181456523228,
           255.03463005805071,
           252.21364603554073,
           236.08552391890632,
           237.16924431467265,
           243.9900035466689,
           240.94070529906455,
           241.83635608090918,
           239.23917978030255,
           235.94676685564355,
           254.96672882479575,
           237.60235835294759,
           240.19204119294179,
           244.10486971815573]}


epoch	train err	test err0	303.336840638	30.88050326961	299.439304349	30.36084666912	289.462687371	30.2559880693	294.552933279	31.6557848194	294.351949134	31.79904538885	286.519462518	29.10739961416	282.051090861	29.43635219917	300.305943266	29.91929832358	285.005468228	28.88248597679	278.65024872	28.905323658410	277.28232711	28.526733137811	280.401579684	28.374041077912	276.613859679	29.231249642613	273.192389943	27.766101294614	271.424998397	27.920773587815	272.309030433	27.515138878516	269.204394928	27.790552353517	305.650491788	35.238135177418	268.341641657	28.180364771419	284.132889992	27.508969548720	273.818328874	26.765059672421	263.018206801	26.544932284522	276.072006806	30.504302285123	260.785134826	26.537713673824	263.123401263	25.934634286825	259.480948569	26.489116107926	271.024557913	29.821145084827	258.34780674	26.190018939228	270.998861183	25.869230440229	275.72242018	30.726801140830	286.887252049	32.95209036931	257.862557506	26.810623412932	262.633512956	25.181524178633	256.511151573	25.321967635634	256.857603764	25.187028780835	264.121414024	28.624850233236	254.562139074	25.715040243537	256.676594628	24.912736273938	272.320369598	30.394912128239	267.962528977	25.056881929340	265.255003937	24.896796907741	253.075737369	25.095594407342	319.814087604	38.109073713643	256.870704519	24.562023537644	256.684202654	24.468082382345	257.238807928	24.412208982146	264.917731327	28.786753197747	253.893460812	24.339007235148	269.045367113	29.776139132749	253.346128631	24.22278356950	282.413402578	32.210742759251	265.721302747	24.489559227252	249.576455281	24.26934928453	259.305826239	23.994902984654	253.572967965	23.854466444455	248.110573357	24.161029683856	251.497181732	26.00038060457	247.314953624	24.490433658	253.518217147	26.505406754259	280.690034432	31.587946350860	255.062640529	23.465466255261	259.685475984	23.617971353362	297.586083375	34.48171812463	246.23902493	23.47619099264	264.31796447	28.805486593465	250.134623684	25.75412742666	256.683126872	23.327494699267	245.642283754	23.261942378768	252.192011997	23.110963523369	244.043470893	23.970987561470	244.495564995	23.081975151771	248.401130272	22.866618338872	246.608794139	22.8206657473	248.47096513	25.405643799474	243.110133624	23.701396668475	253.246747322	26.559442636976	245.457402726	22.680398414377	252.468434122	26.398635855678	242.189975697	23.670400238879	243.533022946	22.564128520980	252.56594967	22.61705168781	251.399641007	26.161561274682	245.265548446	22.355838867683	258.798539282	22.913313606284	251.149413063	22.5135255324

{'test': [30.880503269572785,
          30.360846669111233,
          30.255988069008797,
          31.655784818977239,
          31.799045388815276,
          29.107399614146257,
          29.436352199131665,
          29.919298323480728,
          28.882485976650223,
          28.90532365836998,
          28.526733137847355,
          28.374041077942309,
          29.231249642642304,
          27.766101294563882,
          27.920773587793601,
          27.515138878522357,
          27.790552353486675,
          35.238135177356931,
          28.180364771420741,
          27.508969548681403,
          26.765059672384215,
          26.544932284508427,
          30.504302285062295,
          26.537713673807865,
          25.93463428677088,
          26.489116107894937,
          29.82114508478141,
          26.190018939211377,
          25.869230440203545,
          30.726801140762383,
          32.952090368978141,
          26.810623412854557,
          25.181524178582581,
          25.321967635643063,
          25.187028780811627,
          28.624850233181697,
          25.715040243509314,
          24.912736273937629,
          30.394912128156307,
          25.056881929337813,
          24.896796907657631,
          25.095594407334083,
          38.109073713602974,
          24.562023537599924,
          24.46808238228768,
          24.412208982114954,
          28.786753197739507,
          24.339007235146518,
          29.776139132738439,
          24.222783569030685,
          32.210742759158535,
          24.489559227227428,
          24.269349284031769,
          23.994902984583277,
          23.854466444400472,
          24.161029683755004,
          26.000380603966711,
          24.490433600036052,
          26.505406754181593,
          31.587946350824655,
          23.465466255179926,
          23.617971353336152,
          34.481718124007358,
          23.476190991985277,
          28.805486593380362,
          25.754127425958643,
          23.327494699170376,
          23.261942378722864,
          23.110963523261738,
          23.970987561399713,
          23.081975151677657,
          22.866618338795138,
          22.820665739966287,
          25.405643799374886,
          23.701396668431858,
          26.559442636901515,
          22.680398414264012,
          26.398635855556183,
          23.670400238827195,
          22.56412852086445,
          22.617051686960661,
          26.161561274597581,
          22.35583886763531,
          22.913313606208828,
          22.513525532445989],
 'train': [303.3368406382175,
           299.43930434936283,
           289.46268737123665,
           294.55293327896283,
           294.35194913355178,
           286.51946251801348,
           282.05109086093756,
           300.3059432658448,
           285.00546822781695,
           278.65024871982428,
           277.28232710985446,
           280.40157968387211,
           276.61385967891795,
           273.19238994334108,
           271.42499839691749,
           272.30903043276493,
           269.20439492763899,
           305.65049178825763,
           268.34164165694943,
           284.13288999228683,
           273.81832887389231,
           263.01820680106249,
           276.0720068061986,
           260.78513482605013,
           263.12340126281322,
           259.48094856905772,
           271.0245579132424,
           258.34780673974143,
           270.99886118308808,
           275.72242018020262,
           286.88725204945996,
           257.86255750580898,
           262.63351295638415,
           256.51115157333334,
           256.85760376364857,
           264.1214140242505,
           254.56213907445752,
           256.67659462815675,
           272.32036959792759,
           267.96252897665158,
           265.25500393733313,
           253.07573736907435,
           319.81408760439268,
           256.87070451915434,
           256.68420265391615,
           257.23880792812957,
           264.91773132652395,
           253.89346081183754,
           269.04536711309265,
           253.34612863106517,
           282.4134025777837,
           265.72130274735588,
           249.5764552810929,
           259.30582623869412,
           253.57296796521226,
           248.11057335717334,
           251.49718173164854,
           247.31495362376373,
           253.51821714657004,
           280.69003443155356,
           255.06264052916382,
           259.68547598382202,
           297.58608337521684,
           246.23902492950049,
           264.31796447000198,
           250.13462368405465,
           256.68312687199511,
           245.64228375446632,
           252.19201199712927,
           244.04347089328564,
           244.49556499473408,
           248.4011302722798,
           246.60879413876953,
           248.47096513038707,
           243.11013362424501,
           253.24674732195663,
           245.45740272639165,
           252.46843412194426,
           242.18997569654803,
           243.53302294605669,
           252.56594967046465,
           251.39964100663022,
           245.26554844621876,
           258.79853928231574,
           251.1494130633599]}
