

epoch	train err	test err0	305.931914508	34.78632151661	306.231298405	34.68366610692	300.558255305	34.19285051633	305.427707815	34.30281285064	295.522839831	33.3839797565	292.625076096	32.88515132936	289.998828866	32.34637579997	284.06721003	31.35766986368	280.209816011	30.50019199059	277.069271337	29.574595592210	274.355936754	28.91199002111	275.385614865	28.806186037912	272.003237155	27.59201989313	280.991716853	28.238239816114	273.910348076	27.502347178415	299.289142335	30.208646611816	266.353668637	26.06293823717	289.290872427	28.915847937318	263.211616656	25.491726445219	262.161043218	25.306244117220	261.351885002	25.240893096421	271.375650982	26.245159895622	260.311397271	24.844217443823	258.884505069	24.732641497824	259.108620132	24.689865371225	261.249684357	25.017558167226	258.205591951	24.572102015727	270.661526996	25.950117189928	261.445517362	25.168019008629	256.322416654	24.386867407330	255.078899728	24.165462769531	257.239058072	24.268993794732	269.995677032	26.258938492833	263.634502149	24.833318772834	255.656303113	24.374831492735	261.551958594	25.163430870636	274.012814338	26.749144064437	256.417653535	24.603179088738	252.28544599	23.838391830139	261.127023798	24.483159072340	250.725472888	23.401050385641	252.622808784	23.568426658742	256.153435625	24.407504777543	261.045644212	24.412645167544	248.295118703	23.190232005345	249.309949199	23.212864937746	258.327808567	24.540178498647	254.514938796	23.729044769848	259.489506903	24.702006051949	247.917866269	23.030221780250	253.450606522	23.559123460951	267.124606535	25.517540391652	250.520720156	23.515321019653	261.022899873	24.719890230654	247.071751732	22.784210403255	268.558290251	25.514079772156	245.247088898	22.793633861957	251.428976222	23.333735173258	263.064955302	24.877343715459	256.297154421	23.723867209260	248.133297095	22.899388140761	245.240468539	22.605903593862	244.551261454	22.546102871463	246.472271782	22.844746778364	243.648524562	22.446169048465	257.932587154	23.752271022266	246.273020002	22.720488115567	257.953515595	23.95427963468	246.370882029	22.556660272669	245.470246612	22.638447777470	251.783926193	23.35192032471	242.768475635	22.2063520572	243.083623876	22.208667691173	264.215233075	24.370326238274	249.28978319	23.026205451175	249.649667799	22.91749227976	242.177694536	22.113111586777	244.241773927	22.355921768378	262.782774068	24.194730030179	242.494283311	22.19588214580	249.54669279	22.865533412381	242.653583291	22.144711470682	241.708529329	22.029945241483	264.398706106	24.479642260784	245.44695824	22.369523457385	251.575301428	23.024780319586	249.206390947	22.740877882987	279.02226679	25.883004544488	268.082434483	24.719731782889	243.267944391	22.079744256990	257.239876319	23.577253391691	242.420022725	21.987213009692	241.372598539	21.898061879693	241.367934721	21.822689001994	249.892495325	22.708795101795	260.096763872	23.747568575296	243.560624335	22.06007741697	241.546864048	21.875083450798	258.451959207	23.644261194899	246.601754729	22.4268484647100	240.926015858	21.8376549954101	257.743362802	23.5834098759102	246.571608621	22.3499087296103	245.745476575	22.2834235034104	242.05412767	21.8787604621

{'test': [34.786321516626508,
          34.683666106946418,
          34.192850516345572,
          34.302812850625109,
          33.383979755968433,
          32.885151329298438,
          32.346375799949755,
          31.357669863636787,
          30.500191990470974,
          29.574595592234992,
          28.911990020960442,
          28.806186037917399,
          27.592019893002302,
          28.238239816101011,
          27.502347178418287,
          30.208646611768724,
          26.062938236976496,
          28.915847937281342,
          25.491726445237894,
          25.306244117198162,
          25.24089309637548,
          26.245159895557105,
          24.844217443782696,
          24.732641497750439,
          24.689865371223444,
          25.017558167157311,
          24.572102015691026,
          25.950117189876735,
          25.168019008563125,
          24.38686740729311,
          24.165462769497765,
          24.268993794691823,
          26.258938492838581,
          24.833318772773882,
          24.374831492742697,
          25.163430870596883,
          26.749144064402337,
          24.603179088724566,
          23.838391830065163,
          24.483159072255287,
          23.401050385605529,
          23.568426658715119,
          24.40750477745588,
          24.412645167524389,
          23.190232005332856,
          23.212864937664953,
          24.540178498606537,
          23.729044769804236,
          24.702006051927487,
          23.030221780227635,
          23.55912346093983,
          25.517540391573416,
          23.515321019576785,
          24.719890230603369,
          22.784210403195033,
          25.514079772078926,
          22.793633861933426,
          23.333735173246794,
          24.877343715357689,
          23.723867209194733,
          22.899388140747938,
          22.605903593784628,
          22.546102871371854,
          22.84474677827383,
          22.446169048427251,
          23.752271022183887,
          22.720488115511653,
          23.954279634020452,
          22.556660272577176,
          22.638447777400614,
          23.351920323967899,
          22.2063520500027,
          22.208667691136952,
          24.370326238220727,
          23.02620545111002,
          22.917492278966236,
          22.113111586720109,
          22.355921768250969,
          24.194730030064584,
          22.195882145003203,
          22.865533412309997,
          22.144711470639887,
          22.029945241388084,
          24.479642260686166,
          22.369523457340382,
          23.024780319507425,
          22.740877882899913,
          25.883004544395792,
          24.719731782793211,
          22.079744256878122,
          23.577253391557768,
          21.987213009565558,
          21.898061879619085,
          21.82268900185522,
          22.708795101749285,
          23.747568575166241,
          22.060077416010134,
          21.875083450690866,
          23.644261194760233,
          22.426848464653506,
          21.837654995381364,
          23.583409875939793,
          22.349908729574807,
          22.283423503389059,
          21.878760462078557],
 'train': [305.9319145078523,
           306.23129840471137,
           300.55825530469059,
           305.42770781462065,
           295.52283983102006,
           292.62507609626164,
           289.99882886629564,
           284.06721003042776,
           280.20981601080297,
           277.06927133668927,
           274.35593675417994,
           275.38561486545291,
           272.00323715522211,
           280.99171685318356,
           273.91034807617979,
           299.28914233528457,
           266.35366863653479,
           289.29087242719555,
           263.21161665609918,
           262.16104321843966,
           261.3518850016593,
           271.37565098223934,
           260.3113972709773,
           258.88450506922288,
           259.10862013182737,
           261.24968435672344,
           258.2055919508241,
           270.66152699603816,
           261.44551736178272,
           256.32241665431263,
           255.07889972764568,
           257.23905807228988,
           269.99567703191843,
           263.63450214851747,
           255.65630311349776,
           261.55195859368433,
           274.01281433759402,
           256.41765353539279,
           252.28544599027128,
           261.12702379790903,
           250.72547288765432,
           252.62280878433796,
           256.15343562463011,
           261.04564421194914,
           248.29511870283531,
           249.30994919933778,
           258.32780856704625,
           254.51493879570606,
           259.48950690349676,
           247.91786626872602,
           253.45060652228844,
           267.12460653529155,
           250.52072015603491,
           261.02289987257086,
           247.07175173227256,
           268.55829025132226,
           245.24708889773902,
           251.42897622206959,
           263.06495530195224,
           256.29715442099774,
           248.1332970949168,
           245.24046853898946,
           244.55126145430424,
           246.47227178166776,
           243.64852456243651,
           257.93258715379648,
           246.27302000197372,
           257.95351559504871,
           246.37088202915862,
           245.47024661237921,
           251.78392619286907,
           242.76847563520602,
           243.08362387609301,
           264.21523307512558,
           249.28978319047948,
           249.64966779852864,
           242.17769453641688,
           244.24177392688867,
           262.78277406784264,
           242.49428331122795,
           249.54669279032194,
           242.65358329123833,
           241.70852932920093,
           264.39870610555454,
           245.44695823973979,
           251.57530142836185,
           249.20639094671176,
           279.02226678993469,
           268.08243448304177,
           243.26794439140588,
           257.23987631898552,
           242.42002272452285,
           241.37259853945056,
           241.36793472147451,
           249.8924953246966,
           260.09676387238147,
           243.56062433468935,
           241.54686404778681,
           258.45195920717543,
           246.60175472871725,
           240.92601585793568,
           257.74336280168188,
           246.5716086213308,
           245.74547657488034,
           242.05412767006379]}


epoch	train err	test err0	314.575690024	31.88602742081	309.457480964	30.80386067222	305.014468529	29.90658128623	300.680162797	29.28715919494	299.641974487	27.33199473815	289.76242663	27.88154786036	284.716349826	27.11784306247	292.972286117	31.65199202198	275.687676969	28.15614889159	270.988543846	27.097877626610	278.011174837	29.650936293211	268.124197589	27.139208002312	266.104636713	26.594227479213	274.233791661	23.788346689814	263.923692735	26.292904401815	263.074346987	24.586942396516	263.584282818	26.675048104117	262.66657546	23.954320767518	263.014773795	26.731586360119	262.055758405	26.49802774620	273.372129337	29.308600436221	277.331052359	22.341266582622	261.456529067	22.978145693523	257.135809738	23.889575170224	260.558662337	22.735923232625	262.133763347	22.376131467326	257.084182486	22.994578100527	256.910120024	22.78285983228	257.693074503	22.4249124529	260.481356006	26.46002166430	253.619837497	23.804404734831	253.12519031	23.681639403632	281.891905905	30.514368936533	284.428707264	30.871001491134	273.041575848	28.919555046635	259.469807561	21.344785632336	298.780489878	32.867578196837	263.251438035	20.980957196938	256.716232084	21.217949918939	250.291273182	22.302981301340	257.143323909	20.984658025541	311.893797997	34.375137686842	251.64903681	21.354965710643	250.314014328	21.516946763944	268.66090032	27.733264512645	248.720309532	21.740973514746	254.743092953	20.665876780747	289.663743811	30.936982888548	263.237689939	26.612216332749	247.464188266	21.72921934450	254.796449028	24.821903521151	249.717782995	20.779711710652	252.779050702	20.37268935753	252.605746155	20.316234000154	247.185897608	21.030190225555	302.031257036	32.285401572856	248.44229303	23.041169962757	250.816263245	20.220091466958	246.807160737	20.722806923859	245.440615758	21.223959707360	265.129744742	19.707894149861	257.752123847	19.715122267762	276.705241616	28.325100602963	244.900009287	20.933398236564	247.885393089	22.873007674165	262.969284382	19.55961002466	258.075521493	25.100609345867	245.580821429	20.329434840368	250.667615543	19.718578424569	247.192332596	19.962693557370	248.185241906	22.887620920471	244.633589649	20.289451641772	277.203089471	28.073187453573	255.272180477	24.411768054374	245.994365536	19.860471530175	248.390234343	19.586768378976	245.662330916	19.828832735477	245.737242521	19.786316330478	243.999207517	21.487586969879	243.9987768	20.029189637880	252.540789532	23.742844785181	244.01200134	19.937248118582	244.304701943	19.828436207683	242.691645368	20.773266150384	243.226004363	20.02802061685	249.785537652	23.071087705786	246.991533074	22.432938844287	242.777878159	20.930894908188	245.280852199	19.491471043989	242.791705209	20.989734338790	242.170247241	20.441700347991	242.992608064	21.154021002992	242.44259754	19.945647944493	289.649193108	29.353238278994	252.804192152	18.993879794195	242.812239013	19.708152044596	242.798908469	21.086385943397	244.689668854	21.715610325598	244.831513163	19.285483101499	246.356981485	22.1464211604100	241.975200755	20.6928104601101	243.512707703	19.4026292054102	241.438266178	20.3245814024103	241.561539281	20.5221348499104	249.763581534	22.8941397331

{'test': [31.886027420809381,
          30.803860672190417,
          29.906581286222234,
          29.287159194896475,
          27.331994738124344,
          27.881547860263204,
          27.117843062428818,
          31.651992021903151,
          28.156148891504486,
          27.097877626588758,
          29.650936293207824,
          27.139208002331063,
          26.594227479173515,
          23.78834668979993,
          26.292904401751894,
          24.586942396487053,
          26.675048104134994,
          23.954320767512225,
          26.731586360069151,
          26.498027745978831,
          29.308600436242386,
          22.341266582561662,
          22.978145693481117,
          23.889575170228724,
          22.735923232607945,
          22.376131467268674,
          22.994578100473003,
          22.782859831961062,
          22.424912449963042,
          26.460021664023387,
          23.804404734812287,
          23.681639403614991,
          30.514368936456968,
          30.871001491072953,
          28.919555046638131,
          21.344785632283287,
          32.867578196797943,
          20.980957196893367,
          21.217949918931573,
          22.302981301275462,
          20.984658025549802,
          34.375137686817865,
          21.354965710614483,
          21.516946763857938,
          27.733264512614969,
          21.740973514689991,
          20.665876780745926,
          30.936982888462865,
          26.612216332668353,
          21.729219344049568,
          24.821903521051158,
          20.779711710613,
          20.372689357007076,
          20.316234000068537,
          21.03019022547732,
          32.285401572771853,
          23.041169962729874,
          20.220091466923826,
          20.722806923773735,
          21.223959707344306,
          19.707894149829357,
          19.71512226768251,
          28.325100602935137,
          20.933398236488113,
          22.873007674077584,
          19.559610024042403,
          25.100609345825614,
          20.329434840323184,
          19.718578424490257,
          19.962693557297463,
          22.887620920380201,
          20.28945164165598,
          28.07318745350949,
          24.41176805427007,
          19.860471530072218,
          19.586768378883871,
          19.828832735413222,
          19.78631633043539,
          21.487586969793167,
          20.02918963784365,
          23.742844785086191,
          19.937248118474567,
          19.828436207586904,
          20.773266150306384,
          20.028020615964561,
          23.071087705689077,
          22.432938844172753,
          20.930894908104037,
          19.491471043919699,
          20.989734338656678,
          20.441700347912011,
          21.154021002945022,
          19.945647944391059,
          29.353238278943774,
          18.993879794119412,
          19.708152044451168,
          21.086385943309004,
          21.715610325545594,
          19.285483101377974,
          22.146421160397725,
          20.692810460139206,
          19.402629205360565,
          20.324581402434656,
          20.522134849889238,
          22.894139733086813],
 'train': [314.57569002356877,
           309.45748096444879,
           305.01446852894884,
           300.6801627974379,
           299.64197448655602,
           289.76242663044366,
           284.71634982586716,
           292.97228611736807,
           275.68767696913449,
           270.9885438457415,
           278.01117483740046,
           268.12419758857345,
           266.10463671264057,
           274.2337916614764,
           263.92369273451305,
           263.0743469870755,
           263.58428281832016,
           262.66657545969576,
           263.01477379460169,
           262.05575840469459,
           273.37212933669582,
           277.33105235898699,
           261.45652906709921,
           257.13580973754409,
           260.55866233703472,
           262.13376334748494,
           257.08418248628203,
           256.91012002435076,
           257.69307450277989,
           260.48135600605394,
           253.61983749709032,
           253.12519030981068,
           281.89190590527477,
           284.42870726436308,
           273.04157584757439,
           259.46980756136105,
           298.78048987808023,
           263.25143803499981,
           256.71623208426519,
           250.29127318236735,
           257.14332390857976,
           311.89379799715209,
           251.64903681028321,
           250.31401432841653,
           268.66090031953934,
           248.72030953202309,
           254.74309295285013,
           289.66374381068442,
           263.23768993895538,
           247.4641882660232,
           254.79644902807084,
           249.71778299544906,
           252.77905070216499,
           252.60574615480965,
           247.18589760775876,
           302.03125703574983,
           248.44229303037096,
           250.81626324458475,
           246.80716073675521,
           245.44061575763124,
           265.12974474170551,
           257.75212384676092,
           276.70524161569818,
           244.90000928694604,
           247.88539308923808,
           262.96928438239445,
           258.07552149276142,
           245.58082142857904,
           250.66761554334863,
           247.19233259575822,
           248.18524190604461,
           244.63358964897935,
           277.20308947135754,
           255.27218047728329,
           245.99436553621808,
           248.39023434287529,
           245.66233091570146,
           245.73724252078011,
           243.99920751701035,
           243.9987768004525,
           252.54078953249245,
           244.01200133966003,
           244.30470194321921,
           242.69164536766777,
           243.22600436309037,
           249.78553765196804,
           246.99153307437567,
           242.77787815897028,
           245.28085219853767,
           242.7917052089162,
           242.17024724111985,
           242.99260806423942,
           242.44259753985153,
           289.64919310774405,
           252.80419215210273,
           242.8122390130934,
           242.7989084687342,
           244.68966885429322,
           244.83151316260614,
           246.35698148500512,
           241.97520075503138,
           243.51270770338886,
           241.43826617751523,
           241.56153928072987,
           249.7635815340972]}


epoch	train err	test err0	305.564079427	32.08480850081	304.751064981	32.13801104882	302.014494662	31.72122167043	300.297514825	31.56017021594	291.389177419	29.96739886425	294.462459913	30.81544375966	283.832815322	28.50666657617	276.066186826	28.04944101948	279.175912287	28.00044874029	285.041052009	30.023819378110	276.422845804	28.976038373511	265.37865481	27.423797813212	298.495966916	32.365615531413	263.073243969	27.130020222814	260.39956459	27.266035706915	259.345942161	27.161723740316	258.210206061	27.214556842417	257.57203347	27.200134531418	258.763094209	27.952251067919	272.358736973	28.539861402720	255.905032774	27.884972125421	254.958777526	27.910197367522	252.469670593	27.404767970323	261.289594	27.917608418624	251.651054384	27.872004786625	251.174026351	27.941916717226	274.62092153	31.539351471527	261.922410771	29.947505925228	268.122359927	30.918928085329	248.091115319	27.97213038230	248.233432062	27.514281663731	252.630559756	29.035109453132	250.700831511	27.637923084833	249.924684914	27.626694977634	258.509891614	30.237135172735	246.683614234	27.57598068336	268.796413659	28.99980737837	256.058085087	28.13276166938	242.527254378	27.640866930939	242.106591442	27.894223130940	269.004899277	32.088776570141	261.197541913	28.54222085342	248.123729117	27.742648467143	242.352061322	28.335828635544	255.300028414	30.36597929345	260.975020669	28.545664435846	241.06593146	27.488407570247	239.353326131	27.858602186448	241.76797241	27.509164792349	270.344109986	32.631301984250	250.376008871	27.898326785951	242.567911034	27.549756242352	239.171928033	28.155798358253	258.675285508	31.211765274354	247.644452962	27.811274401955	250.26065599	27.927836921856	237.569283098	27.959503358757	244.703580387	29.364224879958	246.006089219	27.704357380659	236.639707142	27.786360072460	240.026017863	28.672275928661	240.20171675	27.485549117362	252.627770894	30.60900497963	326.932611695	39.610364784364	238.142042047	27.473425459965	237.007681704	28.213287708966	241.515406215	27.532455563667	250.301212033	30.300724830668	235.882889366	27.525426774269	244.463045284	27.653795685470	244.755834305	27.659149255271	236.652693601	28.192531149272	237.225614183	28.315879380573	239.292324383	28.710730459774	243.846881278	27.608898361575	237.459092898	28.397902286976	234.923742994	27.500680294977	235.334802716	27.405340095778	235.173234641	27.988896365179	237.300996109	28.430182948680	253.693495439	30.891684300681	270.876244508	29.474055994582	245.407319895	27.700519638383	246.318538122	27.72359901184	234.051334933	27.452348927385	250.0868488	30.367947713686	235.520069609	27.288619289687	233.922746663	27.629876767888	255.184703196	28.298519540789	234.228948763	27.331043708990	250.881407634	28.008804984691	241.886804067	27.450081616192	237.94271405	28.58514618893	251.682784648	28.032444326794	238.34057538	27.308412980795	233.319013183	27.409704135496	255.8616373	28.33528645997	233.785459382	27.327880909998	242.286859664	29.314252045299	237.766270841	27.3169397886100	269.428955527	32.8448503979101	238.124528454	27.2916360373102	243.411363683	27.5651937448103	233.002030798	27.5202853842104	240.391048656	29.0699751905

{'test': [32.084808500841859,
          32.138011048840106,
          31.721221670444965,
          31.560170215907206,
          29.967398864153033,
          30.815443759568726,
          28.506666576121681,
          28.049441019395879,
          28.000448740180158,
          30.023819378129275,
          28.976038373454308,
          27.423797813215128,
          32.365615531417298,
          27.130020222805033,
          27.266035706899025,
          27.161723740279406,
          27.214556842393282,
          27.200134531409237,
          27.952251067883449,
          28.539861402742325,
          27.884972125436665,
          27.91019736751921,
          27.404767970292873,
          27.917608418591065,
          27.87200478656808,
          27.94191671716537,
          31.539351471536214,
          29.947505925245906,
          30.918928085307318,
          27.972130382006878,
          27.514281663695478,
          29.035109453143292,
          27.637923084804065,
          27.626694977583782,
          30.237135172748399,
          27.575980682996363,
          28.999807378008235,
          28.13276166896992,
          27.640866930913283,
          27.894223130888331,
          32.088776570063551,
          28.542220852992237,
          27.742648467099649,
          28.335828635482617,
          30.365979293005893,
          28.545664435802696,
          27.488407570169592,
          27.85860218640293,
          27.509164792302325,
          32.631301984190912,
          27.898326785889711,
          27.549756242270195,
          28.155798358177691,
          31.211765274255395,
          27.811274401939826,
          27.927836921779157,
          27.959503358732203,
          29.364224879941894,
          27.70435738060079,
          27.786360072449945,
          28.672275928594754,
          27.48554911728522,
          30.609004979028487,
          39.610364784306405,
          27.47342545994935,
          28.213287708862829,
          27.532455563555391,
          30.300724830615451,
          27.525426774176299,
          27.653795685383361,
          27.659149255207812,
          28.192531149198999,
          28.315879380507152,
          28.71073045967043,
          27.608898361548327,
          28.397902286925913,
          27.500680294880041,
          27.405340095666435,
          27.988896365065429,
          28.430182948600581,
          30.891684300582501,
          29.47405599452452,
          27.700519638280738,
          27.723599011009991,
          27.45234892725319,
          30.367947713563407,
          27.288619289641613,
          27.629876767764987,
          28.298519540701463,
          27.331043708926295,
          28.008804984605568,
          27.450081616073433,
          28.585146187954784,
          28.032444326674558,
          27.30841298066078,
          27.40970413541832,
          28.335286458966031,
          27.327880909902134,
          29.314252045157293,
          27.316939788568664,
          32.844850397901446,
          27.291636037303341,
          27.565193744793977,
          27.52028538422687,
          29.069975190481525],
 'train': [305.56407942671581,
           304.75106498126939,
           302.01449466209289,
           300.29751482469328,
           291.38917741928134,
           294.46245991346626,
           283.83281532224146,
           276.06618682643216,
           279.17591228697216,
           285.04105200885789,
           276.42284580419971,
           265.37865480996408,
           298.49596691565699,
           263.07324396875515,
           260.39956458965605,
           259.3459421609378,
           258.21020606146038,
           257.57203346953821,
           258.76309420888276,
           272.35873697293533,
           255.9050327735381,
           254.95877752617113,
           252.46967059299521,
           261.28959400008364,
           251.65105438400471,
           251.17402635066676,
           274.62092152950618,
           261.92241077117035,
           268.12235992685225,
           248.09111531890039,
           248.23343206230155,
           252.63055975582824,
           250.70083151122631,
           249.9246849143461,
           258.50989161444278,
           246.6836142335535,
           268.79641365870179,
           256.05808508686926,
           242.5272543778826,
           242.10659144183006,
           269.00489927670441,
           261.19754191287154,
           248.12372911697193,
           242.35206132195293,
           255.30002841425124,
           260.97502066861381,
           241.06593146009763,
           239.35332613124348,
           241.76797240976276,
           270.34410998628584,
           250.37600887118714,
           242.56791103400835,
           239.17192803313543,
           258.67528550822192,
           247.64445296232952,
           250.2606559901634,
           237.5692830984101,
           244.70358038693567,
           246.00608921852324,
           236.63970714187352,
           240.02601786340892,
           240.20171674988305,
           252.62777089368899,
           326.93261169526096,
           238.14204204668965,
           237.00768170395091,
           241.51540621540772,
           250.30121203253816,
           235.88288936569313,
           244.46304528427459,
           244.75583430469251,
           236.6526936012902,
           237.22561418324381,
           239.29232438303558,
           243.84688127811182,
           237.45909289813935,
           234.92374299373745,
           235.33480271584367,
           235.17323464132062,
           237.30099610890954,
           253.69349543850487,
           270.87624450802991,
           245.40731989512554,
           246.31853812244532,
           234.05133493277535,
           250.0868488002867,
           235.52006960855144,
           233.92274666309183,
           255.1847031955792,
           234.22894876267367,
           250.8814076339205,
           241.88680406700755,
           237.94271405036451,
           251.68278464819974,
           238.34057537999598,
           233.31901318283218,
           255.86163729952153,
           233.78545938212747,
           242.28685966444263,
           237.76627084094258,
           269.42895552662003,
           238.124528453718,
           243.41136368323475,
           233.00203079771381,
           240.39104865626226]}
