

epoch	train err	test err0	307.579356941	30.33249393351	298.398373331	31.05397781152	296.081346361	29.76037118383	286.697596945	29.35605217984	286.214970551	29.28860821795	310.055961549	32.84507410156	298.953970993	31.26040638957	282.684143372	29.09028252118	278.958222025	28.70523618139	297.359867032	31.077966156110	287.978919701	29.835224885811	275.998984072	28.497834187912	275.155833921	28.393363527313	274.159572016	28.288649932114	277.593481215	28.960513615215	273.144021683	28.190188497916	274.310554599	28.335772012317	277.757758017	29.144540067418	270.54333085	28.073931355719	275.457780136	28.573476721320	268.58835255	27.949491776221	269.215585765	28.235672270422	267.676238382	27.861808740623	266.67900408	27.781096297424	267.835088563	28.371264303725	267.664408036	28.447558882426	267.338998694	28.330360735327	263.110204017	27.615763695428	268.297302853	28.216571335129	263.636719915	27.919473165130	262.706901085	27.914245000731	268.96363332	28.703933916632	267.222758213	28.458130555933	263.819774372	28.107757654734	264.704733705	28.324700067335	257.415067333	27.479751710236	276.495283015	29.496691548637	267.5810753	28.64108250338	257.5153951	27.548435107739	257.843434558	27.722453101340	254.020843846	27.277347862641	256.605233619	27.697113280842	256.527653882	27.5784633743	264.292365225	28.785642868444	254.837702428	27.5758199129

{'test': [30.332493933530195,
          31.053977811458431,
          29.760371183813874,
          29.356052179780043,
          29.288608217944748,
          32.845074101482169,
          31.260406389520668,
          29.090282521124255,
          28.705236181303963,
          31.077966156140079,
          29.835224885776643,
          28.497834187910307,
          28.393363527287185,
          28.288649932142071,
          28.960513615242636,
          28.190188497855232,
          28.335772012267309,
          29.144540067418731,
          28.073931355658033,
          28.573476721269646,
          27.949491776212952,
          28.235672270425386,
          27.861808740562271,
          27.781096297418703,
          28.371264303736019,
          28.447558882370707,
          28.330360735316589,
          27.615763695426509,
          28.216571335149428,
          27.91947316514198,
          27.914245000710281,
          28.70393391663298,
          28.458130555864496,
          28.107757654673204,
          28.32470006725719,
          27.479751710244958,
          29.496691548599401,
          28.641082502988731,
          27.548435107733553,
          27.72245310129026,
          27.277347862637651,
          27.697113280832724,
          27.578463370013782,
          28.785642868387068,
          27.575819912929006],
 'train': [307.5793569413355,
           298.39837333112007,
           296.08134636110981,
           286.69759694523964,
           286.21497055130442,
           310.05596154928463,
           298.95397099297861,
           282.68414337232809,
           278.95822202514688,
           297.35986703151764,
           287.97891970068417,
           275.99898407158884,
           275.1558339207786,
           274.159572015533,
           277.59348121491996,
           273.14402168263217,
           274.31055459866241,
           277.75775801747363,
           270.54333085024183,
           275.45778013592707,
           268.58835254978521,
           269.21558576519328,
           267.67623838169857,
           266.67900407997604,
           267.8350885634822,
           267.66440803554082,
           267.33899869426739,
           263.11020401702586,
           268.29730285258881,
           263.63671991543424,
           262.70690108528726,
           268.96363331987715,
           267.22275821273581,
           263.81977437212356,
           264.70473370509575,
           257.41506733324252,
           276.49528301464147,
           267.58107529974131,
           257.51539510035053,
           257.84343455820647,
           254.0208438464424,
           256.6052336187671,
           256.52765388218353,
           264.29236522501492,
           254.83770242812776]}


epoch	train err	test err0	304.36145886	31.73262940111	309.056539283	32.94408865442	296.906010753	30.75443241943	289.11978231	27.72769984834	285.005699517	27.3362767915	286.740726979	28.82301794396	281.336344506	27.51774681947	286.668168718	28.87237619138	277.985259935	26.77998683619	277.275454324	26.73313190210	282.518836432	28.083192921311	318.380897425	33.770690675612	285.854818642	28.889287715513	272.747625978	25.089724562214	281.281419896	28.057649650415	277.949530381	24.286528491216	274.50582263	26.76820797817	269.842335273	24.79967244818	267.745955945	24.706879553419	267.672229818	24.272142560820	266.076423784	24.492696049321	273.616960221	23.794692515222	266.148793817	23.848628015323	273.712339326	27.153401656624	269.02533529	26.340319377725	264.243564701	25.330486796426	265.117093993	23.374134044827	260.465094645	23.893880545328	260.284596244	23.834129412729	259.119625863	23.778677342330	258.770998865	24.148876807831	260.242156891	24.875189869632	258.328725048	23.313140889433	284.43840278	29.069973243234	259.271079873	24.721828823435	257.095392739	24.103794342336	290.142821166	29.904487722737	259.019161738	24.951027835738	254.347597312	23.580506854839	254.00520264	23.6563317740	255.569257979	24.279357309641	258.109725569	22.641238250242	252.494417427	23.012833042543	252.382801863	22.930078513244	252.068724793	22.8495749028

{'test': [31.732629401070362,
          32.944088654394946,
          30.754432419423285,
          27.727699848290722,
          27.336276790968782,
          28.82301794385242,
          27.517746819403097,
          28.872376191314942,
          26.779986836120408,
          26.733131902020681,
          28.083192921286063,
          33.77069067560403,
          28.889287715464121,
          25.089724562181146,
          28.057649650424803,
          24.286528491172767,
          26.768207978009478,
          24.799672447984989,
          24.706879553380848,
          24.272142560788037,
          24.49269604934609,
          23.794692515167409,
          23.848628015261113,
          27.153401656587086,
          26.340319377652584,
          25.330486796384385,
          23.374134044783411,
          23.893880545342547,
          23.83412941274354,
          23.778677342299197,
          24.148876807765568,
          24.875189869617994,
          23.313140889376417,
          29.069973243204402,
          24.721828823401083,
          24.103794342282093,
          29.904487722727918,
          24.951027835678147,
          23.580506854771425,
          23.656331769951461,
          24.279357309556591,
          22.641238250153577,
          23.012833042454016,
          22.930078513150796,
          22.849574902803504],
 'train': [304.36145885978533,
           309.05653928263149,
           296.9060107529088,
           289.1197823095265,
           285.00569951719689,
           286.7407269792169,
           281.3363445063975,
           286.66816871754503,
           277.98525993501386,
           277.27545432396812,
           282.51883643203371,
           318.3808974254141,
           285.85481864228672,
           272.74762597849258,
           281.28141989614511,
           277.94953038148867,
           274.50582263031743,
           269.84233527282873,
           267.74595594535543,
           267.67222981786358,
           266.07642378369769,
           273.61696022100421,
           266.14879381696971,
           273.71233932597369,
           269.02533528979387,
           264.24356470089526,
           265.1170939931406,
           260.46509464528788,
           260.28459624448772,
           259.11962586341576,
           258.77099886527839,
           260.24215689140595,
           258.32872504814907,
           284.43840278007593,
           259.27107987265316,
           257.09539273855182,
           290.14282116579886,
           259.01916173750226,
           254.34759731178724,
           254.00520263962676,
           255.56925797864665,
           258.10972556878511,
           252.49441742698008,
           252.38280186289296,
           252.06872479346544]}


epoch	train err	test err0	302.275415443	35.3143903131	296.543642477	33.79615343922	303.905991585	32.94603061733	306.865430659	32.62871550614	285.70507883	32.41597143655	282.805962891	31.06371164786	285.288840148	32.57951449777	278.680451911	30.46000343668	277.099695313	30.16302309339	275.889667247	30.433131330510	273.768139448	29.803589759111	274.957181229	28.840837475112	279.10822404	31.696553388213	273.617819046	28.342238555514	273.196505316	30.437661916515	274.457742576	30.832977518916	280.368903241	32.166796991317	266.294169355	28.377865734518	267.280425277	27.722131116219	264.950071327	28.568574744420	268.070929172	27.291117383321	281.670247506	32.575075114622	262.235582121	27.430382219523	263.963290404	27.052377215824	260.548154688	27.377200170225	259.972150555	27.429918408526	262.710067145	26.776650914527	272.595966276	26.939500415228	267.317633348	26.817104799429	257.326309048	26.960924649930	261.783128185	28.773618812631	256.317366172	27.179252064932	261.575018564	28.899571818233	266.798233365	26.591405310534	264.133961772	26.216285846935	260.164210999	28.799298417536	262.981897112	26.283026458237	274.394097398	26.969732438438	274.938721366	26.911945579539	253.576112608	27.465725177940	255.168481486	28.072623616841	258.097429399	26.319118626642	254.551329837	26.151431990743	253.266848851	26.358792762944	257.926392201	28.8296080265

{'test': [35.314390313006903,
          33.796153439163341,
          32.946030617267574,
          32.628715506100768,
          32.415971436517651,
          31.063711647803281,
          32.57951449769174,
          30.460003436630434,
          30.16302309333113,
          30.433131330536373,
          29.803589759082133,
          28.840837475090879,
          31.696553388243682,
          28.342238555489978,
          30.43766191650748,
          30.832977518916433,
          32.16679699134167,
          28.377865734528303,
          27.722131116229306,
          28.568574744400486,
          27.2911173833321,
          32.575075114624504,
          27.430382219465056,
          27.052377215823199,
          27.377200170235547,
          27.429918408535908,
          26.776650914527757,
          26.93950041515652,
          26.817104799417528,
          26.960924649891613,
          28.773618812636176,
          27.179252064901373,
          28.89957181817865,
          26.591405310457283,
          26.216285846936923,
          28.799298417500612,
          26.283026458234932,
          26.969732438413079,
          26.911945579480136,
          27.46572517785199,
          28.072623616783829,
          26.319118626582647,
          26.151431990713537,
          26.35879276292167,
          28.829608026523637],
 'train': [302.27541544346951,
           296.54364247714943,
           303.90599158517705,
           306.86543065907205,
           285.70507883043177,
           282.80596289091517,
           285.28884014826468,
           278.68045191119654,
           277.09969531349913,
           275.88966724719688,
           273.76813944832423,
           274.95718122932067,
           279.10822403969007,
           273.61781904607136,
           273.19650531565162,
           274.45774257636128,
           280.36890324071601,
           266.29416935453065,
           267.28042527667287,
           264.95007132723651,
           268.07092917158076,
           281.67024750648324,
           262.23558212105928,
           263.96329040379516,
           260.54815468768015,
           259.97215055529119,
           262.71006714522042,
           272.59596627608693,
           267.31763334845209,
           257.32630904830688,
           261.78312818504838,
           256.31736617198425,
           261.57501856433231,
           266.79823336488067,
           264.13396177233432,
           260.16421099867563,
           262.98189711218589,
           274.39409739816057,
           274.93872136635247,
           253.57611260848236,
           255.16848148622313,
           258.09742939866055,
           254.55132983735311,
           253.26684885092573,
           257.92639220126267]}
