

epoch	train err	test err0	298.889185178	35.46790463491	309.32294184	36.50301077812	311.511109877	37.39721737713	275.234888915	36.17354308324	279.578460342	36.65814207195	268.616316923	38.21723349216	266.886149444	36.70390391117	264.637169183	36.79218659368	260.751229457	36.9241194989	263.250346366	38.201538619310	257.651436602	37.322813943311	258.09080695	37.712106858212	268.919448339	39.874098456413	283.621165583	37.55868857814	254.679666913	37.106460433715	252.284418542	37.25620643416	256.415426339	38.359996335917	258.457045268	36.550400458718	251.446369268	36.635728016119	252.879179846	36.930199246620	252.505412505	36.536574992621	255.014491737	36.759749451122	246.985853695	37.231398827623	247.333114026	36.676503741924	246.130595652	37.3002647727

{'test': [35.467904634875119,
          36.503010778127802,
          37.397217377069055,
          36.173543083219222,
          36.658142071894645,
          38.217233492144189,
          36.703903911149602,
          36.792186593561887,
          36.924119497986347,
          38.201538619344774,
          37.322813943266389,
          37.712106858225404,
          39.874098456397093,
          37.558688577966883,
          37.106460433690501,
          37.256206434014302,
          38.359996335911795,
          36.550400458748591,
          36.635728016058344,
          36.930199246619736,
          36.536574992580256,
          36.759749451146988,
          37.231398827645009,
          36.676503741937381,
          37.3002647727415],
 'train': [298.88918517779109,
           309.32294184003297,
           311.51110987715538,
           275.23488891487483,
           279.57846034226395,
           268.61631692346299,
           266.88614944434408,
           264.63716918291817,
           260.75122945730175,
           263.25034636614794,
           257.65143660190211,
           258.09080695033327,
           268.91944833896076,
           283.62116558299317,
           254.67966691262887,
           252.28441854204556,
           256.41542633877646,
           258.45704526750029,
           251.4463692679457,
           252.87917984567628,
           252.50541250505131,
           255.01449173692501,
           246.98585369526614,
           247.3331140259032,
           246.13059565219748]}


epoch	train err	test err0	301.138434386	34.85803707981	293.177659118	34.6337305832	293.00810002	35.39062388823	281.654138299	31.6478643414	313.182906726	35.65967345795	275.23509621	31.55091536926	274.163670117	31.70032574287	273.364978503	31.70825489978	272.805343894	31.82992293289	275.842768012	32.504275823110	273.250267788	32.169830793311	269.11219869	31.897377546412	269.941306283	32.179909997213	266.899973098	32.015897911614	272.54416226	33.016250459515	264.28588776	32.095029582116	266.730423491	32.678443428417	262.434286908	32.723273843518	278.948964838	34.702747573319	259.140931392	32.667917306820	265.478044393	33.871892208821	297.135109378	37.328443499222	254.552772158	33.038262120223	260.92424018	33.911812551624	253.339215235	33.5706532907

{'test': [34.858037079784999,
          34.633730582954939,
          35.390623888158792,
          31.647864341023965,
          35.659673457898435,
          31.550915369160656,
          31.700325742805177,
          31.708254899730491,
          31.829922932757082,
          32.504275823087589,
          32.169830793266328,
          31.897377546366158,
          32.179909997158504,
          32.015897911604725,
          33.016250459546924,
          32.095029582120773,
          32.678443428380859,
          32.723273843461513,
          34.702747573282778,
          32.667917306758184,
          33.87189220882982,
          37.328443499180807,
          33.038262120161079,
          33.911812551614439,
          33.570653290725595],
 'train': [301.13843438555301,
           293.17765911755987,
           293.00810001985644,
           281.65413829869038,
           313.18290672594469,
           275.23509621005462,
           274.16367011722394,
           273.36497850309769,
           272.80534389398531,
           275.84276801200787,
           273.2502677879524,
           269.11219869005123,
           269.94130628281181,
           266.89997309755876,
           272.54416225986296,
           264.28588775974822,
           266.73042349139899,
           262.43428690844962,
           278.94896483768417,
           259.14093139204658,
           265.47804439284539,
           297.13510937819569,
           254.55277215821732,
           260.92424017962463,
           253.33921523488283]}


epoch	train err	test err0	314.207394306	34.98824528831	288.835976648	32.92197822712	278.090270778	32.5170157693	273.171445342	31.67557406184	272.447238966	31.7242063595	274.308957245	32.0933101056	269.96476869	31.21741891977	268.983894979	30.84051356678	269.112117531	30.67555996839	267.013704198	30.445682344610	271.70873582	30.397817323211	278.661707285	32.530464278912	294.45730837	31.737908888713	263.580339356	30.407346911314	261.736261415	29.776395248615	260.74196405	29.822771531916	259.701669461	29.66960335217	277.667841414	30.079339914518	310.074179824	32.534149581219	268.92401154	29.223214103520	256.73685135	28.671921943621	285.3926457	30.315111579822	260.766522684	29.701528189523	258.593319901	28.311610510424	253.506034437	28.1866688713

{'test': [34.98824528829109,
          32.921978227147136,
          32.517015768991818,
          31.67557406181631,
          31.724206358985803,
          32.093310105025736,
          31.217418919686704,
          30.84051356669967,
          30.675559968337254,
          30.445682344558776,
          30.397817323231873,
          32.53046427892528,
          31.737908888660776,
          30.40734691130011,
          29.776395248606406,
          29.822771531885017,
          29.669603352045222,
          30.079339914498533,
          32.53414958124349,
          29.223214103486864,
          28.671921943566119,
          30.315111579826645,
          29.70152818950352,
          28.311610510388288,
          28.186668871307628],
 'train': [314.20739430605335,
           288.8359766476072,
           278.09027077755064,
           273.17144534169449,
           272.44723896573305,
           274.30895724549919,
           269.9647686897211,
           268.9838949787914,
           269.11211753097757,
           267.01370419835331,
           271.70873581997205,
           278.6617072854005,
           294.45730836995818,
           263.58033935618016,
           261.73626141470658,
           260.74196404976789,
           259.70166946129211,
           277.66784141375257,
           310.07417982430644,
           268.92401153999594,
           256.73685135016638,
           285.3926457000299,
           260.76652268357259,
           258.59331990096723,
           253.50603443738342]}
