

epoch	train err	test err0	307.352276206	31.43698305711	305.836355467	31.46737623012	300.108820148	30.5179982273	296.616841115	30.66714644814	292.911151621	30.76534426815	281.904267041	28.14294742866	276.35152966	28.28623370097	272.245722232	28.03135067498	269.075765954	27.5271597969	266.794773422	27.39547609510	265.120260331	28.028707825111	269.358529514	29.323069006912	262.566798332	27.986918442513	263.846025252	28.505401034914	261.715849585	28.218973990215	260.15049788	26.92328904716	257.777030121	27.482094288517	273.200527575	30.607890491518	256.786684471	26.857933393819	255.248115496	27.326469010120	258.065486693	28.244423412721	260.705012724	28.770576840222	256.828881932	26.58513653423	254.09385045	26.512203510324	266.873669546	30.046165660725	255.77435164	28.315111872526	249.839091159	26.834117678927	249.663522916	27.142155607928	249.302545586	26.562302098529	270.612173183	30.963714818330	254.969977912	26.482546026431	256.206769689	28.743124391732	262.763402975	26.890810883933	245.878737831	26.746534933934	259.668704182	26.773610912535	266.563840093	27.191478002736	248.310590153	26.267679391337	256.245429203	26.541680605538	244.28191797	26.415379307639	247.255758708	27.689799396740	276.195660906	32.050664554341	261.871379235	30.125451116742	244.75006606	26.176534079543	243.452183545	26.18604942144	245.01721412	27.51919328345	241.234162435	26.475065773146	252.015198368	28.833443109147	241.688124092	26.943432736948	249.51094986	28.442312149749	245.370489013	26.108792974350	251.300290009	26.364703736751	270.895192633	27.60934467352	239.336267507	26.391235234853	244.25594962	27.676548814554	243.205928547	26.062770780355	239.218311506	26.052144993556	239.398414919	26.701385616257	238.350710732	26.361210953358	257.22277266	29.738595688859	246.924245885	28.191572863760	239.736732444	25.905069026761	259.475736404	26.855696057562	239.529297636	26.988824325463	237.705662524	26.512567140164	247.486675944	26.1354266751

{'test': [31.436983057147209,
          31.467376230104673,
          30.517998227029231,
          30.667146448108127,
          30.765344268089727,
          28.142947428560092,
          28.286233700887891,
          28.031350674946196,
          27.52715979604729,
          27.395476094989064,
          28.028707825054166,
          29.323069006917848,
          27.986918442496002,
          28.505401034916602,
          28.218973990226878,
          26.92328904698358,
          27.482094288514432,
          30.607890491468442,
          26.857933393819685,
          27.326469010100936,
          28.244423412670752,
          28.770576840207458,
          26.585136533961006,
          26.51220351032649,
          30.046165660738989,
          28.315111872472396,
          26.834117678899908,
          27.142155607905682,
          26.562302098476444,
          30.96371481830975,
          26.482546026390626,
          28.743124391672008,
          26.890810883900869,
          26.746534933915814,
          26.773610912468271,
          27.191478002748159,
          26.267679391285753,
          26.541680605451955,
          26.415379307635313,
          27.689799396671994,
          32.050664554345673,
          30.125451116713073,
          26.176534079514152,
          26.186049421034678,
          27.519193282987679,
          26.475065773052616,
          28.833443109106,
          26.943432736888347,
          28.442312149678934,
          26.108792974336982,
          26.36470373673481,
          27.609344673047094,
          26.39123523484913,
          27.676548814477702,
          26.062770780318495,
          26.052144993493954,
          26.701385616208178,
          26.361210953297196,
          29.738595688835865,
          28.191572863687231,
          25.905069026674518,
          26.855696057525467,
          26.988824325360046,
          26.512567140056106,
          26.135426675118673],
 'train': [307.35227620599107,
           305.83635546728891,
           300.10882014754208,
           296.61684111473187,
           292.91115162058054,
           281.90426704073872,
           276.35152966013175,
           272.24572223189273,
           269.07576595420971,
           266.79477342204575,
           265.12026033091348,
           269.35852951367093,
           262.56679833162667,
           263.84602525229468,
           261.71584958478314,
           260.15049788046412,
           257.77703012139062,
           273.20052757516123,
           256.78668447136403,
           255.24811549619662,
           258.06548669303999,
           260.70501272388776,
           256.82888193195083,
           254.09385044986627,
           266.87366954631347,
           255.77435164039684,
           249.83909115858751,
           249.66352291601254,
           249.30254558599631,
           270.61217318260753,
           254.96997791179612,
           256.20676968889558,
           262.76340297505976,
           245.8787378305293,
           259.6687041819909,
           266.56384009335017,
           248.31059015271117,
           256.24542920260308,
           244.28191797011485,
           247.25575870830113,
           276.19566090638892,
           261.87137923527933,
           244.75006605952075,
           243.45218354548663,
           245.01721412033527,
           241.23416243512381,
           252.01519836773451,
           241.68812409217747,
           249.51094985978429,
           245.37048901345258,
           251.3002900088531,
           270.89519263306482,
           239.33626750718514,
           244.25594962035279,
           243.20592854655979,
           239.21831150598436,
           239.39841491924687,
           238.35071073228789,
           257.22277266005273,
           246.9242458854504,
           239.73673244396107,
           259.47573640415277,
           239.52929763611027,
           237.7056625238707,
           247.48667594416594]}


epoch	train err	test err0	304.438790991	36.9833116841	294.02811397	38.96380191412	293.160818333	37.93066960553	287.880734909	38.42477328224	281.78935058	38.74339091355	275.195097781	37.30720539766	268.024787557	37.93508052797	264.855334454	40.19183066218	261.474538929	40.70656391529	256.357597069	40.092217195710	273.087415754	36.498373283111	250.22827217	39.368377788412	252.212918027	41.327724191713	247.817570605	39.343812223714	246.778623523	39.373009095715	246.899478177	38.20581411716	254.262989079	36.972788646917	244.150018644	39.240326511818	256.124484817	36.6003268219	244.388906343	40.461123906820	244.945574968	37.511016946621	241.48503565	38.875299883322	241.732421287	39.592340222323	241.116368813	39.685495793624	241.076510317	37.477352175725	239.490106165	39.243897470626	255.440875512	35.702173622427	242.085074454	36.704414490928	237.820107432	38.100397926229	237.451776503	38.325392584530	257.017503754	44.547290522631	238.734804903	36.474978423732	252.47342157	35.102901967633	245.999447131	42.108782467334	235.395333771	38.005841639435	236.310717968	36.628773215936	250.188549167	34.906599162437	234.623303278	36.898904241838	234.180698305	37.096633821439	233.80250032	38.038897221640	235.250223148	36.067341496441	238.8283299	35.260938228742	233.807001864	38.360636009143	233.919868721	38.669493046744	233.23083127	38.271249538145	237.655943092	34.949299885646	237.891465536	40.194066877347	231.477021713	36.802235366348	237.922039136	40.258148390749	259.848691402	33.770629765550	241.62745241	41.307789460551	235.376075197	34.755697164652	230.402816742	36.806533503553	230.22561344	36.549161033154	234.272371831	34.813759444255	241.051431604	34.01503737456	229.958151657	36.045694473257	249.014623749	33.641486548958	229.723441619	37.356445158159	230.083324608	37.665646203360	244.065269068	42.321200640261	229.663609824	37.583280746962	229.156616366	37.248558828663	228.630813614	36.166875345664	250.988877317	33.3600615627

{'test': [36.98331168402116,
          38.963801914050023,
          37.930669605543315,
          38.42477328222553,
          38.743390913514752,
          37.307205397626156,
          37.935080527889824,
          40.191830662092897,
          40.706563915173874,
          40.092217195728267,
          36.498373283117182,
          39.368377788379455,
          41.327724191717905,
          39.343812223694556,
          39.373009095659228,
          38.205814116951679,
          36.972788646865126,
          39.240326511804547,
          36.600326819960685,
          40.461123906833315,
          37.511016946644084,
          38.875299883311001,
          39.592340222339999,
          39.685495793641529,
          37.477352175740016,
          39.243897470625932,
          35.702173622401716,
          36.704414490900874,
          38.100397926190837,
          38.325392584523257,
          44.547290522552601,
          36.474978423659209,
          35.102901967623779,
          42.108782467317575,
          38.005841639358316,
          36.62877321590684,
          34.906599162405101,
          36.898904241782489,
          37.09663382139415,
          38.038897221621525,
          36.067341496410037,
          35.26093822867923,
          38.360636009149552,
          38.669493046669167,
          38.271249538056452,
          34.949299885586065,
          40.19406687728916,
          36.80223536626422,
          40.258148390700683,
          33.77062976547861,
          41.30778946053033,
          34.755697164587623,
          36.80653350353726,
          36.549161033109449,
          34.813759444227323,
          34.015037373995263,
          36.045694473183154,
          33.641486548899387,
          37.356445158144538,
          37.66564620332872,
          42.321200640242779,
          37.583280746853944,
          37.248558828560419,
          36.166875345636583,
          33.36006156272304],
 'train': [304.4387909913529,
           294.02811396993553,
           293.16081833254896,
           287.88073490908471,
           281.78935058015787,
           275.19509778055004,
           268.02478755747757,
           264.85533445431781,
           261.47453892871272,
           256.35759706865417,
           273.08741575374086,
           250.22827217006349,
           252.21291802655173,
           247.8175706050622,
           246.77862352262696,
           246.89947817658017,
           254.26298907914182,
           244.15001864399662,
           256.12448481721361,
           244.3889063427012,
           244.94557496763909,
           241.48503564985077,
           241.73242128701651,
           241.11636881314547,
           241.07651031709131,
           239.49010616543958,
           255.44087551213133,
           242.08507445446455,
           237.82010743225362,
           237.45177650289423,
           257.01750375433954,
           238.73480490327259,
           252.47342156958271,
           245.99944713149983,
           235.39533377053215,
           236.31071796844344,
           250.18854916714355,
           234.62330327847232,
           234.1806983051394,
           233.80250031991974,
           235.25022314751706,
           238.8283299002795,
           233.80700186378931,
           233.91986872147709,
           233.23083127034209,
           237.65594309200452,
           237.8914655357928,
           231.4770217127784,
           237.92203913629336,
           259.84869140224077,
           241.62745241017453,
           235.37607519683837,
           230.40281674236377,
           230.22561344019161,
           234.27237183066237,
           241.05143160416219,
           229.95815165697104,
           249.01462374869675,
           229.7234416188461,
           230.08332460761167,
           244.06526906804362,
           229.6636098242748,
           229.15661636583783,
           228.63081361383846,
           250.98887731699139]}


epoch	train err	test err0	306.104761296	34.15071551111	308.539617066	34.41428865682	304.482879855	33.97575002943	303.061748964	33.79805513874	307.362713908	34.29259315225	300.191156927	33.4679228936	299.71000789	33.4083809517	291.869192521	32.43185796288	287.275785953	31.88040148959	288.615509491	31.567365973510	277.397424536	30.577303023711	275.175038424	29.768666907912	270.957258939	29.237720826713	275.029302577	30.379196897114	269.16592971	28.352081434315	265.17064778	28.131989968616	263.887449485	28.504812157917	261.970320001	27.976791573418	263.862741502	27.539016300219	274.826466584	27.98629515120	258.908153261	27.355142823221	257.855708256	27.534786786422	257.86585375	27.132647565923	259.74028238	28.264354745524	299.505881463	29.846876410225	258.546529363	28.159186613426	264.673793518	29.167543798527	274.325542724	27.762063156428	257.125037787	28.089221508429	253.140913077	27.402821421330	251.856117339	27.200312642531	256.625757673	26.649390828832	249.871081399	26.906883137433	255.456557342	28.078872777534	250.761985952	26.464302906635	253.710873584	26.476642435236	250.31325166	26.422442657837	248.386502641	26.450694048438	248.333594498	27.124096399639	250.367140408	26.364061353840	250.235842838	27.569299731441	246.041081168	26.852925054542	253.744841528	26.58167046343	256.133468026	26.805192668244	253.399456223	26.615687416945	254.148861291	26.69501022846	245.528911776	27.003890669747	243.004794878	26.540056445648	243.539364991	26.241976932649	243.435009592	26.818139092150	271.212459216	28.291954325751	243.491808332	26.88326870652	245.469564105	26.322783770753	244.47481993	27.119044013754	248.488105521	26.550641871155	240.442136394	26.472307717556	240.157316716	26.457214518357	244.111419949	26.352289333958	241.251184232	26.202661743759	239.679098955	26.474809111560	242.920479943	26.290670266961	243.21480959	27.159866974962	239.173094415	26.220866879563	263.93243196	28.067659796564	241.126342494	26.3025382005

{'test': [34.150715511111052,
          34.414288656808466,
          33.975750029397844,
          33.798055138681377,
          34.29259315220397,
          33.467922893019384,
          33.40838095103576,
          32.431857962812728,
          31.880401489521187,
          31.567365973494926,
          30.577303023705621,
          29.76866690794747,
          29.237720826720373,
          30.379196897082096,
          28.352081434273291,
          28.131989968555587,
          28.504812157902062,
          27.976791573399971,
          27.539016300226482,
          27.986295150988681,
          27.355142823163597,
          27.534786786444386,
          27.132647565939028,
          28.264354745470857,
          29.846876410204732,
          28.159186613434883,
          29.167543798508273,
          27.762063156426233,
          28.089221508372351,
          27.402821421327054,
          27.200312642470884,
          26.649390828821478,
          26.906883137434338,
          28.078872777489213,
          26.464302906618091,
          26.476642435196098,
          26.42244265777251,
          26.450694048417613,
          27.12409639962047,
          26.364061353826735,
          27.569299731351808,
          26.852925054506567,
          26.581670463035941,
          26.805192668201911,
          26.615687416862041,
          26.695010228011572,
          27.003890669749957,
          26.540056445556115,
          26.241976932581164,
          26.818139092135365,
          28.291954325706666,
          26.883268706007076,
          26.322783770743484,
          27.119044013704301,
          26.55064187106225,
          26.47230771749987,
          26.457214518345168,
          26.35228933385368,
          26.202661743744578,
          26.474809111451695,
          26.290670266939703,
          27.159866974896048,
          26.220866879548389,
          28.067659796473645,
          26.302538200464912],
 'train': [306.1047612958447,
           308.53961706599995,
           304.48287985487087,
           303.06174896375086,
           307.36271390787772,
           300.19115692671164,
           299.71000788951631,
           291.86919252098659,
           287.27578595286673,
           288.61550949100445,
           277.39742453564571,
           275.17503842422849,
           270.95725893925612,
           275.0293025768737,
           269.16592971044383,
           265.170647779744,
           263.88744948496981,
           261.97032000118622,
           263.86274150152093,
           274.82646658371073,
           258.90815326096862,
           257.85570825610813,
           257.86585374985344,
           259.74028237980525,
           299.50588146285912,
           258.54652936315392,
           264.67379351778118,
           274.32554272447857,
           257.12503778736573,
           253.14091307652541,
           251.85611733865747,
           256.62575767315417,
           249.87108139901869,
           255.45655734208319,
           250.76198595224005,
           253.71087358405694,
           250.31325166033366,
           248.38650264065166,
           248.33359449818974,
           250.36714040802514,
           250.23584283773732,
           246.04108116788879,
           253.74484152751955,
           256.13346802561824,
           253.399456222932,
           254.14886129088629,
           245.52891177607813,
           243.00479487838174,
           243.53936499057738,
           243.43500959155264,
           271.21245921584136,
           243.49180833201621,
           245.46956410492908,
           244.47481993038281,
           248.48810552124928,
           240.44213639425723,
           240.15731671593662,
           244.11141994872065,
           241.25118423198833,
           239.67909895513654,
           242.92047994317005,
           243.21480958950909,
           239.17309441470033,
           263.93243196015055,
           241.12634249353218]}
