

epoch	train err	test err0	289.808196185	31.01972992921	294.070777487	30.42227491332	288.744996864	30.0661484113	310.047127942	34.00102512914	277.155589286	29.4919629685	284.885200864	29.65161946846	281.046835486	29.41609417167	275.722304235	29.68112568568	275.719948304	29.73913736629	289.05351025	31.534065589910	270.012668925	28.659276393311	269.320521459	28.867948398612	295.479262962	29.521532246713	277.682648027	30.172682497114	267.548156939	28.82618823115	264.414896275	27.965657643216	263.58948649	28.281347375617	280.252264505	28.474845095118	286.030529544	28.623956387919	262.32270138	27.641210377920	262.26697857	28.235917531721	282.730957796	30.762348417622	269.893884081	29.269043681523	265.311510569	28.708848243624	260.134890014	27.282592987425	263.993971261	27.380367998726	265.243370333	28.690808465727	256.665730254	27.429079616528	264.485025875	28.567190799929	270.296751817	27.612515141330	266.990356395	27.365383529631	261.162379029	28.094681945732	271.02156583	29.274427065733	252.607529897	26.776010887834	276.185688237	29.795378321235	268.785257314	27.164066693236	253.97251666	26.629605835137	252.99979837	26.915210634238	251.398815394	26.64559203639	267.968447728	28.811123895840	256.821547909	26.596273149641	254.369236976	27.188275841542	262.074094728	28.127506835343	271.737679263	29.204227382244	261.62323061	26.609537268945	254.516852989	26.329654917846	265.94662566	26.655763819847	249.952545516	26.661377149348	253.60076267	26.180669885349	252.05270031	26.820327954450	257.715541541	26.154803757551	268.775241847	28.660391710152	247.669757227	25.859186570953	252.889902486	25.881640104954	246.244867093	25.727113932155	250.919847853	26.472804438556	259.620848437	26.039871618757	253.913747207	26.9370694458	257.744608293	25.864160090359	245.595354278	25.516485379960	248.249583687	25.495542010661	250.387190348	26.477689774962	277.100986029	26.834262874263	252.003904459	25.683976115264	246.629461922	25.377493626965	243.07461286	25.513238382366	242.09048979	25.300351661767	241.787425322	25.20893848768	248.818291872	26.126762529969	249.388922614	25.226799751270	244.319510723	24.981656080571	262.925310422	27.545798360172	251.543420136	26.442907569473	251.526923602	24.99911029174	262.633313193	27.569585448175	239.711628566	24.940788165676	258.659824165	25.389750795677	241.345455573	25.15550267378	246.842164109	25.725907815179	239.938192841	24.797496460880	241.655273701	24.522213598181	240.142000919	24.671131033182	239.281689501	24.566264472983	254.880233261	24.993492255384	239.701497304	24.706451853285	237.828019217	24.406690847786	247.682165291	25.723402983387	239.541433365	24.762574610988	247.202276812	25.454862967689	238.180205483	24.092081609990	237.435945068	24.146157462891	236.020413003	24.079491176392	239.230305682	24.554266796293	242.560060507	24.208233076194	236.163645342	24.082695750795	236.385764872	24.224978562796	241.903334319	24.109466307297	241.072353501	24.137280350498	252.347916914	25.960736020599	279.854521207	28.3418957382100	258.818748785	26.5717406607101	233.762840847	23.6630796748102	235.090033197	23.9018145543103	242.114474064	24.5810463201104	234.887533211	23.8752026806

{'test': [31.019729929170257,
          30.422274913323403,
          30.066148410988195,
          34.001025129118716,
          29.491962967967773,
          29.651619468445819,
          29.416094171633169,
          29.681125685646521,
          29.739137366244535,
          31.534065589908813,
          28.659276393339411,
          28.867948398583078,
          29.521532246668205,
          30.172682497050673,
          28.826188231040121,
          27.965657643217192,
          28.281347375635466,
          28.47484509510625,
          28.623956387919037,
          27.641210377929806,
          28.235917531747077,
          30.762348417596534,
          29.269043681475537,
          28.708848243576881,
          27.282592987354857,
          27.38036799865376,
          28.690808465653593,
          27.429079616512311,
          28.5671907999062,
          27.612515141295759,
          27.365383529568629,
          28.094681945747439,
          29.274427065688833,
          26.776010887798599,
          29.795378321209231,
          27.164066693216501,
          26.629605835084352,
          26.915210634211533,
          26.645592035992493,
          28.811123895793457,
          26.596273149631344,
          27.188275841467675,
          28.127506835294625,
          29.20422738221998,
          26.609537268924374,
          26.329654917799502,
          26.655763819798917,
          26.661377149301842,
          26.180669885313165,
          26.820327954396266,
          26.15480375746003,
          28.660391710130469,
          25.859186570946278,
          25.881640104863092,
          25.727113932084677,
          26.472804438517848,
          26.039871618678973,
          26.937069439970546,
          25.864160090283665,
          25.516485379857755,
          25.495542010618959,
          26.477689774927647,
          26.834262874184528,
          25.683976115240849,
          25.377493626936847,
          25.513238382285905,
          25.30035166171897,
          25.208938487032619,
          26.126762529891685,
          25.226799751160421,
          24.981656080509122,
          27.545798360080891,
          26.442907569438319,
          24.999110291045927,
          27.569585448116921,
          24.940788165607337,
          25.389750795646972,
          25.155502672998136,
          25.725907815126472,
          24.79749646078778,
          24.522213598079027,
          24.671131033112133,
          24.566264472936513,
          24.993492255262979,
          24.706451853227293,
          24.406690847736101,
          25.723402983327802,
          24.762574610921209,
          25.454862967593279,
          24.092081609852176,
          24.146157462754157,
          24.079491176311116,
          24.554266796186869,
          24.208233076103372,
          24.082695750709028,
          24.224978562658759,
          24.109466307247526,
          24.137280350388362,
          25.960736020518052,
          28.341895738242894,
          26.57174066074203,
          23.663079674758968,
          23.901814554314274,
          24.581046320054362,
          23.875202680649878],
 'train': [289.80819618538277,
           294.07077748682423,
           288.74499686360161,
           310.0471279415994,
           277.15558928648875,
           284.88520086449427,
           281.04683548586468,
           275.72230423524041,
           275.71994830402451,
           289.05351025044388,
           270.01266892454322,
           269.32052145921466,
           295.47926296212984,
           277.68264802661326,
           267.54815693858006,
           264.41489627480615,
           263.58948648970278,
           280.25226450454812,
           286.03052954369917,
           262.3227013799613,
           262.2669785703236,
           282.73095779560134,
           269.89388408075627,
           265.31151056854748,
           260.1348900141644,
           263.99397126134215,
           265.24337033296638,
           256.66573025351983,
           264.48502587491623,
           270.29675181672008,
           266.99035639508014,
           261.16237902942629,
           271.02156583003443,
           252.60752989729269,
           276.18568823734796,
           268.78525731379767,
           253.9725166600725,
           252.99979837037296,
           251.39881539404766,
           267.96844772792667,
           256.82154790891849,
           254.36923697609578,
           262.07409472799503,
           271.73767926302031,
           261.62323061009135,
           254.51685298853306,
           265.94662566034071,
           249.95254551629776,
           253.60076266966792,
           252.05270030996414,
           257.7155415413535,
           268.77524184736973,
           247.66975722737141,
           252.88990248586398,
           246.24486709254529,
           250.91984785306943,
           259.62084843661029,
           253.91374720670643,
           257.74460829340705,
           245.59535427826526,
           248.24958368662055,
           250.38719034752938,
           277.1009860293135,
           252.00390445875459,
           246.62946192248893,
           243.07461286001507,
           242.09048979039289,
           241.78742532185311,
           248.81829187160881,
           249.38892261440517,
           244.31951072285662,
           262.92531042234594,
           251.54342013573083,
           251.52692360194675,
           262.63331319264387,
           239.71162856575279,
           258.65982416484644,
           241.34545557324978,
           246.84216410875442,
           239.93819284068448,
           241.65527370070635,
           240.14200091924593,
           239.28168950106397,
           254.88023326116266,
           239.70149730359384,
           237.82801921676187,
           247.68216529116589,
           239.54143336535898,
           247.20227681201203,
           238.18020548269283,
           237.4359450682831,
           236.02041300339198,
           239.23030568158819,
           242.56006050724179,
           236.1636453423005,
           236.38576487239484,
           241.90333431922753,
           241.07235350145956,
           252.34791691366178,
           279.85452120715451,
           258.81874878514014,
           233.76284084673418,
           235.0900331967149,
           242.11447406366156,
           234.88753321118546]}


epoch	train err	test err0	292.432138847	34.09145103441	278.435228889	33.15982932032	276.908593749	33.45645339553	326.810359874	36.77338926084	269.534483949	32.99374755245	273.926631386	33.10069655956	263.768947085	33.42838613267	267.20714901	32.88768870488	308.387998603	35.44984789399	263.406558521	34.219223976110	274.296336757	35.406898000911	263.243645443	32.413670410112	257.227214313	32.892822800913	255.671996846	32.863359114414	253.701527454	33.460611523315	287.14255967	37.701080197116	273.176931015	33.279760511917	287.879559654	37.236222016418	253.303348614	34.570293066419	250.030017366	33.398114701620	252.664629541	33.453458968821	248.923566138	33.437927471222	247.623500191	33.159500108423	261.870624641	34.442388265724	256.486425648	33.765740996925	254.858830001	33.567812496726	252.102412308	32.294146919227	257.616779995	32.256302152128	269.7747161	33.294647276229	269.369384102	35.576896114730	248.065063376	32.162435045531	243.155632223	32.529473720732	242.924645612	32.178645747933	242.911968813	32.539220672734	268.303368194	35.35993317635	243.353975624	33.236436111936	253.656402958	35.311827544537	250.995986805	32.34522757338	247.412275548	33.551574288839	270.998024655	33.497072816740	241.835756781	32.226428214141	242.136116676	33.380810043442	243.692052533	34.03220613843	270.112798254	36.249334900544	252.262665957	34.383690042345	238.577678165	32.399944251146	242.117523302	33.526718403347	237.60937463	32.266094176148	238.366294458	32.04844455249	251.202633962	34.526588916850	247.412739936	33.714532857751	237.525809283	32.918233263252	239.195118679	32.380285323253	244.342326936	32.290257178754	237.734938345	32.1630131755	248.559183164	34.162494625556	241.703208501	34.27439064157	241.969872347	33.644588919558	247.924592567	33.792192468959	249.584476938	34.324650722160	235.431889919	31.862219297561	233.378276422	31.997531881862	239.705523499	32.44005463863	233.670706292	31.294385961764	235.652429941	32.070509486765	235.029072353	31.798571660166	236.543435441	32.548692417567	233.879528836	33.317435717168	254.077963861	32.498988855569	260.597707413	35.805522581770	236.272956657	31.839421688471	231.30542514	32.413455968872	234.858378776	32.119086473	236.645139607	33.000704710374	229.416722448	31.826673533675	238.954820649	33.161657424976	229.431339344	32.230624654577	242.652500405	31.435406625378	228.561879825	32.342963591979	255.439687224	35.914745796580	244.911947491	33.720312521381	242.803425763	32.92297324882	243.524051098	31.907055952383	245.222879436	32.33713848184	231.711175739	32.187435068885	263.414038571	33.639930204286	225.54053265	31.10923131887	225.965919046	30.890187027388	227.453820367	32.138294953889	252.116904108	32.875263275990	223.807795311	31.591581849791	226.640833669	30.189700357292	245.08605061	33.633656997793	236.30733242	31.297754093994	246.767200191	34.169491493495	222.212356578	30.779339202596	223.416230562	31.616923038797	236.726459584	33.677681262698	241.732920281	33.488519606899	223.956152174	30.3575169624100	221.320903983	30.4669100742101	233.574333821	32.2800903569102	220.943689681	30.7788028627103	222.281617854	31.4458993393104	222.715562785	30.5337134516

{'test': [34.091451034358215,
          33.159829320283279,
          33.45645339547999,
          36.773389260769243,
          32.993747552364418,
          33.10069655951186,
          33.428386132572719,
          32.887688704807509,
          35.449847893913031,
          34.219223976071561,
          35.406898000915056,
          32.41367041008813,
          32.89282280085461,
          32.863359114437195,
          33.460611523296748,
          37.701080197069615,
          33.279760511930569,
          37.236222016403211,
          34.570293066350409,
          33.398114701579253,
          33.453458968789697,
          33.437927471164436,
          33.159500108390034,
          34.44238826570966,
          33.765740996890194,
          33.567812496734639,
          32.294146919210192,
          32.256302152126942,
          33.294647276207435,
          35.576896114717172,
          32.162435045495343,
          32.529473720670161,
          32.178645747942113,
          32.539220672713277,
          35.359933175988282,
          33.236436111930175,
          35.3118275444549,
          32.34522757299866,
          33.551574288817662,
          33.497072816748357,
          32.226428214096295,
          33.380810043413241,
          34.032206137958354,
          36.249334900479802,
          34.383690042256106,
          32.399944251088058,
          33.526718403301039,
          32.266094176051681,
          32.048444551969418,
          34.526588916795532,
          33.714532857657915,
          32.918233263197436,
          32.380285323244237,
          32.290257178744966,
          32.163013169954503,
          34.16249462552166,
          34.274390641042366,
          33.644588919476313,
          33.792192468921783,
          34.324650722132318,
          31.862219297474351,
          31.997531881826781,
          32.440054638015198,
          31.294385961662204,
          32.070509486743944,
          31.798571660080054,
          32.548692417488027,
          33.317435717132831,
          32.498988855525937,
          35.805522581659517,
          31.839421688384547,
          32.413455968815278,
          32.11908640003282,
          33.000704710316676,
          31.826673533622127,
          33.161657424881888,
          32.230624654512752,
          31.435406625283072,
          32.342963591862606,
          35.914745796522105,
          33.720312521341512,
          32.922973248028498,
          31.907055952257423,
          32.337138481006264,
          32.187435068750908,
          33.639930204154346,
          31.109231317958063,
          30.890187027269413,
          32.138294953778207,
          32.875263275896756,
          31.591581849651249,
          30.189700357213063,
          33.633656997690075,
          31.297754093937414,
          34.169491493415919,
          30.779339202466293,
          31.616923038654008,
          33.677681262583832,
          33.488519606803592,
          30.357516962364379,
          30.466910074234466,
          32.28009035688855,
          30.77880286268266,
          31.445899339271946,
          30.533713451572623],
 'train': [292.43213884671081,
           278.43522888885923,
           276.90859374872667,
           326.81035987439191,
           269.53448394879604,
           273.92663138620992,
           263.76894708483428,
           267.20714900959291,
           308.38799860254142,
           263.40655852054425,
           274.29633675739336,
           263.24364544327562,
           257.22721431332286,
           255.67199684615309,
           253.70152745403755,
           287.14255966975827,
           273.1769310147551,
           287.87955965430041,
           253.30334861368635,
           250.03001736579722,
           252.66462954071974,
           248.92356613839442,
           247.62350019142713,
           261.87062464138739,
           256.48642564785285,
           254.8588300011144,
           252.10241230804019,
           257.61677999462495,
           269.77471609970513,
           269.36938410232722,
           248.06506337597469,
           243.15563222285132,
           242.92464561150851,
           242.91196881278216,
           268.30336819391914,
           243.35397562432425,
           253.65640295836238,
           250.99598680503095,
           247.41227554775165,
           270.99802465512175,
           241.83575678092535,
           242.13611667623906,
           243.69205253283414,
           270.11279825406979,
           252.26266595667761,
           238.5776781649524,
           242.11752330221958,
           237.60937463047796,
           238.3662944580723,
           251.2026339618171,
           247.4127399355325,
           237.5258092828218,
           239.1951186791359,
           244.34232693635329,
           237.73493834457224,
           248.55918316384867,
           241.70320850084991,
           241.96987234666378,
           247.92459256651142,
           249.58447693808739,
           235.43188991886262,
           233.37827642232045,
           239.70552349865744,
           233.67070629244785,
           235.65242994111577,
           235.02907235331989,
           236.5434354413714,
           233.87952883565782,
           254.07796386145287,
           260.59770741341293,
           236.27295665656243,
           231.30542514011026,
           234.85837877563614,
           236.64513960689061,
           229.41672244830607,
           238.95482064932204,
           229.4313393440203,
           242.65250040500777,
           228.56187982452496,
           255.439687223943,
           244.91194749131643,
           242.80342576342156,
           243.52405109799565,
           245.22287943638898,
           231.71117573873164,
           263.41403857076915,
           225.54053265042023,
           225.96591904607806,
           227.4538203674621,
           252.11690410795319,
           223.80779531086552,
           226.64083366922051,
           245.08605060974278,
           236.30733242020966,
           246.76720019081432,
           222.21235657830826,
           223.41623056160012,
           236.72645958402143,
           241.73292028093692,
           223.95615217420192,
           221.32090398346591,
           233.57433382118018,
           220.94368968103635,
           222.28161785353532,
           222.71556278543872]}


epoch	train err	test err0	290.62743025	33.55240611641	282.290483796	32.3318701012	361.974473895	37.57810275043	293.676881811	32.82892728014	283.822877293	31.84349035985	281.931775881	28.985893776	295.380694436	32.34817561377	286.898946139	31.87047309828	293.70536067	32.21121469289	273.830099679	30.162872048810	278.411133851	30.906008879111	269.283214517	29.211864852412	277.336975712	28.045458755313	292.347293885	31.737975414914	277.634483661	30.701922740915	270.911086174	27.777919138116	275.734625494	30.185577659717	264.115982185	27.666586592618	268.141159351	26.983802113419	262.720201416	27.756073950220	273.147762992	27.492458332821	295.229164096	29.297280225222	274.08542584	26.856425672623	263.496248757	26.546882195624	261.599687395	27.728129502425	261.968204389	28.100615120526	266.123952302	26.380177376827	266.502380194	26.377947415128	264.921173477	28.431617021329	261.9247687	26.437487465630	260.63122357	27.443727787631	257.187839411	25.923872270632	259.276004032	27.303306847733	258.585398463	25.582331802934	276.268935374	27.233061955835	262.690171799	25.799100977136	262.469815914	27.784332238637	263.724415946	27.829487621938	254.601427304	25.817264736739	282.170740491	29.762693687740	259.914330807	25.554667279341	254.975893197	25.244230532942	264.478006775	27.941449410243	262.694765166	27.758597020744	263.06432771	27.68438619745	254.174787224	25.775567940746	256.361488051	24.865559929547	255.4197385	25.219775657448	251.484067926	25.320540202249	253.874801283	25.962932614950	251.02197055	25.392199309251	255.039256051	24.60126649452	250.216985355	25.214453254453	250.337436972	24.687129732654	281.126538331	29.32179137155	262.077824136	25.126766219456	251.162470885	26.012871468357	274.404903955	28.661148279258	248.625766441	24.693286950659	250.098557157	25.56960555260	254.932101221	24.3817046361	260.996328443	24.689259790962	248.350540738	24.98612306163	258.82885979	26.625640260164	269.337730683	25.479637655665	256.06515675	26.403238707866	260.178478568	26.951062809367	260.212460941	26.891218718168	263.733709761	27.295458881269	249.843141587	23.489660530370	249.93129711	23.813016978971	245.974907783	23.788020660972	263.305664407	27.156504573	247.674531481	25.011531086174	246.250291151	23.396372928175	250.407981533	25.322638172976	244.934499427	24.026480204877	247.804832918	24.941454666478	263.634556031	24.517256278779	265.603344562	24.783035969380	244.792459148	24.277870588681	279.69408511	28.538354636482	284.358922699	26.368081695983	259.273781919	26.587716455384	254.185868992	23.379465723385	242.856173079	23.223488463186	243.299393622	23.652376537287	243.016990744	23.156402899288	247.735665464	22.918325494689	260.405960869	25.977357404590	247.471767058	24.546184810591	249.308395903	25.18001464192	253.330723354	25.547216162493	243.833790738	23.073454013994	259.832475188	26.152976546195	270.320981211	27.091532211596	243.056203627	22.473893133497	242.561249262	22.813382984398	245.429141867	24.469546573699	240.268346158	22.440513028100	241.495150955	22.6032120017101	262.906367066	26.3311563448102	256.059602386	25.5526151082103	266.132036611	24.1199359843104	240.501669856	23.3431853217

{'test': [33.552406116393925,
          32.33187010102727,
          37.578102750372857,
          32.828927280074808,
          31.843490359816336,
          28.985893770029943,
          32.348175613657865,
          31.870473098202005,
          32.211214692753984,
          30.162872048768094,
          30.906008879109439,
          29.21186485237136,
          28.04545875533903,
          31.737975414886812,
          30.701922740876164,
          27.777919138084371,
          30.185577659654871,
          27.666586592570901,
          26.983802113390865,
          27.756073950162627,
          27.492458332823343,
          29.297280225198282,
          26.856425672618801,
          26.546882195573652,
          27.72812950235604,
          28.100615120510511,
          26.380177376806976,
          26.37794741506363,
          28.431617021332258,
          26.437487465594145,
          27.443727787586695,
          25.923872270566466,
          27.303306847679934,
          25.582331802946428,
          27.233061955807813,
          25.799100977128479,
          27.784332238626575,
          27.829487621892969,
          25.817264736683985,
          29.762693687697173,
          25.55466727932285,
          25.244230532915093,
          27.941449410245895,
          27.75859702066705,
          27.684386196978302,
          25.775567940679856,
          24.865559929533994,
          25.219775657372253,
          25.320540202152817,
          25.962932614912017,
          25.392199309182121,
          24.601266494039038,
          25.214453254407573,
          24.68712973264628,
          29.321791371020833,
          25.126766219436767,
          26.012871468275122,
          28.661148279209055,
          24.693286950638555,
          25.569605551985632,
          24.381704629962826,
          24.689259790890969,
          24.986123061010929,
          26.625640260052784,
          25.479637655607426,
          26.403238707763887,
          26.951062809326181,
          26.89121871814298,
          27.295458881192257,
          23.489660530289971,
          23.813016978869793,
          23.788020660936127,
          27.156504500001841,
          25.011531086137538,
          23.396372928111948,
          25.322638172930972,
          24.026480204812717,
          24.941454666433351,
          24.517256278673642,
          24.783035969349029,
          24.277870588639303,
          28.538354636393692,
          26.368081695937121,
          26.587716455337929,
          23.379465723272062,
          23.223488463083349,
          23.652376537212355,
          23.156402899153555,
          22.918325494572663,
          25.977357404534452,
          24.546184810465419,
          25.180014641036053,
          25.547216162355888,
          23.073454013924028,
          26.152976546071606,
          27.091532211455807,
          22.473893133363767,
          22.81338298430509,
          24.46954657358668,
          22.440513027952836,
          22.603212001733223,
          26.331156344796639,
          25.552615108231151,
          24.119935984271006,
          23.343185321703064],
 'train': [290.62743025006586,
           282.29048379628273,
           361.97447389527446,
           293.67688181115506,
           283.82287729345933,
           281.93177588101054,
           295.38069443642343,
           286.89894613920626,
           293.70536067026643,
           273.83009967896157,
           278.41113385112538,
           269.28321451663248,
           277.33697571166704,
           292.34729388489893,
           277.63448366118178,
           270.91108617426653,
           275.73462549391337,
           264.1159821851677,
           268.14115935070572,
           262.72020141647641,
           273.14776299192692,
           295.22916409612861,
           274.08542584001373,
           263.49624875700749,
           261.59968739532002,
           261.96820438897367,
           266.1239523023703,
           266.50238019415798,
           264.92117347713696,
           261.92476869962798,
           260.63122357035428,
           257.18783941139463,
           259.27600403185471,
           258.58539846337521,
           276.26893537391391,
           262.69017179862732,
           262.46981591377875,
           263.72441594581716,
           254.60142730418193,
           282.17074049130156,
           259.91433080672454,
           254.9758931974566,
           264.47800677452341,
           262.69476516586462,
           263.0643277101276,
           254.17478722387105,
           256.3614880508099,
           255.41973850029612,
           251.4840679260723,
           253.8748012834215,
           251.02197054980897,
           255.03925605119875,
           250.21698535514582,
           250.33743697238242,
           281.1265383312097,
           262.07782413602541,
           251.16247088466545,
           274.40490395549722,
           248.62576644098147,
           250.09855715745448,
           254.93210122079233,
           260.99632844270536,
           248.35054073763592,
           258.82885978964146,
           269.33773068335108,
           256.06515674984337,
           260.1784785676179,
           260.21246094117816,
           263.73370976084806,
           249.84314158704845,
           249.93129710994648,
           245.97490778292635,
           263.30566440693894,
           247.67453148087912,
           246.25029115076077,
           250.4079815332899,
           244.93449942710984,
           247.80483291801326,
           263.63455603092285,
           265.60334456161553,
           244.79245914762581,
           279.69408511017161,
           284.35892269861966,
           259.27378191937169,
           254.18586899217118,
           242.85617307921171,
           243.29939362224772,
           243.01699074395134,
           247.73566546425667,
           260.40596086926121,
           247.47176705791648,
           249.30839590332613,
           253.33072335398552,
           243.83379073780404,
           259.83247518771003,
           270.32098121123283,
           243.05620362719884,
           242.56124926190111,
           245.4291418667471,
           240.26834615818143,
           241.49515095460293,
           262.90636706625332,
           256.05960238635117,
           266.13203661133525,
           240.50166985566935]}
