

epoch	train err	test err0	308.663287842	30.25019331281	315.896724049	32.90843211292	289.375671069	28.26509799433	286.252515004	27.44883645044	281.664004802	26.9170577295	286.697624628	28.52147117056	282.93808537	27.91383097397	282.593843133	27.90500445578	282.010995946	26.4169609439	276.788919834	26.877864389910	272.755841746	25.3988131111	275.127186343	25.352048449112	272.22044744	26.060969978813	270.828974468	25.929255567814	328.920959392	33.421084752815	272.682017015	25.263316817416	266.57537811	24.856777076717	274.840382976	26.462721814418	265.653541316	25.085236452719	266.028410884	24.976614273820	287.322911093	28.024571707621	263.670750368	24.603094376322	265.203987592	25.005954315523	263.922373768	25.204496241224	264.703283209	25.397036792625	275.892636424	26.149100103426	283.557119559	27.443313907927	272.642262193	25.912488391128	282.839526634	27.029469379229	262.028721839	25.028502298130	279.587962696	26.724509980131	259.493066801	24.218040482432	273.657973197	26.047182226833	258.335101116	23.923811166134	256.986998181	24.265454242335	265.008083928	24.809141111536	280.474973959	26.998886355537	261.658049259	25.014909591738	264.637210112	25.028128993139	276.053582503	26.512080130840	256.812281758	24.218952375841	255.557354958	24.547933221142	273.445324101	26.163876394943	255.563460085	23.556833742844	255.968436162	23.951938148745	260.918494719	25.000760887346	254.233823267	24.147739875147	253.516949767	24.084793356448	260.307243828	24.864896305949	264.58163061	25.070273633350	281.005937234	26.921289984651	260.175835345	24.388391591352	281.598452995	26.648321290253	319.022533355	30.92270897654	258.594099992	24.856603033855	251.110767286	23.619314952656	254.369653075	24.280814668657	277.727334744	26.4597161858	264.095369205	25.747090633359	251.194143057	22.89472482260	290.616576747	27.835669697361	249.195947049	23.373689851962	250.699285551	23.338971981863	252.149486103	24.138434609464	249.358686532	23.0086470766

{'test': [30.250193312801471,
          32.908432112941838,
          28.265097994307297,
          27.448836450352392,
          26.917057728963432,
          28.521471170473443,
          27.913830973949,
          27.905004455672128,
          26.416960943049411,
          26.87786438991348,
          25.398813110014306,
          25.352048449138177,
          26.060969978834155,
          25.929255567816618,
          33.421084752773346,
          25.263316817381881,
          24.856777076661949,
          26.46272181437331,
          25.085236452663956,
          24.976614273756724,
          28.02457170763838,
          24.60309437630292,
          25.005954315514835,
          25.204496241165337,
          25.397036792577957,
          26.149100103446496,
          27.443313907892808,
          25.912488391054332,
          27.029469379228079,
          25.028502298089339,
          26.724509980116792,
          24.218040482357694,
          26.047182226801066,
          23.923811166095373,
          24.265454242325148,
          24.809141111512144,
          26.998886355455092,
          25.014909591708417,
          25.02812899311845,
          26.512080130809089,
          24.218952375838022,
          24.547933221114171,
          26.163876394911501,
          23.556833742819983,
          23.951938148711591,
          25.000760887313501,
          24.147739875091467,
          24.084793356351096,
          24.864896305889207,
          25.070273633275264,
          26.921289984640552,
          24.388391591251825,
          26.64832129017255,
          30.922708976026392,
          24.856603033787003,
          23.619314952618115,
          24.280814668605213,
          26.45971618003966,
          25.74709063329782,
          22.894724821973295,
          27.835669697277652,
          23.373689851887931,
          23.338971981796938,
          24.138434609385364,
          23.008647076554571],
 'train': [308.66328784160311,
           315.89672404912233,
           289.37567106900991,
           286.25251500401947,
           281.66400480195529,
           286.69762462770956,
           282.93808537028559,
           282.59384313305662,
           282.01099594603971,
           276.78891983404776,
           272.75584174621872,
           275.12718634280412,
           272.22044743973299,
           270.82897446793822,
           328.92095939211282,
           272.68201701521309,
           266.57537810991658,
           274.84038297572209,
           265.65354131631523,
           266.02841088389096,
           287.32291109297051,
           263.67075036828271,
           265.20398759240391,
           263.92237376812102,
           264.70328320875063,
           275.89263642433843,
           283.55711955912875,
           272.64226219331613,
           282.83952663372577,
           262.02872183852935,
           279.58796269568342,
           259.49306680119764,
           273.65797319722674,
           258.33510111638753,
           256.98699818107599,
           265.00808392769488,
           280.47497395945197,
           261.65804925920895,
           264.63721011244172,
           276.0535825028519,
           256.81228175819524,
           255.55735495772169,
           273.44532410058628,
           255.56346008542323,
           255.96843616224396,
           260.91849471870864,
           254.23382326731516,
           253.51694976746356,
           260.30724382785831,
           264.58163061017518,
           281.00593723435668,
           260.17583534471248,
           281.59845299469174,
           319.02253335543168,
           258.59409999230411,
           251.1107672862554,
           254.36965307470021,
           277.72733474422171,
           264.0953692048484,
           251.19414305692783,
           290.61657674682817,
           249.19594704942895,
           250.6992855506216,
           252.14948610265395,
           249.35868653155873]}


epoch	train err	test err0	310.56909826	35.65728626411	320.609757272	35.77052045792	288.349323326	35.28874801853	286.801177492	37.93898070084	282.150423421	34.56034532565	290.839467803	33.52045985276	278.437916762	34.91340251317	286.21147858	32.8710365758	312.85946108	34.31831308059	274.372316446	33.428533916410	273.399825816	34.420937924311	271.757058521	34.034662424612	271.238402918	32.081927175713	269.053056552	33.310166850814	273.599785044	35.593621177215	268.463823809	33.831781341616	266.389807676	33.074254457617	265.772423215	33.152937357218	265.82408186	33.50397474919	268.342104592	31.159247232220	270.712034481	31.101194193721	278.18462892	31.525636745322	259.907233622	31.455275934923	261.570896785	32.84972503924	258.196483136	31.332962518725	257.372561298	31.03676474726	259.672262311	30.48278126227	258.756064993	30.403615494528	255.848988938	31.566976213929	258.916505168	30.209938321730	257.705684865	30.106643432331	264.162600916	34.53533858932	251.645540313	30.29581732233	253.866724035	31.688767751534	250.75266154	29.736850940535	252.70883318	29.623621018836	277.307428116	31.524887437637	261.739188691	34.385668593738	268.009228859	36.549195442139	280.714938884	31.902334487940	251.497348157	31.758208847841	255.443479809	29.776501268742	252.593346527	32.539775696543	247.770035418	29.497523862944	254.620686932	29.586939381345	247.830868706	29.134384496846	250.408003388	29.245164482447	243.107004156	29.440758506748	259.48695526	30.070515105849	248.61579673	32.164408195750	243.803834088	30.798867386151	241.224353545	29.63798311952	241.142434727	30.227357240553	239.950423365	29.803045064854	252.287506152	33.778725957255	254.406028097	29.632944373856	238.736100775	28.866221636257	265.078789699	36.748507016758	237.928941656	28.89935308659	240.707878174	31.452002129860	238.52195025	31.104086886761	236.64922434	30.37904988262	236.37061402	28.753222910263	259.827164397	36.56250566664	257.158849306	35.9479792589

{'test': [35.657286264136545,
          35.770520457889461,
          35.288748018477492,
          37.938980700762038,
          34.560345325611358,
          33.520459852727555,
          34.913402513132006,
          32.871036574976372,
          34.318313080465636,
          33.428533916441339,
          34.420937924278853,
          34.034662424565049,
          32.08192717567492,
          33.310166850823933,
          35.59362117723812,
          33.831781341648522,
          33.074254457583962,
          33.152937357164383,
          33.503974748990061,
          31.159247232213733,
          31.101194193714754,
          31.525636745326722,
          31.455275934860158,
          32.849725039032585,
          31.332962518717917,
          31.036764747043076,
          30.482781262044451,
          30.403615494541306,
          31.566976213912977,
          30.209938321662268,
          30.106643432320599,
          34.535338588960506,
          30.295817322041444,
          31.688767751547111,
          29.736850940535057,
          29.623621018814216,
          31.524887437610467,
          34.385668593663212,
          36.549195442078194,
          31.902334487856642,
          31.758208847820381,
          29.776501268728214,
          32.539775696525126,
          29.497523862923494,
          29.586939381328779,
          29.134384496759129,
          29.245164482361815,
          29.440758506745656,
          30.070515105779862,
          32.164408195709584,
          30.798867386097932,
          29.637983118951524,
          30.227357240487706,
          29.803045064793775,
          33.778725957161157,
          29.63294437376749,
          28.866221636183052,
          36.748507016663524,
          28.899353086049267,
          31.452002129793918,
          31.104086886692013,
          30.379049881990753,
          28.753222910180664,
          36.562505666014182,
          35.947979258880629],
 'train': [310.56909826006751,
           320.60975727191646,
           288.3493233259361,
           286.80117749174713,
           282.15042342140202,
           290.83946780313158,
           278.43791676194002,
           286.21147857965599,
           312.85946108001684,
           274.37231644556687,
           273.39982581625446,
           271.75705852054671,
           271.23840291785046,
           269.05305655182372,
           273.59978504356121,
           268.4638238092773,
           266.38980767585497,
           265.77242321459039,
           265.82408186014464,
           268.34210459232503,
           270.71203448105695,
           278.18462892038787,
           259.90723362234229,
           261.57089678464558,
           258.19648313574737,
           257.37256129791308,
           259.67226231089973,
           258.75606499342905,
           255.84898893758444,
           258.9165051677852,
           257.70568486531107,
           264.16260091593642,
           251.64554031272556,
           253.86672403509371,
           250.75266154022893,
           252.70883318046904,
           277.30742811604546,
           261.73918869096633,
           268.0092288588981,
           280.71493888448413,
           251.49734815741726,
           255.44347980859087,
           252.59334652682406,
           247.77003541826045,
           254.620686932073,
           247.83086870613189,
           250.40800338757813,
           243.1070041557611,
           259.4869552597122,
           248.61579672991758,
           243.80383408845202,
           241.22435354544263,
           241.14243472653718,
           239.95042336501186,
           252.28750615161925,
           254.40602809710543,
           238.73610077501036,
           265.07878969914458,
           237.92894165552218,
           240.70787817400165,
           238.5219502502344,
           236.64922434041483,
           236.37061401973259,
           259.8271643966163,
           257.15884930640351]}


epoch	train err	test err0	325.223964085	35.12834711041	292.338650247	30.4669993222	290.138488974	30.35076513143	288.550875821	29.77406646214	289.196165226	30.34890076655	286.843874496	29.21550698026	289.737710586	29.28026061017	297.308561124	31.76761724198	298.964597693	32.0401078979	294.810845242	31.526513468910	280.222275979	28.701162605811	281.986699905	28.492532937512	280.462390103	29.53384527913	279.087582731	29.393867246214	273.801914792	28.198527532515	280.115057739	27.977932335216	272.698927656	28.466175473617	270.141313391	27.963652254618	269.187370003	27.079815847919	276.315904558	27.480658816820	268.797966017	26.938158966421	287.845733233	30.871765442922	280.517544603	29.939748181523	272.208184574	27.461992471724	265.635219399	27.044520373825	262.84261347	26.981217586126	266.909191567	26.56133365627	263.506156962	27.439669165728	263.448562528	27.518412281629	265.052964361	26.909397154930	287.010437479	30.525012085131	270.364903779	28.524072989132	289.10965639	29.145494410633	257.152162671	26.661184909334	261.246467266	26.652903360735	278.970481516	29.489065796236	265.558050475	27.846259305637	254.290061808	26.057655925638	267.007383266	28.063765200739	263.65980481	26.282253208740	254.068132486	25.688278702241	258.496387536	26.356927471942	253.161264574	26.084298317343	259.330828132	26.954199829244	256.071689651	25.944327446245	251.009127927	26.287059023246	250.491331615	25.988862580947	255.376334444	26.294164410548	278.760510637	29.252868077249	252.825206701	25.761056169850	261.078273225	27.342446462251	249.918748956	25.77568067152	286.00605731	29.712908689753	257.663233854	26.722596487954	248.779961721	25.293553378755	268.369146731	27.593590786956	247.561593151	25.430828345657	252.25144634	25.555812492858	253.021333108	25.935656118859	246.946748254	25.252886050960	259.739409419	26.935892536761	266.89060156	27.151292562762	248.13155125	25.857340414463	246.232460595	25.549458677364	247.135924325	25.6242842508

{'test': [35.128347110404569,
          30.466999321956596,
          30.350765131363993,
          29.774066462087301,
          30.348900766462862,
          29.215506980193563,
          29.280260610128622,
          31.767617241933777,
          32.040107897000297,
          31.526513468910458,
          28.701162605773582,
          28.492532937529198,
          29.533845279023026,
          29.393867246213016,
          28.198527532549676,
          27.977932335152772,
          28.466175473616275,
          27.963652254577323,
          27.079815847911767,
          27.480658816835344,
          26.938158966409834,
          30.871765442873368,
          29.939748181471877,
          27.461992471695382,
          27.044520373793208,
          26.981217586121854,
          26.56133365604904,
          27.439669165708015,
          27.518412281643634,
          26.909397154891572,
          30.525012085127756,
          28.524072989128079,
          29.145494410630121,
          26.661184909332604,
          26.652903360731209,
          29.48906579615193,
          27.846259305600668,
          26.057655925622775,
          28.06376520065723,
          26.282253208741281,
          25.688278702240762,
          26.356927471910208,
          26.08429831729994,
          26.954199829194017,
          25.94432744621426,
          26.287059023183389,
          25.988862580932114,
          26.294164410469044,
          29.25286807723765,
          25.761056169761844,
          27.342446462187578,
          25.775680670996909,
          29.71290868970609,
          26.722596487875585,
          25.293553378738356,
          27.593590786915613,
          25.430828345577627,
          25.555812492779555,
          25.935656118781814,
          25.252886050877432,
          26.935892536685731,
          27.151292562720283,
          25.857340414448849,
          25.549458677297107,
          25.624284250800926],
 'train': [325.22396408497997,
           292.33865024734774,
           290.13848897381251,
           288.55087582087071,
           289.19616522628201,
           286.84387449580555,
           289.73771058579126,
           297.30856112388074,
           298.96459769269995,
           294.81084524209143,
           280.22227597878629,
           281.9866999046543,
           280.46239010288554,
           279.08758273072294,
           273.80191479168769,
           280.11505773939217,
           272.69892765596848,
           270.14131339077579,
           269.18737000277554,
           276.31590455766002,
           268.79796601698962,
           287.8457332326978,
           280.51754460297929,
           272.20818457422195,
           265.6352193987272,
           262.84261346998164,
           266.90919156692547,
           263.50615696236861,
           263.44856252827259,
           265.05296436071654,
           287.01043747930038,
           270.36490377894978,
           289.10965638983669,
           257.15216267111651,
           261.24646726614367,
           278.97048151638347,
           265.55805047514502,
           254.29006180778526,
           267.00738326631222,
           263.6598048099932,
           254.06813248578399,
           258.4963875358734,
           253.1612645744224,
           259.33082813168079,
           256.0716896511351,
           251.00912792703048,
           250.49133161465173,
           255.37633444407564,
           278.76051063713112,
           252.82520670065901,
           261.07827322518767,
           249.9187489556833,
           286.00605730983978,
           257.66323385423664,
           248.77996172112722,
           268.36914673104781,
           247.56159315110307,
           252.25144633965283,
           253.02133310832443,
           246.94674825379946,
           259.73940941906011,
           266.89060155972516,
           248.13155124988407,
           246.23246059511393,
           247.13592432491376]}
