

epoch	train err	test err0	299.55505131	34.98791457051	289.938182735	32.70169067162	285.467265716	31.50075664313	293.072005901	30.96914157214	279.803557795	29.7303276535	308.879715143	31.86586690026	278.345612574	29.77145362317	275.449860798	29.13132150188	315.459831414	32.3074058739	275.075614611	28.233899212310	270.838854876	27.970589309911	274.996184519	28.588986149912	288.02167679	29.127860791813	267.778498382	27.223734638214	267.141024447	27.108482913115	279.4526508	29.304720683216	269.319784993	26.973255850617	264.130153364	26.441906868918	266.24173851	26.413478740819	264.140773297	26.206345153820	278.642726482	27.73224475621	261.400194235	26.078762476522	275.095949907	27.191220740623	260.161804566	25.634963435324	267.478203706	27.365027730125	260.065195064	25.597299750926	318.325777691	32.158165799727	311.404571515	31.167944433228	257.623518552	25.172720500629	259.216924037	25.750931405330	262.054427473	25.975489047431	256.302866968	25.140023541532	280.208855304	27.819185775133	257.510283499	25.082150125334	272.82479202	26.601292814635	258.627057298	25.450220669136	276.312601181	26.861828816537	254.302800554	24.666899513638	260.702831734	26.265891902539	256.651691339	24.74144655340	253.850725011	24.509651161541	268.192568798	26.803527944142	253.093944538	23.982981869843	252.259771515	24.586676565744	252.156733439	24.1210540335

{'test': [34.987914570482616,
          32.701690671640634,
          31.500756643120017,
          30.969141572069656,
          29.730327653035982,
          31.865866900160007,
          29.771453623101252,
          29.13132150183224,
          32.307405872997521,
          28.233899212334727,
          27.970589309892535,
          28.588986149944155,
          29.127860791813248,
          27.223734638204654,
          27.108482913117978,
          29.304720683199619,
          26.973255850612787,
          26.441906868888619,
          26.413478740778249,
          26.206345153798413,
          27.732244755991214,
          26.0787624764552,
          27.191220740611517,
          25.63496343527309,
          27.365027730106057,
          25.597299750938625,
          32.158165799693165,
          31.167944433166543,
          25.172720500564786,
          25.750931405283119,
          25.975489047384233,
          25.140023541508143,
          27.819185775143229,
          25.08215012532915,
          26.601292814598978,
          25.450220669127535,
          26.861828816525197,
          24.666899513611224,
          26.265891902493433,
          24.741446552959282,
          24.509651161518711,
          26.803527944124436,
          23.982981869847116,
          24.586676565748689,
          24.121054033495327],
 'train': [299.55505130962752,
           289.93818273455088,
           285.46726571552597,
           293.07200590111586,
           279.80355779493527,
           308.87971514300352,
           278.34561257384877,
           275.44986079750538,
           315.45983141397681,
           275.07561461104592,
           270.83885487631579,
           274.99618451883254,
           288.02167678984159,
           267.77849838232379,
           267.14102444676723,
           279.45265080016401,
           269.31978499272685,
           264.13015336406545,
           266.2417385097595,
           264.14077329683971,
           278.64272648216689,
           261.400194235443,
           275.0959499066044,
           260.16180456619418,
           267.47820370564926,
           260.06519506404095,
           318.32577769095388,
           311.40457151456275,
           257.62351855160443,
           259.21692403680817,
           262.05442747341522,
           256.30286696780746,
           280.20885530448834,
           257.51028349850083,
           272.82479201954749,
           258.62705729818998,
           276.31260118124544,
           254.30280055417785,
           260.70283173350521,
           256.65169133859365,
           253.85072501064403,
           268.1925687982345,
           253.09394453791811,
           252.25977151493962,
           252.15673343901634]}


epoch	train err	test err0	298.206608421	38.04970075411	290.764425545	38.84210506572	284.473984045	37.91105055683	292.698541589	34.34556899764	287.339583664	34.14616851055	273.118828691	35.81900195666	294.710064715	34.14668085367	296.763342781	34.22610827028	267.431094738	36.12855831799	276.969127738	33.703309333610	264.506618478	35.660490203911	270.139387292	37.979798185312	263.432801103	36.044770069813	276.831594989	33.472784858914	279.562704269	40.921209769915	261.887794378	33.550342530116	260.696866962	36.250972270117	265.752749745	33.132328511718	260.756767067	36.711359352919	258.724001818	36.329626256320	254.13517071	33.733119271321	258.959375671	36.834403311422	251.93202581	33.656447684923	253.662048378	32.996227303324	251.09934466	34.94431946725	250.679927038	33.043795165826	256.453508163	36.954318901127	254.766770018	32.406416890528	248.287438165	34.880009109629	247.867051668	32.704648140230	304.643596077	33.413539048831	247.090338638	34.97284115232	244.462674221	33.922133211733	247.470460643	35.328906078534	247.247847083	32.065479934235	283.740626179	32.202796845836	242.268653883	32.955927965337	242.195474187	33.821817301538	247.706595371	31.608735233339	243.405834623	34.580834507340	244.956626007	31.576502978741	259.609865725	38.445848707842	252.101440177	36.937329157843	239.379988002	32.141717300844	248.928113092	30.9941732968

{'test': [38.049700754095426,
          38.842105065660121,
          37.911050556824982,
          34.345568997638289,
          34.146168510489062,
          35.819001956584685,
          34.146680853621355,
          34.226108270197749,
          36.12855831787801,
          33.703309333611486,
          35.660490203852611,
          37.979798185293546,
          36.044770069820451,
          33.472784858855263,
          40.921209769884847,
          33.550342530053335,
          36.250972270053012,
          33.132328511702575,
          36.711359352940462,
          36.329626256300337,
          33.73311927128357,
          36.834403311425092,
          33.656447684895475,
          32.996227303295399,
          34.944319466968395,
          33.043795165815268,
          36.954318901087589,
          32.406416890470055,
          34.880009109626201,
          32.704648140157659,
          33.413539048794867,
          34.972841152039933,
          33.922133211673298,
          35.328906078516511,
          32.065479934231092,
          32.202796845824395,
          32.955927965275826,
          33.82181730146668,
          31.608735233279926,
          34.580834507336995,
          31.576502978717926,
          38.445848707804366,
          36.937329157824792,
          32.141717300775767,
          30.994173296789935],
 'train': [298.20660842105997,
           290.76442554508077,
           284.47398404464087,
           292.69854158908629,
           287.33958366389743,
           273.1188286913802,
           294.71006471474698,
           296.7633427808845,
           267.43109473834596,
           276.96912773762983,
           264.50661847838944,
           270.13938729188231,
           263.43280110268108,
           276.8315949890262,
           279.56270426921162,
           261.88779437774065,
           260.69686696234567,
           265.75274974460456,
           260.7567670667778,
           258.7240018182863,
           254.13517071044839,
           258.95937567055421,
           251.93202581011676,
           253.6620483775599,
           251.09934465956684,
           250.67992703792848,
           256.45350816336804,
           254.76677001801866,
           248.28743816539097,
           247.86705166806033,
           304.64359607701169,
           247.090338637922,
           244.46267422135384,
           247.47046064258831,
           247.24784708321351,
           283.74062617915831,
           242.26865388264008,
           242.19547418682657,
           247.70659537144383,
           243.40583462330912,
           244.95662600734522,
           259.60986572487928,
           252.10144017693716,
           239.37998800178622,
           248.92811309181999]}


epoch	train err	test err0	302.205804435	35.06221838511	298.945733512	35.21146733612	306.329151265	35.25547287223	275.661896897	33.17796087674	272.119616042	32.89570434955	270.048344629	32.69048245636	270.36805316	32.57826646327	271.563150604	32.54690859688	266.919057726	32.28246773519	265.363689998	32.085590010310	264.582038987	31.976353607211	263.764772921	31.840358354812	268.67487698	32.016381231413	262.386746907	31.602892554814	277.527261577	32.48412651515	268.854728633	31.848694428716	260.540547219	31.259198689417	260.047989103	31.17151355318	261.386280352	31.180902213719	257.869234753	30.898731242520	261.0662334	31.019929012521	256.976245233	30.699996093922	273.239704249	31.672104590223	256.456542538	30.528844467524	265.908088794	31.087667538625	255.482467417	30.327545431826	259.865383646	30.535058202327	253.922524704	30.08132500728	254.010843427	30.020901761829	255.505772632	30.050461625530	254.07740029	29.886745863631	265.688087042	30.599691596432	251.90761406	29.57094701633	261.9161125	30.22207931334	256.920709778	29.801315186935	252.89250638	29.476140288436	250.185613557	29.220846665137	249.970976764	29.116228921138	256.019272004	29.494751355739	249.234320839	28.994606069640	248.83039457	28.911544496741	248.836317092	28.821826827842	261.908307109	29.62258874943	256.741348095	29.325548155744	247.530922707	28.5398529177

{'test': [35.06221838512775,
          35.211467336078336,
          35.255472872172469,
          33.177960876652456,
          32.895704349465085,
          32.690482456268164,
          32.578266463153781,
          32.546908596833553,
          32.2824677350686,
          32.085590010347431,
          31.976353607176595,
          31.840358354783653,
          32.016381231401617,
          31.602892554789499,
          32.484126514956941,
          31.848694428700483,
          31.259198689417502,
          31.171513552973877,
          31.180902213717815,
          30.898731242500453,
          31.019929012518226,
          30.699996093889652,
          31.672104590210662,
          30.52884446753691,
          31.087667538616756,
          30.327545431845738,
          30.535058202311092,
          30.081325007038675,
          30.020901761763874,
          30.050461625511012,
          29.886745863602556,
          30.599691596433903,
          29.570947015974866,
          30.222079313036531,
          29.801315186864002,
          29.476140288365979,
          29.220846665116301,
          29.116228921085693,
          29.494751355741037,
          28.994606069599033,
          28.911544496674864,
          28.821826827824196,
          29.622588749006781,
          29.325548155728018,
          28.539852917698816],
 'train': [302.20580443501831,
           298.94573351240047,
           306.32915126518725,
           275.66189689709086,
           272.11961604195676,
           270.04834462931649,
           270.3680531598398,
           271.56315060401334,
           266.91905772608021,
           265.36368999750908,
           264.58203898667153,
           263.76477292085832,
           268.67487698009921,
           262.38674690657808,
           277.52726157709139,
           268.85472863292119,
           260.54054721857244,
           260.04798910314696,
           261.38628035246404,
           257.86923475300949,
           261.06623340009247,
           256.97624523328,
           273.23970424905656,
           256.45654253757198,
           265.9080887936604,
           255.48246741726311,
           259.86538364614722,
           253.92252470366216,
           254.0108434273649,
           255.50577263244134,
           254.07740029012987,
           265.68808704201945,
           251.90761406034221,
           261.9161125002575,
           256.92070977809385,
           252.89250637993783,
           250.18561355741889,
           249.97097676392795,
           256.01927200446426,
           249.23432083926375,
           248.83039456970278,
           248.83631709217838,
           261.90830710919164,
           256.74134809502334,
           247.53092270689896]}
