

epoch	train err	test err0	312.511873978	34.9966940661	287.776865467	33.87696770242	276.509849962	33.11764862593	272.570907208	33.1527278224	271.735070752	33.15392638875	278.314982636	33.88081010126	268.514984711	33.09640622217	264.785138678	32.71781777998	268.228663665	32.80227986379	266.507166078	32.553112055910	261.063642141	32.068347238611	274.517993061	32.880286248712	261.387708144	32.293912572413	264.791588813	32.690111940314	256.37425245	31.377103270915	259.898455385	32.035179039716	264.919081277	32.734962473617	260.948080779	31.287361324818	253.585290536	31.123211224919	259.978820421	30.89833097720	254.938990048	31.101485204421	253.159919759	30.257846575522	250.924354616	30.231691723123	251.301042013	30.465696191324	281.343484076	33.9304292067

{'test': [34.996694066043176,
          33.876967702391326,
          33.117648625913652,
          33.152727822006945,
          33.153926388737865,
          33.880810101238588,
          33.096406222105678,
          32.7178177798625,
          32.802279863692995,
          32.553112055919698,
          32.06834723862945,
          32.880286248747922,
          32.293912572390212,
          32.690111940312356,
          31.377103270877612,
          32.03517903969513,
          32.734962473646689,
          31.287361324813485,
          31.123211224895748,
          30.898330976955531,
          31.101485204427505,
          30.257846575528781,
          30.231691723057502,
          30.465696191344122,
          33.930429206653741],
 'train': [312.51187397820382,
           287.77686546673652,
           276.50984996216653,
           272.5709072075764,
           271.73507075244294,
           278.31498263613014,
           268.51498471055135,
           264.78513867803741,
           268.22866366534765,
           266.50716607817617,
           261.06364214110948,
           274.51799306104584,
           261.38770814365125,
           264.79158881281273,
           256.37425245043107,
           259.89845538533785,
           264.91908127681302,
           260.94808077888865,
           253.5852905358839,
           259.97882042127259,
           254.9389900481072,
           253.15991975870259,
           250.92435461607906,
           251.3010420132004,
           281.34348407599958]}


epoch	train err	test err0	315.569258087	32.81597380191	305.301419968	29.41694841992	309.181049875	31.5872577713	290.92134667	25.72337248244	287.281236129	24.30556161435	286.529595535	26.40627330676	282.628382242	25.43043312347	287.646813622	22.47000889118	289.917123625	27.57347577539	275.334141034	23.7271440510	281.052038386	21.986075185511	277.66622712	25.102129104512	291.835828505	28.278828163713	269.864259001	21.993615286414	278.344609201	25.791334704515	278.617720381	25.901431627616	272.974673201	21.209179292817	267.578917707	21.290628649418	274.539003335	21.334295911519	274.973379277	25.728138805720	262.414643703	22.643660044721	261.639830191	22.492296309822	262.069170043	23.00487737423	266.530997637	20.932510933524	269.828422889	25.0657755374

{'test': [32.815973801858313,
          29.416948419938866,
          31.587257771009568,
          25.723372482370408,
          24.305561614260544,
          26.406273306691297,
          25.430433123383395,
          22.470008891114333,
          27.573475775282638,
          23.727144049954365,
          21.986075185508074,
          25.10212910448681,
          28.278828163684352,
          21.993615286395745,
          25.79133470449954,
          25.901431627618795,
          21.209179292816611,
          21.290628649411289,
          21.334295911541616,
          25.728138805707257,
          22.643660044654833,
          22.492296309822336,
          23.004877374017497,
          20.932510933523787,
          25.065775537379988],
 'train': [315.56925808701777,
           305.30141996770402,
           309.18104987522395,
           290.92134666957315,
           287.28123612886583,
           286.52959553509544,
           282.62838224158281,
           287.64681362161747,
           289.91712362495747,
           275.33414103391897,
           281.05203838626585,
           277.66622711984257,
           291.83582850504257,
           269.86425900114443,
           278.34460920118869,
           278.61772038126446,
           272.97467320056302,
           267.57891770692788,
           274.53900333536961,
           274.97337927693155,
           262.4146437034255,
           261.6398301912721,
           262.06917004278137,
           266.53099763661521,
           269.82842288859268]}


epoch	train err	test err0	310.960399846	35.0950039441	312.28254573	35.02606202482	301.724446097	34.13375951043	303.082852026	33.16326860624	284.666438419	31.28030747965	281.456028426	30.68227086036	281.567968707	29.19200384697	277.435833107	29.14299955618	284.178502829	28.50967885899	296.445237168	29.392970588610	273.417173956	27.581752507211	274.685533101	27.580987878112	278.849516133	27.613302888213	284.067486585	30.983742489714	276.243539241	27.203602960415	268.351757071	26.891493411116	270.346050293	26.570490813217	303.795444927	29.914169427418	268.439341256	27.874113401719	281.846162813	27.614738384920	265.649313535	26.415920638621	263.43832015	26.333299186322	263.47121659	26.032615246723	297.534660057	29.287243703224	273.051447369	26.5596935389

{'test': [35.095003943958915,
          35.026062024817705,
          34.133759510395535,
          33.163268606220534,
          31.28030747963432,
          30.68227086025113,
          29.192003846859926,
          29.142999556116557,
          28.509678858856361,
          29.39297058856863,
          27.581752507229961,
          27.580987878146974,
          27.613302888175426,
          30.983742489684253,
          27.203602960374639,
          26.891493411108645,
          26.570490813157811,
          29.914169427436846,
          27.874113401662523,
          27.614738384943067,
          26.415920638575834,
          26.333299186260415,
          26.032615246728767,
          29.287243703165807,
          26.559693538936777],
 'train': [310.96039984604738,
           312.28254572979347,
           301.724446097243,
           303.0828520260381,
           284.66643841933222,
           281.45602842641159,
           281.56796870721297,
           277.43583310736796,
           284.17850282852214,
           296.44523716837671,
           273.41717395611846,
           274.68553310101493,
           278.84951613250684,
           284.06748658472884,
           276.2435392409908,
           268.35175707070397,
           270.34605029277657,
           303.79544492694617,
           268.43934125566091,
           281.84616281335747,
           265.64931353516948,
           263.4383201503922,
           263.47121658959907,
           297.53466005710527,
           273.05144736890196]}
