

epoch	train err	test err0	303.446784793	30.9915904411	304.230906581	31.71405616162	292.756638805	29.53965590223	287.854933764	27.95062379244	291.137967736	29.51564384165	281.490594129	27.09957608776	282.006593325	27.77310966877	279.878815586	26.25041671258	276.384778936	26.33888787379	276.012157412	25.813904869210	274.767604344	26.363003164611	274.169328216	26.435998470712	273.835848468	26.517532338313	272.227374761	26.133914628314	274.601568585	27.058944933715	271.438382059	24.998201098416	269.005808157	25.076420247417	267.813343981	25.239934088618	267.013250658	25.20487964319	266.840895546	24.584671493320	273.686263662	27.667230971521	268.605166514	24.382649927222	264.57930673	25.329721979923	264.849473829	25.646609759124	262.421990513	24.599458885925	263.736962038	24.006479943226	262.753103459	24.004981444327	262.730412695	23.934611287628	263.161207053	25.892075472729	261.295178674	23.787296412830	266.664938382	27.084380134431	268.414394062	23.803581841432	258.121110044	23.852178920933	258.283451421	23.704430892434	257.079054442	23.884304439135	262.02650669	23.464806626636	265.116267269	27.299325212637	255.546337982	23.811590708838	254.951704989	23.818389961639	260.033242487	23.249359713440	254.004936304	24.281490561141	264.048549023	23.341179315742	254.98254987	25.102201854843	255.764464485	25.489774228644	253.634706329	23.229294984745	253.818331885	23.135920276546	258.683908139	26.569411188747	273.724791011	29.890797027348	265.900052199	23.338962874349	252.481400012	23.03264449650	249.651736614	23.820976252951	249.32373132	23.422430459152	266.463194749	28.676112857453	256.601627322	26.534460671854	254.537668728	26.086281533655	251.08185902	22.844274577856	247.76327193	23.955049014257	256.802579427	22.837113424258	256.470467918	26.762404118259	246.634768209	23.406871974960	253.291824584	26.10468551361	263.254123664	23.112705642562	257.896259333	27.259842207463	245.994883057	22.973885579464	247.935279315	24.8458620594

{'test': [30.991590441000039,
          31.71405616156477,
          29.539655902241442,
          27.950623792403142,
          29.515643841585526,
          27.099576087703635,
          27.77310966868701,
          26.250416712452953,
          26.338887873658042,
          25.813904869198524,
          26.363003164562905,
          26.435998470723487,
          26.517532338300029,
          26.133914628267735,
          27.058944933659074,
          24.998201098417226,
          25.076420247413402,
          25.23993408859813,
          25.204879642959909,
          24.584671493292216,
          27.667230971497474,
          24.382649927167776,
          25.329721979877824,
          25.646609759078935,
          24.599458885908575,
          24.006479943205399,
          24.004981444261016,
          23.934611287602337,
          25.892075472662771,
          23.787296412820439,
          27.084380134351271,
          23.80358184136637,
          23.852178920937707,
          23.70443089242427,
          23.884304439092059,
          23.464806626592221,
          27.299325212619898,
          23.811590708787762,
          23.818389961624366,
          23.249359713362725,
          24.281490561102689,
          23.341179315730766,
          25.102201854798654,
          25.489774228648102,
          23.229294984720163,
          23.135920276538297,
          26.569411188709172,
          29.890797027344696,
          23.33896287426716,
          23.032644495970253,
          23.820976252886727,
          23.422430459117344,
          28.676112857402078,
          26.534460671829716,
          26.086281533620163,
          22.844274577756053,
          23.955049014182343,
          22.83711342416926,
          26.762404118180399,
          23.406871974920278,
          26.104685513004949,
          23.112705642531637,
          27.259842207366265,
          22.973885579449068,
          24.845862059405263],
 'train': [303.44678479269032,
           304.23090658087062,
           292.75663880507278,
           287.85493376415104,
           291.13796773551445,
           281.49059412902295,
           282.00659332532939,
           279.87881558631636,
           276.38477893580443,
           276.01215741156557,
           274.76760434363433,
           274.16932821612124,
           273.8358484676196,
           272.2273747606568,
           274.6015685849668,
           271.43838205906462,
           269.0058081574964,
           267.81334398091985,
           267.01325065754804,
           266.84089554590224,
           273.68626366236259,
           268.60516651369016,
           264.57930672961913,
           264.84947382868864,
           262.42199051277771,
           263.73696203772897,
           262.75310345888471,
           262.73041269516733,
           263.16120705279229,
           261.29517867399096,
           266.66493838233765,
           268.41439406233894,
           258.12111004350146,
           258.28345142114205,
           257.07905444162486,
           262.02650668955806,
           265.11626726853052,
           255.54633798233488,
           254.95170498934965,
           260.03324248721759,
           254.0049363038961,
           264.04854902334267,
           254.98254986962075,
           255.76446448490097,
           253.63470632866441,
           253.81833188489725,
           258.68390813892216,
           273.72479101057172,
           265.90005219883221,
           252.4814000123626,
           249.65173661422293,
           249.32373132043972,
           266.46319474881574,
           256.60162732175166,
           254.53766872799676,
           251.08185901982461,
           247.76327193031409,
           256.802579427203,
           256.47046791825221,
           246.63476820856764,
           253.29182458414709,
           263.25412366398399,
           257.89625933340562,
           245.9948830573108,
           247.9352793154668]}


epoch	train err	test err0	302.213380811	35.08634806281	302.029339156	34.73990539562	300.693562818	34.49852947123	295.614065184	34.18687024474	288.379739153	34.22560702435	285.087705627	33.51480170376	286.866878692	33.41881626877	277.547463332	33.14960149258	276.449463879	33.24587857729	281.77593987	33.004040317110	277.131025341	32.691533638511	272.688870384	32.821599856312	271.930583286	32.385462694513	270.785465033	32.324552563814	300.732622592	34.088032353715	280.179825081	32.508984662416	267.320309098	31.997071101117	271.650240734	31.860415656918	275.377328609	31.954320514119	271.287061063	32.842589153220	264.484733764	31.630137633321	264.991994115	31.241219044322	265.769550953	31.126084435523	310.768769103	34.374402757524	261.554036916	31.085598277125	266.505103975	30.812034834826	260.825268539	30.598323393927	278.089838464	31.392746699928	272.128506599	30.922633516929	270.248397768	30.730274601230	267.622754366	31.951881916431	270.963509501	30.674959124132	261.468305517	30.023068589533	257.002061763	29.857083014634	258.276797111	30.470644503735	259.635057136	29.723301523636	258.542057695	29.605020334837	255.062093616	29.791093398838	273.082442665	30.508121827339	253.943027418	29.551931193740	253.540466524	29.258396463441	254.947842992	29.644026623842	252.760483072	29.196068042543	252.276285702	29.169421489644	256.907648357	29.982628369545	251.344366111	28.986725422946	251.315235744	28.748936354247	253.05436509	28.69603546548	256.34816718	28.847107224249	263.635934476	29.401239222350	264.295688758	29.422112014551	248.853955907	28.51634716252	255.824043027	29.758582291753	248.359950707	28.460295481154	255.036990662	29.663218675955	248.121233116	28.568199534956	248.582493646	28.694094059757	250.381889009	28.151198126758	245.963866226	27.906769387859	247.694783834	28.495517639660	251.436778371	28.118334675161	244.796620491	27.687268017362	245.8766	28.286067917663	250.456584259	29.069574656264	243.541063459	27.9452799975

{'test': [35.086348062847755,
          34.739905395639127,
          34.49852947118503,
          34.186870244740312,
          34.225607024285402,
          33.514801703669676,
          33.418816268740002,
          33.149601492520297,
          33.245878577167034,
          33.004040317071237,
          32.691533638535681,
          32.821599856327431,
          32.385462694543612,
          32.324552563821427,
          34.088032353698154,
          32.508984662358905,
          31.997071101136395,
          31.860415656858056,
          31.954320514122593,
          32.842589153220523,
          31.630137633304905,
          31.241219044314413,
          31.126084435532931,
          34.374402757482414,
          31.085598277139663,
          30.812034834841583,
          30.598323393925064,
          31.392746699891177,
          30.922633516933828,
          30.73027460121682,
          31.95188191636035,
          30.674959124114441,
          30.023068589466583,
          29.857083014625168,
          30.470644503651837,
          29.72330152362597,
          29.605020334778391,
          29.791093398751329,
          30.508121827273222,
          29.551931193739684,
          29.258396463407031,
          29.644026623832055,
          29.196068042491262,
          29.169421489609061,
          29.98262836946256,
          28.986725422904062,
          28.748936354209025,
          28.696035465031539,
          28.847107224245786,
          29.401239222317514,
          29.422112014510333,
          28.516347162018491,
          29.758582291650129,
          28.460295481139177,
          29.663218675910301,
          28.568199534949866,
          28.694094059739701,
          28.151198126675986,
          27.906769387836047,
          28.495517639552908,
          28.118334675097099,
          27.687268017260884,
          28.286067917641475,
          29.069574656150863,
          27.945279997538176],
 'train': [302.21338081101959,
           302.02933915624789,
           300.69356281792915,
           295.6140651841107,
           288.37973915328826,
           285.08770562679553,
           286.86687869168833,
           277.5474633317292,
           276.44946387873551,
           281.77593986975148,
           277.13102534061534,
           272.68887038435366,
           271.93058328576518,
           270.78546503333746,
           300.7326225923448,
           280.17982508132485,
           267.32030909780735,
           271.65024073354704,
           275.37732860905021,
           271.28706106276786,
           264.48473376424613,
           264.99199411508994,
           265.76955095339213,
           310.76876910317736,
           261.55403691554312,
           266.50510397453638,
           260.82526853895814,
           278.08983846379328,
           272.12850659927238,
           270.24839776761831,
           267.62275436640084,
           270.96350950098753,
           261.46830551708285,
           257.00206176326782,
           258.27679711144924,
           259.63505713606679,
           258.54205769486674,
           255.06209361631772,
           273.08244266510036,
           253.94302741773816,
           253.54046652369161,
           254.94784299194293,
           252.76048307197891,
           252.27628570189279,
           256.9076483570293,
           251.34436611099909,
           251.31523574396036,
           253.05436508998648,
           256.34816717984154,
           263.63593447649271,
           264.29568875776687,
           248.85395590694054,
           255.82404302734935,
           248.3599507068503,
           255.03699066203438,
           248.12123311626607,
           248.58249364641426,
           250.38188900879501,
           245.96386622630155,
           247.69478383354661,
           251.43677837111738,
           244.79662049133233,
           245.87660000015472,
           250.45658425868257,
           243.54106345859523]}


epoch	train err	test err0	306.919441887	35.16693957191	301.156177122	34.50695909092	296.295401987	33.56618363733	288.295168376	33.06895104334	283.430270924	32.28745636395	282.014694924	31.03783541376	277.031649143	31.22347570417	276.407834017	30.28543700898	273.714889047	30.6611419239	273.424523319	29.687327289610	271.116383852	29.853829409611	270.302621073	30.088646699412	269.554019044	29.640944232513	269.691654445	29.382651551414	269.073964439	29.297281653615	267.18940526	29.281519164716	267.177056898	30.141987942917	265.316468825	29.585098933918	265.255703019	29.932053819919	263.707650784	29.523718621220	263.044865835	29.21502395621	266.302010111	30.826473750922	265.366911648	30.736443473723	262.617414826	28.951741983824	259.938882387	29.367269950225	259.143898239	29.349414532326	260.787744689	28.968903278627	261.378139934	30.468635336328	256.751037212	29.036503404729	255.973920241	28.898132757930	255.428884027	29.353002155231	254.81024817	28.784373325632	253.70438684	29.137434302433	255.123818953	29.868513111734	253.886823452	28.68487774935	251.620487448	29.020386382536	251.43013289	29.41050936437	250.705536521	28.877009767438	250.09171202	29.389076085139	257.664869083	29.127605440540	248.809972584	29.261902040441	248.338141029	29.018481654742	247.718810484	29.090518517843	252.583465259	30.646988430944	248.03017165	29.689858048945	259.444310947	29.665722760546	245.681840359	29.055312152147	250.389018276	30.622231520248	246.957388056	30.015397671749	248.478855897	30.269920221750	245.299498087	28.985852780351	253.877322529	29.359278577752	243.990731356	29.5676828453	242.763480234	29.362749062554	247.336113687	29.068401601655	266.776686482	30.650753336356	275.018594397	31.371760313557	241.207758103	29.34991569458	246.673188388	30.708404858159	251.510818994	31.571117528260	249.651596791	31.337352178561	241.448850581	29.858552841562	245.125707229	29.257208118963	239.160617635	29.333539644664	239.528321385	29.0391443955

{'test': [35.166939571945676,
          34.506959090906477,
          33.566183637318872,
          33.068951043329484,
          32.287456363872998,
          31.037835413661551,
          31.223475704057744,
          30.285437008924468,
          30.661141922950168,
          29.687327289556581,
          29.853829409594251,
          30.088646699365952,
          29.640944232518628,
          29.382651551380981,
          29.297281653580001,
          29.281519164721765,
          30.141987942876064,
          29.585098933859328,
          29.932053819899455,
          29.523718621201404,
          29.215023956007744,
          30.826473750860828,
          30.736443473746558,
          28.951741983828907,
          29.367269950164339,
          29.349414532341896,
          28.968903278605499,
          30.468635336275099,
          29.036503404710714,
          28.898132757851613,
          29.353002155151501,
          28.784373325589716,
          29.137434302435476,
          29.868513111683473,
          28.684877749020309,
          29.020386382524016,
          29.410509363982797,
          28.877009767421768,
          29.389076085068545,
          29.127605440534968,
          29.261902040444198,
          29.018481654713117,
          29.090518517830795,
          30.646988430873513,
          29.689858048915738,
          29.665722760517223,
          29.05531215206366,
          30.622231520184549,
          30.015397671725616,
          30.269920221736982,
          28.985852780325821,
          29.359278577677841,
          29.567682839965055,
          29.362749062519779,
          29.06840160157839,
          30.6507533363175,
          31.371760313459745,
          29.349915694004313,
          30.708404858050237,
          31.571117528228839,
          31.337352178514742,
          29.858552841462728,
          29.257208118858127,
          29.333539644617211,
          29.039144395481529],
 'train': [306.91944188713398,
           301.15617712169308,
           296.29540198679842,
           288.29516837629768,
           283.43027092415616,
           282.0146949243063,
           277.03164914345632,
           276.40783401723013,
           273.71488904712169,
           273.42452331889712,
           271.11638385169772,
           270.30262107252753,
           269.55401904356938,
           269.69165444545609,
           269.07396443860102,
           267.18940526047004,
           267.17705689808599,
           265.31646882469181,
           265.25570301929741,
           263.70765078387859,
           263.04486583484481,
           266.30201011061774,
           265.36691164848196,
           262.61741482585762,
           259.93888238732762,
           259.14389823909272,
           260.78774468861315,
           261.37813993361937,
           256.75103721191283,
           255.97392024100748,
           255.42888402711162,
           254.81024817041774,
           253.70438684046565,
           255.12381895342494,
           253.88682345177094,
           251.62048744788584,
           251.4301328900012,
           250.70553652091331,
           250.09171202009389,
           257.66486908325885,
           248.80997258446462,
           248.33814102883545,
           247.7188104843982,
           252.58346525892074,
           248.03017165024514,
           259.4443109468927,
           245.68184035863848,
           250.38901827582225,
           246.95738805620326,
           248.47885589728276,
           245.29949808710086,
           253.87732252878681,
           243.99073135561054,
           242.76348023383559,
           247.33611368722688,
           266.77668648206389,
           275.01859439716668,
           241.20775810269393,
           246.67318838786616,
           251.51081899369186,
           249.65159679077772,
           241.44885058124586,
           245.12570722875833,
           239.16061763490615,
           239.52832138492181]}
