

epoch	train err	test err0	293.583171984	43.27275682141	293.139493243	42.43484207282	291.829053198	41.44386916053	288.195233349	40.95318828564	282.231293453	41.95224393455	277.905824262	41.47224598126	273.782860485	40.69625859287	270.915169605	39.078759958	266.988940346	39.30300270259	264.378969379	38.488603340710	263.117021987	37.302306915111	271.289250154	34.210692830512	269.872202954	33.893089779313	258.922066874	35.898134872414	255.834019549	38.713252744515	257.229313323	35.302828620216	261.434257583	33.713959708817	253.155361706	36.712242360418	253.567535256	35.536397973419	251.866230972	36.383626085620	255.683979862	34.041580379621	250.340653936	36.46359317822	251.991675263	39.910114450623	249.11079213	36.307595837424	249.134913975	35.454858646625	249.706193013	34.681706296326	247.754989694	35.634159227527	253.147874329	33.124268684928	247.221004098	35.005118823429	245.77723617	36.83620868630	245.788943493	37.748480272131	246.897694611	34.135423114132	244.547220252	35.469216888833	256.368427126	31.818923635234	246.868011455	33.516052612335	242.920520828	36.593496621136	245.374681598	39.307987597337	272.139846605	30.314620266138	243.767357365	33.806023825439	241.76072319	34.769111429140	245.084976561	39.840902599441	241.141376702	37.423352813242	244.524610059	39.827170055143	243.614756958	32.994349119944	240.491828437	34.054369321445	243.860315379	39.910903032646	239.814154165	37.691132827747	239.006865779	34.189283110348	240.681009433	38.654494239649	238.306000476	37.094374383150	278.28135928	29.375439414251	237.613657037	34.206919647852	236.858044883	34.72422469853	243.896380673	40.6954387154	236.855841864	34.068775604855	240.269127264	39.267719053156	246.18102516	31.120875592657	237.30004207	37.803096407558	235.668735461	34.007076789359	234.828121003	35.633736110560	243.632168276	31.196857960861	264.213565595	29.335940288462	234.095994534	35.018166422763	234.12244313	34.28580631264	238.48070545	39.079359206

{'test': [43.272756821428416,
          42.434842072771566,
          41.443869160538412,
          40.953188285555257,
          41.952243934459432,
          41.472245981200359,
          40.696258592752301,
          39.078759949962134,
          39.303002702455011,
          38.488603340720985,
          37.302306915130593,
          34.210692830464772,
          33.893089779330431,
          35.898134872385384,
          38.713252744549337,
          35.302828620185267,
          33.713959708781253,
          36.712242360447291,
          35.536397973423355,
          36.383626085643279,
          34.041580379595914,
          36.463593178012722,
          39.910114450554985,
          36.307595837353077,
          35.454858646616302,
          34.681706296334958,
          35.634159227491807,
          33.124268684909218,
          35.005118823420815,
          36.836208685985319,
          37.748480272068463,
          34.135423114091452,
          35.469216888797519,
          31.818923635224799,
          33.516052612251897,
          36.593496621128146,
          39.307987597309506,
          30.314620266057155,
          33.806023825366957,
          34.769111429136871,
          39.84090259935887,
          37.423352813221307,
          39.827170055054808,
          32.994349119908343,
          34.054369321375177,
          39.910903032586837,
          37.691132827684896,
          34.18928311033465,
          38.654494239648848,
          37.094374383143588,
          29.375439414182306,
          34.206919647807503,
          34.724224698035435,
          40.695438710042993,
          34.06877560481783,
          39.267719053123628,
          31.120875592555901,
          37.803096407533062,
          34.007076789345845,
          35.633736110478139,
          31.196857960845371,
          29.335940288393168,
          35.018166422721379,
          34.285806312022139,
          39.079359205985483],
 'train': [293.58317198427488,
           293.13949324273602,
           291.82905319788102,
           288.19523334899645,
           282.23129345348588,
           277.90582426237307,
           273.78286048455203,
           270.9151696048923,
           266.98894034588471,
           264.37896937890571,
           263.11702198650102,
           271.28925015367139,
           269.87220295390819,
           258.92206687399135,
           255.83401954876962,
           257.22931332271833,
           261.43425758288873,
           253.15536170585551,
           253.56753525647258,
           251.86623097241483,
           255.68397986174071,
           250.34065393628461,
           251.99167526265634,
           249.11079212969025,
           249.13491397489699,
           249.70619301348992,
           247.75498969439303,
           253.1478743294596,
           247.22100409756638,
           245.77723617007726,
           245.7889434925103,
           246.89769461058376,
           244.5472202523836,
           256.36842712566801,
           246.86801145490566,
           242.92052082793165,
           245.3746815977369,
           272.13984660485261,
           243.76735736524134,
           241.76072319035208,
           245.0849765613695,
           241.14137670158973,
           244.52461005856043,
           243.61475695843805,
           240.49182843690144,
           243.86031537893288,
           239.81415416513468,
           239.00686577922096,
           240.68100943336648,
           238.30600047574171,
           278.28135928014012,
           237.6136570365085,
           236.85804488250869,
           243.89638067309926,
           236.85584186386677,
           240.2691272644231,
           246.18102516038434,
           237.30004206951426,
           235.66873546097119,
           234.82812100293248,
           243.63216827627846,
           264.21356559475805,
           234.09599453404795,
           234.1224431296551,
           238.48070544992891]}


epoch	train err	test err0	306.51704098	33.95140110831	305.349871049	33.9243560612	302.799509075	33.80631887653	301.915276814	33.79857984754	296.290006471	33.55876013495	300.07043328	33.87165987036	289.428084152	33.20777108787	284.786582986	32.97188591328	279.392705412	32.83592873329	277.055801555	32.511640948710	274.330188722	32.981358821811	272.163091053	32.201698320712	273.37060084	32.28774354313	263.929259072	32.177761971614	262.212885183	32.116743981415	260.402454888	31.925448519316	260.910620389	32.326727116117	258.446011201	31.708936061318	259.034434136	31.659629094119	256.920436702	32.02032609120	256.152720957	31.974088487321	257.519489305	32.335818967222	256.468507234	31.517475039423	253.755796712	31.521425236124	261.418298347	31.726843061825	252.463406459	31.431838879626	260.691282293	31.64479031927	251.236693971	31.376154107628	258.156794367	31.441639134129	252.305831122	31.170913826530	251.225319277	31.132406189931	262.865525877	31.70425797832	254.166700822	31.173122839433	248.683223507	31.35600492634	256.320012874	32.610058006735	247.233282446	31.067553890836	248.736859801	30.901509776737	253.30698118	31.004511942238	261.155275504	33.334937762339	246.064632138	30.809959868540	250.736131409	32.03496984741	246.154771959	31.27893857742	245.842601647	31.238998028843	243.931553557	30.739008812944	244.437032879	30.557433261845	244.193257823	31.033709989646	243.796050186	31.009620267447	242.852237869	30.81563370348	244.784318288	31.273080294649	250.19176994	32.139967623550	242.324098677	30.404670817351	248.016816173	30.517104331252	250.291990096	30.577200763953	249.195464983	30.496568720754	241.792666754	30.248860845455	241.661700164	30.219434595256	248.513191049	32.025216399557	240.819530405	30.808911714958	255.565255683	33.018993179159	241.907084967	31.015252739960	245.197933027	30.255242371161	239.864943921	30.112952981462	238.703956351	30.513240973763	237.910251104	30.192468157464	237.66985492	30.2803844355

{'test': [33.951401108305433,
          33.924356060983527,
          33.806318876499738,
          33.798579847520443,
          33.558760134903906,
          33.87165987033454,
          33.207771087817221,
          32.971885913166439,
          32.835928733197647,
          32.511640948711893,
          32.981358821790309,
          32.201698320689388,
          32.287743542974262,
          32.177761971564401,
          32.116743981433757,
          31.925448519285084,
          32.326727116111194,
          31.708936061303465,
          31.659629094113143,
          32.020326090963735,
          31.974088487251489,
          32.335818967198968,
          31.517475039357592,
          31.521425236070876,
          31.72684306183179,
          31.431838879580994,
          31.644790319003487,
          31.376154107645551,
          31.441639134133794,
          31.17091382646835,
          31.132406189874978,
          31.704257977964275,
          31.173122839350832,
          31.356004926021104,
          32.610058006686721,
          31.067553890842603,
          30.90150977673327,
          31.004511942212339,
          33.334937762292661,
          30.809959868509779,
          32.034969847039285,
          31.278938577012458,
          31.23899802882125,
          30.739008812936884,
          30.557433261783871,
          31.033709989590058,
          31.009620267380399,
          30.815633703032205,
          31.273080294600458,
          32.139967623493902,
          30.404670817346798,
          30.517104331209936,
          30.577200763892542,
          30.496568720681303,
          30.24886084537566,
          30.21943459515569,
          32.025216399479895,
          30.808911714949762,
          33.018993179110346,
          31.015252739912174,
          30.255242371148785,
          30.112952981418996,
          30.513240973670069,
          30.192468157378315,
          30.280384435487477],
 'train': [306.51704097979808,
           305.34987104909783,
           302.7995090750249,
           301.91527681430887,
           296.2900064707402,
           300.0704332800164,
           289.42808415217553,
           284.78658298615835,
           279.39270541202461,
           277.05580155464435,
           274.33018872210334,
           272.1630910532964,
           273.37060084001865,
           263.9292590723017,
           262.21288518267664,
           260.40245488830618,
           260.91062038867,
           258.44601120093,
           259.03443413642947,
           256.92043670197154,
           256.15272095685458,
           257.51948930494922,
           256.4685072337885,
           253.75579671180381,
           261.41829834686166,
           252.46340645914864,
           260.69128229265522,
           251.23669397088943,
           258.15679436743051,
           252.30583112150936,
           251.22531927676741,
           262.86552587728596,
           254.16670082190114,
           248.68322350726402,
           256.32001287379876,
           247.23328244600788,
           248.73685980109616,
           253.30698117972133,
           261.15527550423633,
           246.06463213803721,
           250.73613140914102,
           246.1547719594486,
           245.8426016467732,
           243.93155355703769,
           244.43703287853521,
           244.19325782266108,
           243.79605018633592,
           242.85223786887758,
           244.7843182882167,
           250.19176994041675,
           242.32409867737832,
           248.01681617294639,
           250.29199009554992,
           249.19546498294156,
           241.79266675415909,
           241.66170016372837,
           248.51319104869046,
           240.819530405065,
           255.56525568319915,
           241.90708496652104,
           245.19793302693265,
           239.86494392149652,
           238.70395635079865,
           237.91025110441052,
           237.66985491956024]}


epoch	train err	test err0	313.073069663	34.69336036861	307.279851732	34.32515165712	305.033277629	34.24695724463	307.504586547	34.35229075954	306.144547515	34.28057912215	304.505880676	34.19572968966	300.526091649	34.14445365717	304.890260727	34.22088961228	301.481297357	34.01984217379	296.973616676	33.923847143210	296.386645563	33.708589209411	291.784416941	33.500336474412	288.173524856	33.18181510113	283.226419774	33.06009330314	282.550047293	32.621637082415	277.239480664	32.870126038216	275.418895584	32.860223243117	269.034106998	31.765646194818	288.955282138	32.732274204319	265.385083503	31.674609649420	264.151758156	31.604459842521	262.511477556	31.001230918622	267.706119767	32.382300089823	278.280464659	31.7844334624	261.088213506	31.386272255125	258.250866765	30.784280441826	259.22435723	31.135377752727	256.693423067	30.613631302528	256.037458367	30.489812219229	258.075258595	30.29830246630	261.067721471	31.497763121731	254.186093892	30.2738583432	254.973159189	30.06534655333	256.787742274	30.901962181534	252.621680108	30.133126749535	252.581360806	30.197690225436	252.17427076	30.158502690937	251.910778758	29.730879834738	256.248894172	29.860117755739	260.019663395	30.064089015240	255.3404922	30.701694131141	249.419187368	29.717855433642	250.388150844	29.953907045643	248.380075589	29.471606291944	251.230426834	29.388744658145	251.716441611	29.369635222446	247.689438248	29.225531921947	250.76647622	29.247952860448	246.498162758	29.224963314249	247.161702568	29.047686431550	245.999712157	29.221296796551	246.702877311	28.947511025152	245.978002271	28.900587809753	257.687285957	29.517939928854	246.659327254	28.827475782155	254.473069213	29.239364927256	244.787819533	28.720625672357	246.974224163	29.505248608658	250.757871258	28.926232739159	251.318196468	28.935984062160	246.540333572	29.432033043761	244.634692995	28.535351764862	257.435138644	29.301864641963	250.613208361	28.806350986464	242.955522843	28.8583360471

{'test': [34.693360368559837,
          34.325151657070279,
          34.246957244579342,
          34.352290759474123,
          34.280579122126419,
          34.195729689565269,
          34.144453657116237,
          34.22088961220188,
          34.019842173662198,
          33.923847143178016,
          33.708589209402191,
          33.50033647438844,
          33.181815101014692,
          33.060093302989003,
          32.621637082408533,
          32.870126038156208,
          32.86022324306407,
          31.765646194798613,
          32.73227420429501,
          31.674609649446136,
          31.60445984246779,
          31.001230918572833,
          32.3823000898118,
          31.784433459953831,
          31.386272255061467,
          30.784280441787441,
          31.135377752723635,
          30.613631302461783,
          30.489812219242484,
          30.298302465957249,
          31.497763121710989,
          30.273858339972222,
          30.065346552969746,
          30.901962181462,
          30.133126749490344,
          30.197690225384676,
          30.158502690940786,
          29.730879834663348,
          29.860117755676683,
          30.064089015169539,
          30.70169413105279,
          29.717855433562029,
          29.95390704561526,
          29.471606291858954,
          29.388744658093728,
          29.369635222399399,
          29.225531921884727,
          29.24795286041752,
          29.224963314201286,
          29.047686431476372,
          29.221296796529465,
          28.947511025122473,
          28.900587809719685,
          29.517939928840178,
          28.827475782107932,
          29.239364927195073,
          28.720625672285308,
          29.50524860860553,
          28.926232739132125,
          28.935984062062325,
          29.432033043691931,
          28.535351764804584,
          29.301864641859016,
          28.806350986361061,
          28.858336047055644],
 'train': [313.07306966295766,
           307.27985173240864,
           305.03327762941268,
           307.50458654710656,
           306.14454751528211,
           304.50588067611591,
           300.52609164930908,
           304.89026072719349,
           301.48129735683,
           296.97361667598858,
           296.38664556349414,
           291.78441694056949,
           288.17352485636769,
           283.22641977421142,
           282.55004729314709,
           277.23948066422292,
           275.41889558373134,
           269.03410699781614,
           288.95528213762083,
           265.38508350341959,
           264.1517581558636,
           262.51147755582946,
           267.7061197673865,
           278.2804646590011,
           261.08821350583548,
           258.25086676451184,
           259.22435723024523,
           256.69342306715885,
           256.03745836674051,
           258.07525859515943,
           261.06772147114526,
           254.1860938916798,
           254.97315918896362,
           256.78774227448821,
           252.62168010814457,
           252.58136080649192,
           252.17427076008184,
           251.91077875801369,
           256.24889417203377,
           260.01966339515269,
           255.34049219991442,
           249.41918736841123,
           250.38815084438613,
           248.38007558938051,
           251.23042683371091,
           251.71644161057222,
           247.68943824797933,
           250.76647621988576,
           246.49816275768995,
           247.16170256759264,
           245.99971215650285,
           246.70287731136091,
           245.97800227084633,
           257.68728595735894,
           246.65932725410784,
           254.4730692131115,
           244.78781953348047,
           246.97422416317673,
           250.75787125833196,
           251.31819646756179,
           246.5403335724352,
           244.63469299524223,
           257.43513864390502,
           250.61320836117301,
           242.95552284316307]}
