

epoch	train err	test err0	303.758465683	29.86219858581	301.307779325	32.31380267342	286.760099833	29.85055811873	285.489443407	30.41868932234	280.990578344	28.65040021235	285.43478245	31.07109300236	276.70774771	29.40639648127	275.134542027	28.45667482148	274.28853948	29.40656643379	272.821370133	29.189217179410	274.509162652	28.130727504411	269.730133296	28.572991070512	269.93676934	28.189879842313	268.639764218	28.186264973814	270.7374267	27.950958123515	267.7478609	29.084722566716	265.725706509	28.303399016517	270.654849485	30.031292644518	265.817159301	27.874062892719	264.115243669	28.624514618120	271.841043469	30.580173040421	263.54290328	27.777391861422	263.530328304	27.695784324423	265.898661605	29.744436684924	268.205405862	27.552160198925	259.672292908	27.884745398526	259.411684665	28.427991305427	258.364880083	27.881095703828	257.898765762	27.849851688229	260.763031475	29.305037417630	258.408702083	27.497723818131	256.557025845	27.691049490132	264.174333465	27.309028613533	255.3753656	28.184632955834	254.650764678	27.918836317835	256.114150184	27.364445833136	254.432174124	28.343928374137	253.451807883	28.135257314138	253.948394887	28.477214513739	273.861734161	32.14320447340	253.460968921	27.337325302841	253.505167007	28.779785360642	260.638639935	30.321049496643	263.071444373	30.792485491244	270.241989544	31.913326086445	257.778953615	27.057445138146	252.844393794	28.902412220647	264.411701617	31.071010230348	248.758926807	27.943085411949	263.754865826	31.053144949450	256.329262651	29.862611163551	247.065992583	27.147084955552	246.272286295	27.473264743953	249.982882177	26.727160268954	248.164005954	26.791664474255	249.716092394	26.66017477556	245.535214594	26.997769889157	246.594100537	28.26408370458	244.162320846	27.420822389359	250.190410775	29.178916579560	258.134987952	26.658535642261	244.769368342	26.811946791862	244.366895281	27.990817436963	245.288728347	26.591238190964	261.635175867	31.073798869565	249.003516961	28.956220972866	248.550046045	29.085117256867	247.23167815	26.368483486868	241.465564108	27.392809992269	253.023422468	29.811061395970	244.096290626	26.372854703271	241.205521964	27.491720657872	240.325862247	27.187357612273	258.537826762	30.582530453874	239.692004409	26.939202218575	239.923945055	26.660754031376	246.864863699	26.309738602277	254.900151326	30.236411737678	256.588953737	30.39678527279	245.124369044	26.087899161480	241.805612189	27.874434013581	241.895735905	26.091454275982	239.581316084	26.454062475983	239.35000999	26.319907782884	246.11286448	28.8929915381

{'test': [29.86219858577963,
          32.313802673365281,
          29.850558118705443,
          30.418689322309891,
          28.650400212316232,
          31.071093002334553,
          29.406396481179243,
          28.456674821414172,
          29.40656643371954,
          29.189217179438749,
          28.130727504400941,
          28.572991070516188,
          28.189879842324729,
          28.186264973776225,
          27.950958123466744,
          29.084722566749136,
          28.303399016465995,
          30.031292644548362,
          27.874062892678296,
          28.624514618119065,
          30.580173040367718,
          27.77739186140878,
          27.695784324440258,
          29.744436684851216,
          27.552160198910606,
          27.884745398497696,
          28.427991305366568,
          27.881095703814371,
          27.849851688247018,
          29.305037417579442,
          27.497723818077851,
          27.691049490142753,
          27.309028613512176,
          28.184632955849388,
          27.918836317794092,
          27.364445833118875,
          28.34392837406892,
          28.135257314089763,
          28.477214513650555,
          32.143204472974467,
          27.337325302838078,
          28.779785360618099,
          30.321049496570076,
          30.792485491186405,
          31.91332608636381,
          27.057445138061382,
          28.902412220615417,
          31.071010230296412,
          27.94308541189735,
          31.053144949404466,
          29.862611163468383,
          27.147084955475471,
          27.47326474389855,
          26.727160268916901,
          26.791664474205572,
          26.660174774970457,
          26.997769889122686,
          28.264083703989304,
          27.420822389305194,
          29.178916579465369,
          26.658535642243834,
          26.811946791792593,
          27.990817436921304,
          26.59123819088169,
          31.073798869543417,
          28.956220972765532,
          29.085117256775888,
          26.368483486809872,
          27.392809992225274,
          29.811061395923105,
          26.372854703171733,
          27.491720657831369,
          27.187357612200401,
          30.582530453758096,
          26.939202218481743,
          26.660754031312543,
          26.309738602209805,
          30.236411737644126,
          30.396785271969893,
          26.087899161429338,
          27.8744340135211,
          26.091454275908688,
          26.454062475876029,
          26.319907782834548,
          28.892991538141125],
 'train': [303.7584656832986,
           301.30777932478065,
           286.7600998325276,
           285.48944340742582,
           280.99057834396422,
           285.43478244964422,
           276.70774770970399,
           275.134542026882,
           274.28853948026818,
           272.8213701326311,
           274.50916265186783,
           269.73013329622682,
           269.93676934038569,
           268.63976421787584,
           270.73742670022409,
           267.74786089998707,
           265.72570650947716,
           270.65484948484311,
           265.81715930126626,
           264.11524366903888,
           271.84104346868577,
           263.54290327978816,
           263.53032830360564,
           265.89866160454437,
           268.20540586167112,
           259.67229290793574,
           259.41168466481133,
           258.36488008292758,
           257.89876576228517,
           260.76303147524209,
           258.40870208273731,
           256.5570258454058,
           264.17433346541043,
           255.37536559972528,
           254.65076467810852,
           256.11415018424844,
           254.43217412370558,
           253.45180788339997,
           253.94839488655506,
           273.86173416100524,
           253.46096892085117,
           253.50516700724725,
           260.63863993498859,
           263.07144437329555,
           270.24198954391454,
           257.77895361458292,
           252.84439379445803,
           264.41170161721726,
           248.75892680717789,
           263.7548658258649,
           256.32926265120386,
           247.06599258333631,
           246.27228629497574,
           249.98288217660235,
           248.1640059538762,
           249.71609239386621,
           245.53521459434535,
           246.59410053650154,
           244.16232084597607,
           250.19041077504821,
           258.13498795210683,
           244.7693683421333,
           244.3668952805229,
           245.28872834707812,
           261.63517586727602,
           249.00351696081441,
           248.5500460452798,
           247.23167814968497,
           241.46556410825849,
           253.02342246760756,
           244.09629062637197,
           241.20552196391242,
           240.32586224682831,
           258.53782676223886,
           239.69200440943615,
           239.92394505468772,
           246.86486369911168,
           254.90015132604202,
           256.58895373723067,
           245.12436904357901,
           241.80561218948944,
           241.89573590485935,
           239.58131608439891,
           239.35000998988204,
           246.11286447997293]}


epoch	train err	test err0	313.832249755	34.76416375881	308.488063184	34.46517986992	304.712062255	34.44122169223	306.654757249	34.12397978354	298.481748813	34.09289410345	294.526317104	33.23617066016	286.226883626	33.14641442097	280.136661416	32.91270741278	275.73913794	33.01279270669	275.569070527	35.020216820510	269.792185566	33.981544475411	270.109651166	34.77914035612	270.030627394	33.872495786713	264.288994664	34.186814661714	269.56169468	35.971272148215	262.437484537	34.086470819116	260.788540859	34.169040217517	260.239087896	34.272252848718	258.495409247	34.377524985119	279.976020499	36.943372784820	256.51772314	34.53314466721	267.207258851	35.757573942422	255.190194682	34.73701574123	256.197506658	34.877683607224	262.069246997	35.859609580125	253.354361571	34.888395017426	252.122247452	35.099977530927	251.595920609	35.1274336428	250.773634265	35.011440271929	251.055972737	35.134253657930	249.273790862	35.397481636931	255.648609065	36.031761446732	247.298530686	35.246404237633	248.706028661	35.635389454634	250.213125913	36.045858096935	251.273481026	36.087037303636	263.694620538	38.330729078337	244.259713142	35.321352999138	271.733643226	38.878768147239	255.555252848	37.017544173940	243.043892425	35.659953075641	242.271053857	35.511531353742	248.65233574	36.46458541643	256.678285695	37.463608601644	240.717701073	35.491066926745	243.303657304	36.030004911246	247.185761405	36.627602925247	243.256867409	36.245516746448	241.07384169	35.766572546449	238.382199007	35.726642297350	245.244295384	36.625820056951	237.605397976	35.619906908452	239.767741391	35.8616832953	237.080542431	35.7580524654	236.614328061	35.832421086155	237.025329124	35.856697667356	241.318810482	36.173547298757	236.071635477	35.521496691958	236.101240135	35.470474971959	235.399754642	35.493825721860	252.423102652	37.096129878561	235.16282075	35.510768358162	250.127456237	37.145699878263	252.45592673	37.298335325464	233.847753001	35.412661239265	237.092114114	35.793924549666	256.227187222	37.540322126967	233.810043818	35.404496905968	235.03135817	35.404964863369	234.231976726	35.367337576270	233.642295285	35.513061775971	246.1886109	36.518768395472	242.051313106	36.671026379173	235.931591838	35.395072180474	232.218321221	35.160355647675	231.518549272	35.081157104776	239.230862845	36.342192888277	231.584386119	35.046132445778	231.435937608	35.180939032179	232.337913425	35.328477639380	250.171386894	37.88985020581	232.809940858	35.300233248382	231.008635712	35.093048444483	231.260361488	34.943371240384	234.662206671	35.7055079834

{'test': [34.764163758766941,
          34.465179869870212,
          34.441221692152666,
          34.123979783462381,
          34.092894103354674,
          33.236170660087055,
          33.146414420942911,
          32.912707412679289,
          33.012792706588975,
          35.020216820548534,
          33.981544475370498,
          34.779140356042433,
          33.872495786672779,
          34.186814661710002,
          35.971272148235784,
          34.086470819059628,
          34.169040217543994,
          34.272252848723987,
          34.377524985128133,
          36.943372784840847,
          34.533144667048497,
          35.757573942394423,
          34.737015740981526,
          34.877683607214728,
          35.859609580057644,
          34.888395017438867,
          35.099977530926068,
          35.127433639985931,
          35.011440271878676,
          35.134253657857535,
          35.397481636936106,
          36.031761446695747,
          35.246404237638416,
          35.635389454638002,
          36.045858096934076,
          36.087037303617464,
          38.330729078260006,
          35.321352999149553,
          38.878768147200404,
          37.017544173937729,
          35.65995307562445,
          35.511531353700612,
          36.464585415956556,
          37.463608601551606,
          35.491066926742306,
          36.030004911193416,
          36.627602925158925,
          36.245516746369447,
          35.76657254642712,
          35.726642297252255,
          36.625820056903841,
          35.619906908396835,
          35.861683290029028,
          35.758052460016479,
          35.83242108607427,
          35.856697667335212,
          36.173547298677605,
          35.521496691868649,
          35.470474971872122,
          35.493825721832721,
          37.096129878451599,
          35.510768358101124,
          37.145699878220384,
          37.29833532541231,
          35.412661239164777,
          35.79392454964065,
          37.540322126919278,
          35.404496905903777,
          35.404964863323102,
          35.367337576160736,
          35.513061775855348,
          36.518768395436965,
          36.671026379138588,
          35.395072180419987,
          35.160355647647485,
          35.081157104650373,
          36.342192888151146,
          35.046132445734735,
          35.180939032082819,
          35.328477639343198,
          37.889850205036232,
          35.300233248319962,
          35.093048444389986,
          34.943371240340127,
          35.70550798343686],
 'train': [313.83224975469011,
           308.48806318382623,
           304.71206225548468,
           306.65475724879531,
           298.48174881347262,
           294.52631710371151,
           286.22688362600013,
           280.13666141553324,
           275.739137940381,
           275.5690705269954,
           269.79218556585482,
           270.10965116591183,
           270.03062739445141,
           264.28899466427009,
           269.56169467994437,
           262.43748453711652,
           260.7885408585318,
           260.23908789603945,
           258.49540924655417,
           279.97602049923881,
           256.51772314038806,
           267.20725885112404,
           255.19019468221123,
           256.19750665762825,
           262.0692469966923,
           253.35436157105659,
           252.12224745217736,
           251.5959206093213,
           250.77363426479724,
           251.05597273730058,
           249.27379086191556,
           255.64860906481294,
           247.29853068603802,
           248.70602866058576,
           250.21312591315996,
           251.27348102648384,
           263.69462053828664,
           244.25971314167592,
           271.73364322640754,
           255.55525284829247,
           243.04389242526142,
           242.27105385746276,
           248.65233573955902,
           256.6782856949327,
           240.71770107323587,
           243.30365730439433,
           247.18576140517621,
           243.25686740866894,
           241.07384168961573,
           238.38219900669463,
           245.2442953836179,
           237.60539797608232,
           239.76774139053606,
           237.08054243143673,
           236.61432806091929,
           237.0253291237419,
           241.31881048184454,
           236.07163547739111,
           236.10124013488732,
           235.39975464186182,
           252.42310265217097,
           235.16282074957476,
           250.12745623679123,
           252.45592672999277,
           233.84775300148922,
           237.09211411368887,
           256.22718722175097,
           233.81004381777774,
           235.03135817018179,
           234.23197672647728,
           233.64229528473297,
           246.18861090013542,
           242.05131310577599,
           235.93159183814808,
           232.21832122065609,
           231.51854927152417,
           239.23086284500556,
           231.58438611896406,
           231.43593760827491,
           232.33791342494897,
           250.17138689448149,
           232.80994085766099,
           231.00863571168955,
           231.26036148849778,
           234.66220667103934]}


epoch	train err	test err0	309.840220148	32.07856035551	302.846624528	30.32482206062	296.918706235	29.09855454813	293.309882415	28.99727098334	294.394538978	29.66726703735	290.749862528	28.91657323716	285.708215952	27.70834640447	286.855433125	28.18061158538	281.998396025	26.88118695429	277.728819471	25.263697150110	276.528948725	24.684287150111	276.643068823	23.913803784112	276.857835017	23.670962455113	274.265045162	24.23978758914	279.842473497	27.073341707415	273.701373405	24.764430339316	273.197563562	23.346508939317	278.277587731	22.944080054718	271.34569818	23.45000708619	274.540580685	22.753635306920	275.98609741	22.619458219721	272.645730789	25.577892503622	269.804447446	22.766780056323	269.189620187	22.801777168724	269.748554255	24.921294714925	267.012661962	23.243517804626	267.628495818	24.358778250127	267.544633082	22.23463245728	265.47146262	23.013987637829	267.843870545	25.108163735530	265.706156448	22.055995436831	264.269140263	22.166513437132	263.043844823	22.704842812533	266.714792087	25.340504374334	262.921408256	22.091439285235	269.456666488	21.579376682336	267.4195819	21.519701395437	260.571140991	22.504590376438	266.971960264	21.439356563539	269.764803693	27.128190895140	263.087177048	21.473959986441	260.514984865	24.113415728542	284.568477311	31.070453475843	257.783408603	22.645123838844	257.606234537	22.03324850945	267.977280504	27.303613526446	264.425616925	21.529926244447	257.710226646	21.738231602348	255.219125879	22.459071817749	255.117634051	21.947495737650	268.100532493	21.623806921551	266.866195533	27.654003215152	268.000419648	21.678180614153	256.267048579	21.299537788654	257.27254789	25.286615631755	252.948394446	23.572583849956	278.576392778	30.767327762557	261.774278767	26.922301458958	254.219070034	24.838076267559	278.937032873	31.309374691460	267.356464816	21.926834764861	250.498154826	21.782513373362	252.659342924	24.860908700863	274.280577568	30.505434448264	253.461039937	25.396945985965	249.288461812	23.967281157366	256.873588856	26.655953112467	250.265435085	24.674581476268	246.56428267	22.626797735269	247.191571146	21.973891050370	250.547257583	25.128996366971	246.38682795	21.933016057372	245.861357237	23.435562052773	246.162965677	21.832770221574	261.395906644	28.421618712875	244.390048864	23.115999031776	244.762178655	22.342071340277	243.769900052	22.720944898878	244.760026083	23.953945354379	243.41645568	23.329816495580	260.242355141	28.637218146281	243.680719	23.885905235282	264.14643699	22.03876230283	242.063815969	23.335895865984	258.45261759	28.4606296199

{'test': [32.078560355488101,
          30.324822060648486,
          29.098554548082788,
          28.997270983292569,
          29.667267037329129,
          28.916573237062483,
          27.708346404356419,
          28.180611585294514,
          26.881186954239215,
          25.263697150099659,
          24.684287150053535,
          23.91380378413826,
          23.670962455105368,
          24.239787589005005,
          27.07334170741472,
          24.764430339281677,
          23.346508939321957,
          22.944080054727895,
          23.45000708596584,
          22.753635306916994,
          22.619458219682286,
          25.577892503620415,
          22.766780056347255,
          22.801777168655338,
          24.921294714940643,
          23.243517804566082,
          24.358778250067523,
          22.234632456996174,
          23.013987637802781,
          25.10816373548019,
          22.055995436751537,
          22.166513437110375,
          22.704842812467653,
          25.34050437425854,
          22.091439285175092,
          21.579376682258886,
          21.51970139542129,
          22.504590376406568,
          21.439356563464884,
          27.128190895069963,
          21.473959986357134,
          24.113415728478401,
          31.070453475771441,
          22.64512383881242,
          22.033248508957168,
          27.303613526368693,
          21.5299262443679,
          21.738231602269785,
          22.459071817714435,
          21.947495737638661,
          21.623806921534253,
          27.654003215088895,
          21.678180614117959,
          21.299537788582896,
          25.286615631669616,
          23.572583849901523,
          30.767327762521958,
          26.922301458914248,
          24.8380762675197,
          31.309374691357984,
          21.926834764825713,
          21.782513373260901,
          24.86090870075342,
          30.505434448221731,
          25.396945985895414,
          23.967281157288625,
          26.655953112384658,
          24.674581476214314,
          22.626797735246381,
          21.973891050271629,
          25.128996366911178,
          21.933016057329858,
          23.435562052663769,
          21.832770221473542,
          28.421618712811622,
          23.115999031692859,
          22.342071340152682,
          22.720944898753846,
          23.953945354289623,
          23.329816495525357,
          28.637218146166241,
          23.885905235180733,
          22.038762302000485,
          23.335895865894805,
          28.460629619864307],
 'train': [309.8402201475771,
           302.84662452766833,
           296.91870623453531,
           293.30988241516366,
           294.39453897830469,
           290.74986252755338,
           285.70821595200562,
           286.85543312470611,
           281.99839602510781,
           277.72881947077951,
           276.52894872466538,
           276.64306882328776,
           276.8578350171141,
           274.2650451615014,
           279.84247349650065,
           273.70137340462463,
           273.19756356158109,
           278.2775877305134,
           271.34569818043269,
           274.54058068505628,
           275.9860974100813,
           272.64573078922217,
           269.80444744609497,
           269.18962018670777,
           269.74855425451921,
           267.01266196208968,
           267.62849581847325,
           267.54463308178862,
           265.47146261973057,
           267.84387054469966,
           265.70615644816917,
           264.26914026270543,
           263.04384482261293,
           266.71479208712549,
           262.92140825644492,
           269.45666648772595,
           267.41958190016243,
           260.57114099115762,
           266.97196026359785,
           269.76480369278079,
           263.08717704773312,
           260.514984864555,
           284.56847731141278,
           257.78340860297402,
           257.60623453729289,
           267.97728050416771,
           264.42561692535759,
           257.71022664635234,
           255.21912587872885,
           255.11763405115363,
           268.10053249328951,
           266.86619553260408,
           268.00041964801494,
           256.26704857945168,
           257.27254788992684,
           252.94839444588484,
           278.57639277784773,
           261.77427876738403,
           254.21907003380056,
           278.93703287299115,
           267.35646481561571,
           250.49815482561235,
           252.6593429239494,
           274.28057756789474,
           253.46103993744333,
           249.28846181199896,
           256.87358885553078,
           250.26543508515346,
           246.56428267045985,
           247.19157114561915,
           250.54725758264919,
           246.38682794956836,
           245.86135723710402,
           246.16296567745442,
           261.39590664413396,
           244.39004886433878,
           244.76217865479686,
           243.76990005166144,
           244.76002608305578,
           243.41645568034443,
           260.24235514061229,
           243.68071899968788,
           264.14643699045433,
           242.06381596940903,
           258.45261758996685]}
