

epoch	train err	test err0	299.938879514	33.19686661461	290.850639417	32.21420624642	285.808654464	31.53996542923	284.606266037	31.32943171324	282.796016003	31.33423546475	296.810229221	31.89197447976	287.083715489	31.43732464927	282.091374124	31.0332327318	278.432474902	30.79286404659	273.788371266	30.396963055710	322.659395919	33.624959019311	271.642836708	30.192506181612	271.087742995	30.141397751513	268.783504515	29.856185803114	269.466582566	29.967384586115	266.582064577	29.6094665816	266.42255193	29.422562987917	270.668626806	29.406499083618	285.97870564	30.204015607419	266.78265121	29.598601877920	275.450421177	29.32435391921	266.735245712	28.897679642822	260.326694758	28.748143072223	274.353277146	29.014117515624	261.566255311	28.424159134825	259.930608781	28.41322879526	259.130535111	28.320604003327	261.247531798	28.796760671928	257.394836152	28.302712468729	271.546882453	29.325458921130	264.175533894	28.075680454131	279.01006011	29.018660187232	258.380556117	27.832340103133	278.257826484	28.661683017534	254.622472431	27.847747823135	254.057256945	27.725889633736	257.671653001	27.532531861737	253.769097899	27.690321515738	253.543651311	27.617641513939	256.317183749	27.373449595240	252.351132181	27.40700166941	260.770572544	28.105318031942	256.399187754	27.760703539143	257.425762989	27.804880425344	250.380604205	27.042414466945	254.095477371	26.927219852846	255.14415177	27.051808067747	250.408581292	26.67404802848	250.704327348	26.612259686949	248.315774075	26.605675611450	252.14130998	27.013890692551	258.158152115	26.691970713552	254.535997906	26.554438185453	246.507448164	26.318557752154	255.893974771	26.545288990755	246.975917287	26.107294382656	245.619123541	26.15005987357	246.798419878	26.304925169858	245.904462995	26.137651965659	262.836600553	26.656430947660	247.62186728	25.833703222261	245.932939249	26.002127546862	243.293363384	25.547935041163	242.835053397	25.419928487964	250.298506791	26.160634033465	244.665097697	25.344473240866	274.794600859	27.312688572967	245.282175602	25.548688005868	249.046693688	25.893265311869	244.597993552	25.019268680870	240.525714001	24.881101284571	241.894227252	25.169119270672	246.288467901	25.475242959673	246.494066729	25.525733814674	242.715844541	25.097883203375	238.034333483	24.545797587976	246.038844731	24.878459999577	247.835955099	24.952184853278	237.011118808	24.313704718979	236.947092563	24.218145417980	239.046170099	24.534062100481	256.248214975	25.038707839982	245.888989467	25.134808525683	239.034098182	24.396643174884	244.029572964	24.5222962853

{'test': [33.196866614633876,
          32.214206246395662,
          31.539965429222246,
          31.329431713228004,
          31.33423546472158,
          31.891974479706171,
          31.437324649205223,
          31.033232730978188,
          30.792864046507589,
          30.396963055749442,
          33.624959019293712,
          30.192506181575538,
          30.141397751528068,
          29.856185803071153,
          29.96738458611491,
          29.609466580028169,
          29.422562987894299,
          29.406499083643226,
          30.204015607390446,
          29.598601877919364,
          29.324353918951726,
          28.897679642826343,
          28.748143072182074,
          29.014117515638809,
          28.424159134794248,
          28.413228795025969,
          28.320604003295642,
          28.796760671858678,
          28.302712468691226,
          29.325458921070048,
          28.075680454133959,
          29.018660187219073,
          27.832340103053333,
          28.66168301752748,
          27.847747823111845,
          27.725889633667919,
          27.532531861662985,
          27.690321515741189,
          27.617641513923388,
          27.373449595158849,
          27.407001668973066,
          28.105318031903437,
          27.760703539092447,
          27.804880425316021,
          27.042414466856432,
          26.92721985276707,
          27.051808067663583,
          26.674048027955475,
          26.612259686865919,
          26.605675611436553,
          27.013890692457103,
          26.691970713539128,
          26.554438185435824,
          26.318557752136389,
          26.5452889906595,
          26.107294382608444,
          26.150059872973667,
          26.304925169849458,
          26.137651965605297,
          26.656430947621267,
          25.833703222167212,
          26.0021275467574,
          25.547935041089364,
          25.419928487895216,
          26.160634033437738,
          25.344473240778139,
          27.312688572889289,
          25.548688005793366,
          25.893265311795204,
          25.019268680791775,
          24.881101284543682,
          25.169119270605606,
          25.475242959552993,
          25.525733814578064,
          25.097883203279288,
          24.545797587927577,
          24.878459999529486,
          24.952184853173119,
          24.313704718920622,
          24.218145417890884,
          24.534062100404558,
          25.038707839880466,
          25.134808525560377,
          24.396643174846282,
          24.522296285271558],
 'train': [299.93887951403531,
           290.8506394165131,
           285.8086544636119,
           284.60626603693311,
           282.79601600342056,
           296.81022922060293,
           287.08371548875385,
           282.09137412436502,
           278.43247490238952,
           273.78837126597659,
           322.65939591852282,
           271.64283670826939,
           271.08774299545445,
           268.78350451494077,
           269.46658256554093,
           266.58206457746905,
           266.42255192997015,
           270.6686268061265,
           285.97870564045775,
           266.78265120960128,
           275.45042117674188,
           266.73524571213449,
           260.3266947579778,
           274.35327714569166,
           261.56625531141458,
           259.93060878116279,
           259.13053511117164,
           261.24753179769425,
           257.39483615178995,
           271.54688245316157,
           264.1755338944356,
           279.01006011006933,
           258.38055611745546,
           278.25782648407579,
           254.62247243122144,
           254.05725694454628,
           257.67165300120701,
           253.7690978988349,
           253.54365131120394,
           256.31718374854051,
           252.35113218108381,
           260.77057254352326,
           256.39918775445062,
           257.42576298879442,
           250.38060420502026,
           254.09547737082937,
           255.14415176952173,
           250.4085812919412,
           250.70432734750676,
           248.31577407526242,
           252.14130998039562,
           258.15815211489638,
           254.53599790637506,
           246.50744816391017,
           255.89397477065262,
           246.97591728657707,
           245.61912354071566,
           246.79841987767475,
           245.90446299516961,
           262.83660055283121,
           247.62186728038691,
           245.93293924940014,
           243.29336338372531,
           242.83505339717118,
           250.29850679057489,
           244.66509769727352,
           274.79460085941781,
           245.28217560163711,
           249.04669368809218,
           244.59799355162355,
           240.52571400127562,
           241.89422725161253,
           246.28846790053919,
           246.49406672914932,
           242.71584454126852,
           238.0343334833122,
           246.03884473111609,
           247.83595509943083,
           237.01111880841867,
           236.94709256288647,
           239.04617009943192,
           256.24821497528086,
           245.88898946699695,
           239.03409818179628,
           244.02957296372108]}


epoch	train err	test err0	303.233622465	33.04649638051	290.365439617	31.20228441792	289.373271493	29.47304491653	282.362949414	29.64641505844	283.32373985	31.78432400125	290.13938721	32.84974193756	294.708711299	33.43316107277	311.924976987	35.58244987538	272.491751537	29.39578098799	275.768825197	28.115939340710	271.273394548	28.791338081311	275.635191055	30.369244541812	271.00574897	27.978944241813	275.466703713	30.324120986414	268.508017463	28.419044473815	270.332808634	27.261599187216	278.270615791	30.725869064317	272.311880624	26.517966394818	268.158389369	26.745252545319	292.546859922	32.70188028820	266.009615145	28.12258050521	267.261523224	26.111829520922	263.43425266	26.946909851323	263.036725494	27.050117309624	279.166543088	30.555154963825	265.598469825	28.037036534826	262.237931548	27.028184413927	260.834085158	26.143681289628	264.068103778	27.62755769829	275.712146652	29.82537098930	263.962969025	27.584884686131	260.301118171	25.092776558532	259.458061915	26.200104699733	264.396491208	27.623966969634	265.272000208	27.774043177935	257.442713737	25.178314087436	258.927481411	24.268879014837	266.159921195	23.638315068538	260.14107552	26.602241807539	258.362509296	23.863510129440	255.554854418	24.923609920741	255.469542501	24.183046091742	256.08715228	23.798602768443	257.960326345	23.411474018244	301.607400545	33.32343596545	255.756715531	25.45386327846	260.260344795	26.633646044247	255.817307893	25.515421496848	269.15809666	22.745595581749	252.598066531	23.68542898850	255.54514584	25.585635599151	254.040173116	25.202175904452	254.280022408	25.327147252553	254.888005939	22.719988395354	251.688309724	24.572627074555	253.089087617	25.094101950156	250.139878105	24.03525047457	250.236607499	24.182143960258	249.768687931	24.090317771159	250.604876014	24.520849967260	248.998049937	23.75943046761	248.839549771	23.888680950262	263.300671164	27.261078833163	249.176222401	22.470631251164	247.551296339	22.967719116565	249.5034475	22.304881100366	255.139349755	21.899393412467	247.926833811	24.01117811168	251.125729937	21.970970595369	254.946108749	25.711147998270	249.023745828	22.152017109771	248.132469028	22.237217789272	251.001103691	25.080151776173	248.102775192	22.182157372774	245.009175382	23.25519256275	260.604206087	26.972730608976	244.252284592	22.479065574177	253.871771644	25.586990773478	244.809305082	22.062087783179	251.335172946	25.240060870380	248.567940225	24.608301077181	249.551543384	21.436510753982	243.840901229	21.91707581683	243.670688746	21.968604236884	244.7006822	21.7130536551

{'test': [33.046496380487923,
          31.202284417917703,
          29.473044916500719,
          29.646415058440887,
          31.784324001236229,
          32.849741937460564,
          33.433161072681138,
          35.582449875345759,
          29.395780987889502,
          28.115939340662436,
          28.791338081342282,
          30.369244541844637,
          27.978944241816599,
          30.324120986361883,
          28.419044473818833,
          27.261599187165217,
          30.725869064308419,
          26.51796639480613,
          26.745252545314177,
          32.701880288015836,
          28.122580505045168,
          26.111829520899278,
          26.946909851323728,
          27.050117309603088,
          30.555154963764071,
          28.037036534782981,
          27.028184413850799,
          26.143681289618971,
          27.627557697957645,
          29.825370989016815,
          27.584884686053215,
          25.092776558459271,
          26.200104699672274,
          27.623966969552363,
          27.774043177901252,
          25.178314087374563,
          24.268879014767627,
          23.638315068482498,
          26.602241807494892,
          23.863510129357149,
          24.923609920655373,
          24.1830460917053,
          23.798602768353327,
          23.411474018182371,
          33.323435965021524,
          25.453863277977238,
          26.633646044219013,
          25.515421496760005,
          22.745595581724178,
          23.685428987995881,
          25.5856355991193,
          25.202175904363145,
          25.327147252522522,
          22.719988395271312,
          24.57262707446499,
          25.094101950093208,
          24.035250473989613,
          24.182143960201945,
          24.090317771090042,
          24.520849967156039,
          23.759430467020195,
          23.888680950192231,
          27.26107883309405,
          22.470631251067854,
          22.967719116536273,
          22.304881100262332,
          21.899393412421858,
          24.011178110993171,
          21.970970595327266,
          25.711147998227702,
          22.152017109651812,
          22.237217789228563,
          25.080151776117635,
          22.182157372694441,
          23.255192562022014,
          26.972730608900125,
          22.479065574131411,
          25.586990773385082,
          22.062087783057301,
          25.24006087027038,
          24.608301077128345,
          21.436510753856741,
          21.917075816004704,
          21.9686042367582,
          21.713053655053436],
 'train': [303.23362246506281,
           290.36543961670765,
           289.37327149312881,
           282.36294941444498,
           283.32373985026732,
           290.13938720987682,
           294.70871129863582,
           311.92497698651482,
           272.49175153709587,
           275.76882519670914,
           271.27339454846566,
           275.63519105480776,
           271.005748970014,
           275.4667037134106,
           268.50801746275198,
           270.33280863416161,
           278.27061579102838,
           272.31188062350327,
           268.15838936853072,
           292.54685992162928,
           266.00961514542126,
           267.26152322368972,
           263.4342526603034,
           263.03672549424846,
           279.16654308755545,
           265.59846982528296,
           262.23793154834152,
           260.83408515786732,
           264.06810377771814,
           275.71214665175899,
           263.96296902502314,
           260.30111817120047,
           259.45806191513151,
           264.39649120794775,
           265.27200020836227,
           257.44271373731982,
           258.92748141119193,
           266.15992119492194,
           260.14107551973967,
           258.36250929618984,
           255.55485441828242,
           255.46954250122673,
           256.08715228010857,
           257.96032634542132,
           301.60740054472643,
           255.75671553118821,
           260.26034479512475,
           255.81730789338056,
           269.15809665983051,
           252.59806653079943,
           255.54514584010843,
           254.04017311566651,
           254.28002240834883,
           254.88800593937501,
           251.68830972359973,
           253.08908761691021,
           250.13987810466145,
           250.23660749912514,
           249.76868793050247,
           250.60487601361709,
           248.99804993651844,
           248.83954977083354,
           263.30067116352757,
           249.17622240120198,
           247.55129633894137,
           249.50344749982247,
           255.13934975519891,
           247.92683381117803,
           251.12572993745175,
           254.94610874913076,
           249.02374582833247,
           248.13246902759377,
           251.00110369130132,
           248.10277519180204,
           245.00917538208691,
           260.60420608683694,
           244.25228459151242,
           253.87177164390363,
           244.80930508159946,
           251.33517294572124,
           248.56794022538679,
           249.55154338358651,
           243.84090122878712,
           243.67068874600747,
           244.70068220044703]}


epoch	train err	test err0	299.715411506	38.60719112451	293.362440512	39.97808943892	288.317755362	41.09641342153	282.570567571	41.3760564384	276.401866814	40.13096408355	277.033592515	43.88023358186	271.617777878	42.6286269767	267.295527451	40.43153084558	266.011020565	38.98029000049	273.498775357	46.364613870710	263.108695634	38.945343754711	266.75806515	37.249640500312	259.051495817	41.089596191413	276.113298408	35.965597451114	264.086224064	37.066020881515	258.232298928	38.171163356216	271.820330827	35.902411501417	254.815481798	38.516145706618	252.425517212	40.228871077919	251.626852603	39.682048310620	251.292188683	38.748988996121	250.237682376	39.064505355922	256.864943946	36.696123482923	249.775773183	38.316871912924	252.114991079	42.321332337925	262.40664757	35.780468663226	257.658977901	36.046622569627	254.534785044	36.329367217728	246.22470748	38.909981262629	246.309087145	38.258493510330	246.248128948	37.795759733231	245.959980869	40.052317716732	245.614563069	39.83126865433	244.761353854	37.950768811834	261.186562765	35.186218325535	243.524567857	38.092063634736	245.732916458	36.82408220837	254.553219314	35.365982015338	245.498473923	36.329140908639	253.502064277	35.224953582740	268.011040494	34.519791758641	241.171903236	37.894882973542	240.962650102	37.853880489943	240.937515356	37.247671514244	240.642623467	37.070867648745	242.92927104	40.129437355846	257.041573731	44.076048932847	242.436636268	40.367615340948	284.462934664	34.332628362249	242.825652477	35.739654674550	237.944234726	38.429598195351	238.055487486	36.455018947452	250.02970286	42.122134787453	240.473461971	39.415624656354	236.603351496	38.493117354455	244.572952282	34.664172719456	240.168945546	39.982559644557	234.903139047	37.763297554758	241.585184789	34.271137808759	239.049747735	34.490132473660	233.453031569	37.204427152861	235.919956487	38.616414531362	233.484154753	35.360340497563	234.617596209	34.718218236864	231.753817639	36.640523449465	258.70691819	33.20451263766	235.748704055	33.914317855867	248.61968368	33.448335375168	244.205997621	33.170299023169	248.872862214	42.772162578670	247.431260649	33.061735782371	229.463888984	36.777993095872	270.361793918	32.749376552773	239.251179674	33.218982591974	230.026251616	37.541609150975	257.901109221	44.466308182476	231.876796622	38.437700522877	255.848215761	44.519520481678	227.595596253	36.534891591779	248.236774662	42.970997354680	226.513754228	34.600968229881	247.087009206	32.439595934382	237.762270841	40.362818976183	225.758363303	35.680518582484	225.436647214	34.8475625621

{'test': [38.607191124450488,
          39.978089438914012,
          41.096413421500593,
          41.376056438030275,
          40.130964083463347,
          43.880233581758333,
          42.628626976037474,
          40.431530845471869,
          38.980290000358259,
          46.364613870678994,
          38.94534375467299,
          37.249640500306711,
          41.089596191421066,
          35.965597451058571,
          37.066020881474081,
          38.171163356203124,
          35.902411501438785,
          38.51614570662948,
          40.228871077941996,
          39.682048310562905,
          38.748988996112104,
          39.064505355892386,
          36.696123482943982,
          38.316871912850779,
          42.321332337913773,
          35.780468663161741,
          36.046622569555922,
          36.329367217697886,
          38.909981262611552,
          38.258493510336876,
          37.795759733194622,
          40.05231771670465,
          39.831268653965353,
          37.950768811750663,
          35.186218325514929,
          38.092063634654956,
          36.824082207964899,
          35.365982015300375,
          36.329140908591725,
          35.224953582729611,
          34.519791758617252,
          37.894882973487093,
          37.853880489909891,
          37.247671514154987,
          37.070867648740098,
          40.129437355821366,
          44.076048932776345,
          40.367615340926754,
          34.332628362217356,
          35.739654674478778,
          38.429598195301011,
          36.455018947358838,
          42.122134787353083,
          39.415624656250095,
          38.493117354422054,
          34.6641727194475,
          39.982559644536316,
          37.763297554707528,
          34.271137808741912,
          34.490132473621856,
          37.204427152762506,
          38.61641453130332,
          35.360340497541195,
          34.718218236817371,
          36.640523449442263,
          33.204512636957247,
          33.914317855780311,
          33.448335375060509,
          33.170299023076531,
          42.7721625786142,
          33.061735782293376,
          36.777993095782257,
          32.749376552733615,
          33.218982591906233,
          37.541609150856331,
          44.466308182385639,
          38.437700522841183,
          44.5195204816428,
          36.534891591736283,
          42.970997354589564,
          34.600968229835992,
          32.439595934255983,
          40.362818976081115,
          35.68051858236273,
          34.847562562080178],
 'train': [299.71541150578787,
           293.36244051175487,
           288.31775536223756,
           282.57056757075998,
           276.40186681421278,
           277.03359251530827,
           271.61777787842243,
           267.29552745096402,
           266.01102056451538,
           273.49877535726489,
           263.10869563364577,
           266.75806515042279,
           259.05149581696111,
           276.11329840758106,
           264.08622406409512,
           258.23229892757644,
           271.82033082721688,
           254.81548179799606,
           252.42551721181076,
           251.62685260275367,
           251.29218868256751,
           250.23768237623023,
           256.86494394563704,
           249.77577318275769,
           252.11499107881389,
           262.4066475696016,
           257.65897790134687,
           254.53478504354518,
           246.22470747986094,
           246.30908714453221,
           246.24812894834895,
           245.95998086925653,
           245.61456306905447,
           244.76135385440617,
           261.18656276535143,
           243.52456785736402,
           245.73291645759602,
           254.55321931403068,
           245.49847392333075,
           253.50206427749137,
           268.01104049405808,
           241.17190323595494,
           240.96265010194199,
           240.93751535619768,
           240.64262346677341,
           242.92927103956438,
           257.04157373070421,
           242.43663626846916,
           284.46293466421736,
           242.82565247715959,
           237.94423472579496,
           238.05548748558533,
           250.02970286000104,
           240.47346197140425,
           236.60335149558171,
           244.5729522820609,
           240.16894554602655,
           234.90313904713821,
           241.58518478906677,
           239.04974773459648,
           233.45303156895525,
           235.91995648746965,
           233.48415475326152,
           234.61759620870586,
           231.75381763929823,
           258.70691818980146,
           235.74870405536976,
           248.61968367970874,
           244.20599762086249,
           248.87286221357354,
           247.43126064911752,
           229.46388898447987,
           270.36179391830422,
           239.25117967399146,
           230.0262516158144,
           257.90110922063781,
           231.87679662242459,
           255.84821576104798,
           227.59559625296612,
           248.23677466194243,
           226.51375422780316,
           247.08700920564797,
           237.76227084135425,
           225.75836330300987,
           225.43664721429565]}
