

epoch	train err	test err0	314.647676189	33.39116956361	299.844070334	30.81455956162	296.63861795	31.19139531153	288.330287711	29.92099598924	287.477976179	31.02001305725	275.468579948	29.31627529556	272.079741704	29.65906423647	269.281002659	29.13304526948	264.426263174	29.08359302529	262.989665956	29.194006423510	261.981370196	29.35762814311	260.752672138	29.385172892512	270.883486969	31.407606166413	273.416372629	31.880311354514	257.075142246	29.120750757215	276.071435281	32.377440745516	254.865722121	28.697703917117	256.192270601	29.262010584618	254.82078825	28.351407309119	254.667656298	29.034000722820	253.312025237	28.854910622521	266.426772757	31.207959417622	255.632704254	28.083645598723	250.337940027	28.076678306224	272.279002922	32.137607733625	278.356486155	29.512375605126	248.646233856	27.925342715527	248.934976231	27.611145703228	247.728724031	27.656292127729	249.402143896	27.479509818230	262.769302771	30.676806566831	254.364046637	29.327193042532	247.982151401	28.125440997633	247.576634459	27.176220326834	245.872237748	27.718521192935	244.757975565	27.318502608536	247.062431104	28.122158325937	244.609579781	27.001359026138	244.887336824	26.886710514839	243.664725032	26.896923040140	243.279367053	27.120892395341	256.058907818	27.231709944342	247.655652626	28.211416431243	244.095717183	27.450743596744	246.222232703	27.931208053445	245.254812615	27.754988064846	241.531962793	26.6483784547	248.176851056	26.536162823648	243.847534365	26.322424335149	248.651676792	28.388205876450	283.762593322	33.940989351351	247.774573044	26.384526311452	249.95914937	28.605918775853	245.025120279	27.729166376554	248.103551064	28.301683297155	247.722568297	26.269881213556	265.384550094	27.583934718757	239.532422736	26.055198611358	239.242566456	26.227534492259	241.343075644	25.870589481560	249.656707688	26.258706162761	248.894798406	26.180304499762	250.410688721	26.267257332863	241.61191593	25.758675894664	245.680452445	27.7794636565	255.609456478	29.536347820866	239.728897642	25.661691419867	293.116562989	35.363128159768	240.544482102	25.617141293369	265.658711063	27.390849172570	239.015795238	25.569091649871	267.294688954	31.41517255172	258.267512981	26.71400863473	241.873803872	27.026278572974	241.238250005	25.501790102175	238.152175196	26.144170273276	243.483425221	25.570606336477	237.856664308	26.073662543378	245.727611828	25.677523299579	237.179587441	25.846628825980	244.227639113	25.557391687681	239.530479424	26.519486094382	249.020868547	28.368169003183	319.306231583	39.222016090384	259.69661896	30.1722589454

{'test': [33.391169563636062,
          30.814559561576573,
          31.191395311478509,
          29.920995989219811,
          31.020013057205766,
          29.316275295499569,
          29.659064236385035,
          29.133045269380936,
          29.083593025211322,
          29.194006423472597,
          29.357628142973418,
          29.385172892505654,
          31.407606166350472,
          31.880311354514149,
          29.120750757163137,
          32.377440745532724,
          28.697703917113589,
          29.262010584587514,
          28.351407309114474,
          29.034000722836517,
          28.854910622479416,
          31.207959417550654,
          28.083645598660496,
          28.076678306171605,
          32.13760773363488,
          29.512375605080742,
          27.9253427154554,
          27.611145703191106,
          27.656292127722683,
          27.479509818195858,
          30.676806566754152,
          29.327193042539072,
          28.125440997572085,
          27.176220326835608,
          27.71852119287427,
          27.318502608515868,
          28.122158325861033,
          27.001359026082504,
          26.886710514824401,
          26.896923040088094,
          27.120892395260448,
          27.23170994426328,
          28.211416431184439,
          27.450743596695105,
          27.931208053420097,
          27.75498806484994,
          26.648378449960788,
          26.53616282355615,
          26.32242433511335,
          28.388205876374929,
          33.940989351298171,
          26.384526311359298,
          28.60591877578203,
          27.729166376512929,
          28.301683297111421,
          26.269881213482549,
          27.583934718691491,
          26.055198611307357,
          26.227534492163752,
          25.870589481475292,
          26.258706162734551,
          26.180304499686443,
          26.267257332820819,
          25.758675894571745,
          27.779463650049422,
          29.536347820760202,
          25.661691419756227,
          35.363128159738523,
          25.617141293253507,
          27.390849172461834,
          25.569091649763486,
          31.415172551030235,
          26.714008633966415,
          27.026278572894441,
          25.501790102071705,
          26.144170273178663,
          25.570606336357493,
          26.073662543306785,
          25.677523299468632,
          25.84662882587573,
          25.557391687603463,
          26.519486094335626,
          28.368169003053243,
          39.22201609034515,
          30.172258945399321],
 'train': [314.64767618913299,
           299.8440703344807,
           296.63861794980062,
           288.33028771052142,
           287.47797617911471,
           275.46857994797654,
           272.07974170439451,
           269.28100265876407,
           264.42626317356837,
           262.98966595567487,
           261.9813701959834,
           260.7526721376459,
           270.88348696876244,
           273.41637262907369,
           257.07514224636964,
           276.07143528085174,
           254.86572212098798,
           256.19227060079555,
           254.82078824962002,
           254.66765629787812,
           253.31202523725764,
           266.4267727567842,
           255.63270425434845,
           250.33794002711809,
           272.27900292208159,
           278.35648615469148,
           248.64623385559341,
           248.93497623051942,
           247.72872403099296,
           249.40214389584131,
           262.76930277118282,
           254.36404663703257,
           247.98215140106515,
           247.57663445886129,
           245.87223774807376,
           244.7579755649771,
           247.06243110411091,
           244.6095797812431,
           244.88733682420454,
           243.66472503207422,
           243.27936705331351,
           256.05890781762628,
           247.65565262604363,
           244.09571718256058,
           246.22223270347911,
           245.25481261470858,
           241.53196279309091,
           248.17685105596962,
           243.84753436537781,
           248.65167679178379,
           283.76259332163721,
           247.77457304417567,
           249.9591493695257,
           245.02512027854098,
           248.10355106422745,
           247.72256829706083,
           265.38455009413286,
           239.53242273645697,
           239.2425664557893,
           241.34307564357323,
           249.65670768846132,
           248.89479840615527,
           250.41068872129705,
           241.61191592990815,
           245.68045244498262,
           255.60945647805491,
           239.72889764195779,
           293.11656298861516,
           240.54448210246048,
           265.65871106297362,
           239.01579523771341,
           267.29468895423412,
           258.26751298095769,
           241.87380387201864,
           241.23825000487497,
           238.15217519627774,
           243.48342522063632,
           237.85666430820538,
           245.72761182751827,
           237.17958744109015,
           244.22763911336523,
           239.53047942392789,
           249.02086854675161,
           319.30623158342917,
           259.69661896007585]}


epoch	train err	test err0	307.507546018	35.19845398811	298.807553756	34.83254862682	295.808964662	34.33401425183	291.7139342	34.0626984464	289.570275946	33.87511354615	282.95375413	32.53070972696	281.265467227	32.48521899997	275.278512716	31.03119379518	272.060479568	29.98073654149	273.418155056	28.711510574210	268.708824748	28.395228928211	270.501722086	30.032433298912	266.123936302	28.676153262113	265.303739034	28.513430563714	268.411705061	26.985111454415	267.887425459	26.795874129916	262.160191496	27.61844367117	262.141880603	27.803208732718	261.914111302	26.269045731519	299.260732057	28.4595201920	264.637403176	25.869634953521	259.509024343	27.235996941722	259.275384254	25.723888029723	263.261874411	28.292043365424	256.518464845	26.333291540725	272.709366186	25.867228741226	265.498050794	25.305572907927	273.009736824	25.921690966228	292.892707024	27.613633880529	253.85974826	25.919788228430	254.732253143	26.360947217331	263.295259832	28.467375009432	252.548533837	25.859562141733	251.269162235	25.286378392334	257.537272821	24.814094212735	256.586205491	24.808072275336	249.896091163	25.198605652837	250.408033158	24.637810642138	250.901907379	24.415648934739	258.439408939	24.699798406940	255.830047694	24.538416273441	261.109953197	24.793863957942	247.558510718	24.339195827343	250.924027859	24.267412431644	248.760334407	25.560580562145	245.949311777	24.451412182946	245.594050172	24.427837720647	251.845046049	26.369661323348	267.03469714	25.405495339649	244.534344994	24.393257409550	247.857131834	24.060666839351	244.022562633	24.230430099152	244.618052549	24.819072034653	248.165370624	25.745852008754	255.428441571	27.190894215855	244.146478482	24.835811710756	260.082476293	25.077143556857	249.382365368	26.134333465358	242.518864986	24.055904115259	251.084297197	24.487304328160	242.141677297	24.04934947361	256.033967301	24.887382254662	242.278139681	24.032542259863	251.880483869	26.767801450864	253.119535906	24.738726270565	245.118671818	25.485906860966	240.866840558	24.042142213667	256.028780868	25.017331459468	240.151066492	24.194977018569	243.273116819	24.065255553470	241.0943323	24.690909430871	243.127444153	24.039708118572	241.241809198	24.78501226773	241.086267541	23.932478837674	250.700304854	24.631986134475	248.200592387	24.511410763376	255.548996349	25.187856990477	238.819023629	24.23133306478	249.146108434	26.381450216479	249.296009862	26.472124366780	241.738519693	25.137267548881	278.810433895	31.046999862482	238.580189561	24.433330242183	358.616702581	37.510516963884	238.145987295	24.2160788461

{'test': [35.198453988136741,
          34.832548626793191,
          34.334014251818878,
          34.062698446022587,
          33.87511354605666,
          32.53070972692592,
          32.485218999944969,
          31.03119379509338,
          29.980736541449204,
          28.711510574223333,
          28.39522892818411,
          30.032433298868099,
          28.676153262095809,
          28.513430563713069,
          26.985111454354314,
          26.795874129913834,
          27.618443670965156,
          27.803208732737303,
          26.269045731502054,
          28.459520190007616,
          25.869634953453165,
          27.235996941688278,
          25.72388802971026,
          28.292043365392363,
          26.333291540654525,
          25.867228741177016,
          25.305572907918041,
          25.921690966212605,
          27.61363388045315,
          25.919788228364631,
          26.360947217338726,
          28.467375009358339,
          25.859562141701517,
          25.286378392268411,
          24.814094212731423,
          24.808072275346554,
          25.198605652775527,
          24.637810642064604,
          24.415648934717094,
          24.699798406890988,
          24.538416273392876,
          24.7938639579226,
          24.339195827343829,
          24.267412431592813,
          25.560580562146399,
          24.451412182948118,
          24.427837720568359,
          26.369661323272076,
          25.40549533958264,
          24.393257409526644,
          24.060666839289798,
          24.230430099109661,
          24.819072034602126,
          25.745852008681645,
          27.190894215755712,
          24.835811710700014,
          25.07714355681312,
          26.134333465279163,
          24.055904115244644,
          24.487304328121226,
          24.049349473028872,
          24.887382254582366,
          24.032542259758014,
          26.767801450789229,
          24.738726270515254,
          25.485906860903501,
          24.04214221356937,
          25.017331459429087,
          24.19497701851256,
          24.065255553392134,
          24.690909430800321,
          24.039708118475662,
          24.785012267009041,
          23.932478837568812,
          24.631986134429312,
          24.511410763339772,
          25.187856990373422,
          24.231333063962804,
          26.381450216374017,
          26.472124366658065,
          25.13726754883761,
          31.046999862446945,
          24.433330242145399,
          37.510516963757858,
          24.216078846094803],
 'train': [307.50754601781551,
           298.807553755686,
           295.80896466167133,
           291.71393419999049,
           289.57027594640294,
           282.95375413031456,
           281.26546722660561,
           275.27851271627281,
           272.06047956750149,
           273.41815505578819,
           268.70882474755501,
           270.50172208636366,
           266.12393630157828,
           265.30373903388198,
           268.41170506084336,
           267.88742545941602,
           262.16019149555285,
           262.14188060274432,
           261.91411130173248,
           299.2607320565055,
           264.63740317564913,
           259.50902434250838,
           259.27538425431618,
           263.26187441139194,
           256.51846484545251,
           272.70936618610926,
           265.49805079377222,
           273.00973682446761,
           292.89270702366122,
           253.85974825988009,
           254.73225314264351,
           263.29525983241939,
           252.54853383700376,
           251.26916223463374,
           257.53727282053802,
           256.58620549115659,
           249.89609116271987,
           250.40803315823428,
           250.90190737860163,
           258.43940893889982,
           255.83004769447416,
           261.1099531965138,
           247.5585107181098,
           250.92402785932654,
           248.76033440691853,
           245.94931177713534,
           245.59405017175169,
           251.84504604868684,
           267.03469713952285,
           244.53434499417955,
           247.85713183373161,
           244.02256263293947,
           244.61805254931141,
           248.16537062351483,
           255.42844157083505,
           244.1464784824629,
           260.0824762932213,
           249.38236536842658,
           242.51886498560117,
           251.0842971974829,
           242.14167729698542,
           256.03396730074513,
           242.27813968102186,
           251.88048386896338,
           253.11953590556402,
           245.11867181774761,
           240.86684055789635,
           256.02878086790685,
           240.15106649230148,
           243.27311681896995,
           241.09433230047497,
           243.12744415304809,
           241.24180919800767,
           241.0862675408423,
           250.70030485438059,
           248.20059238699355,
           255.5489963489284,
           238.81902362946522,
           249.14610843388289,
           249.29600986230008,
           241.73851969302041,
           278.81043389490077,
           238.58018956136871,
           358.616702580854,
           238.1459872947714]}


epoch	train err	test err0	308.000492824	33.54683885681	306.470447085	33.32759648732	303.688946295	32.90789350773	300.420329704	32.40458802724	298.016930153	31.92233868885	295.392343453	31.7275719426	291.775384599	31.21881652787	287.155321001	30.57024041948	281.211751614	29.76683154679	290.06427231	30.793512314110	285.861204561	30.615262579911	270.993142116	28.742700406112	268.627597687	28.26318153413	272.464685633	29.374221513714	262.392171665	27.982073463715	265.16681956	28.719511882416	264.540094268	28.806989908117	295.320390321	33.00631298518	263.092196513	28.240871016119	256.246762333	27.903095030520	255.312658206	27.824554566721	255.745094547	28.223109822922	257.058298222	27.967920361623	253.918228293	27.812882412124	253.577745491	27.817032057825	251.075832596	27.767644988326	252.805231392	28.313143173427	250.369669505	27.732594445128	266.686868873	29.129264858229	253.179457735	27.941152839830	255.682347123	28.175321403931	256.166329561	28.246697226332	256.199015893	28.274349434333	246.266803864	27.678425587134	254.251539058	28.147643460435	251.658282319	27.941679118836	247.806590606	27.67786762637	252.239584647	28.028329707238	245.249168505	27.520183656239	251.174598436	28.708328293640	248.461980547	27.774053049141	249.919428779	27.882450622742	244.991068881	27.503059410643	260.032945268	29.867981027944	281.57316875	32.383731621945	245.320605491	27.539439984646	243.566508083	27.412241969647	241.169793321	27.454059647248	255.444431466	28.437226229549	248.129554593	28.446794680850	243.1994744	27.398454475351	244.458542104	28.012851938552	242.800656594	27.79101987653	253.790048651	28.321666313654	252.666959925	28.229261319855	262.111218514	30.185273132756	251.27117425	28.108415675257	240.989082505	27.238757556158	238.208217714	27.119313740859	241.685805506	27.705297626760	246.301187974	27.660624632361	261.765159037	30.116925390462	240.514802452	27.211366786863	240.412817307	27.195627279664	249.129412855	27.947776856265	242.349399955	27.343070193666	245.370814256	27.594605610767	240.637963096	27.186724574368	240.752922565	27.198478595169	240.352078912	27.152002462870	284.129930932	32.657630235471	237.187193951	27.090345458872	242.13554221	27.765396681173	239.590345033	27.077991390374	257.757464333	29.6164576775	238.034284765	27.23764107376	239.626395315	27.457152133877	236.641829202	27.03970634478	236.481678898	26.839256946579	249.401040595	28.625902989680	242.890674924	27.347149405281	265.229046857	30.451408474282	236.631905429	27.042694321983	259.627012464	29.806158940184	235.391546054	26.7620262827

{'test': [33.546838856780745,
          33.32759648731939,
          32.907893507682459,
          32.404588027223618,
          31.922338688762412,
          31.727571942033627,
          31.218816527818873,
          30.570240419416937,
          29.766831546679057,
          30.793512314066053,
          30.615262579902197,
          28.742700406071712,
          28.263181534013267,
          29.374221513732302,
          27.98207346365681,
          28.719511882396439,
          28.806989908096522,
          33.006312984956821,
          28.240871016098872,
          27.903095030548258,
          27.824554566660495,
          28.223109822851821,
          27.967920361604442,
          27.81288241212237,
          27.817032057845186,
          27.76764498825856,
          28.313143173395623,
          27.732594445115449,
          29.129264858216491,
          27.941152839827392,
          28.17532140389482,
          28.246697226254746,
          28.27434943428246,
          27.678425587062709,
          28.147643460444986,
          27.941679118758479,
          27.677867626013853,
          28.02832970719999,
          27.52018365615945,
          28.708328293628039,
          27.774053049080855,
          27.882450622736449,
          27.503059410609865,
          29.867981027850956,
          32.383731621916205,
          27.539439984560893,
          27.412241969602512,
          27.454059647151407,
          28.437226229461395,
          28.44679468080853,
          27.398454475300465,
          28.012851938454482,
          27.791019876021899,
          28.321666313581872,
          28.229261319794379,
          30.185273132674794,
          28.108415675194628,
          27.238757556112073,
          27.119313740761015,
          27.705297626665367,
          27.660624632281319,
          30.116925390389998,
          27.21136678677275,
          27.195627279597186,
          27.947776856216215,
          27.343070193574015,
          27.594605610653637,
          27.186724574250036,
          27.198478595112995,
          27.152002462784289,
          32.657630235399658,
          27.090345458765981,
          27.765396681078347,
          27.077991390285163,
          29.616457670035363,
          27.237641073027795,
          27.457152133812425,
          27.039706343971655,
          26.839256946513771,
          28.625902989644448,
          27.347149405178982,
          30.451408474240125,
          27.042694321923992,
          29.806158940064975,
          26.76202628271734],
 'train': [308.00049282371072,
           306.47044708549606,
           303.68894629456645,
           300.42032970406188,
           298.01693015274572,
           295.39234345298087,
           291.77538459936778,
           287.15532100058419,
           281.21175161400731,
           290.0642723104113,
           285.86120456133932,
           270.99314211585317,
           268.62759768658435,
           272.46468563294729,
           262.39217166507478,
           265.16681955959319,
           264.54009426750122,
           295.32039032053069,
           263.09219651343881,
           256.24676233330763,
           255.31265820573941,
           255.74509454677235,
           257.0582982217453,
           253.91822829312466,
           253.57774549134913,
           251.07583259618235,
           252.80523139189887,
           250.36966950532346,
           266.68686887303789,
           253.17945773451328,
           255.68234712281665,
           256.16632956105462,
           256.19901589301088,
           246.26680386363526,
           254.25153905819661,
           251.65828231853121,
           247.80659060594229,
           252.23958464707738,
           245.24916850543545,
           251.17459843562844,
           248.4619805470833,
           249.91942877943953,
           244.99106888072089,
           260.03294526822759,
           281.57316875009224,
           245.32060549089604,
           243.56650808256651,
           241.16979332079944,
           255.44443146588819,
           248.12955459252044,
           243.19947439991486,
           244.45854210369981,
           242.80065659358655,
           253.79004865133103,
           252.66695992482789,
           262.11121851383547,
           251.27117425006784,
           240.98908250519571,
           238.20821771413694,
           241.68580550574819,
           246.30118797435631,
           261.76515903682781,
           240.51480245223473,
           240.41281730661876,
           249.12941285533,
           242.34939995511323,
           245.37081425599058,
           240.63796309648461,
           240.75292256490107,
           240.35207891190475,
           284.12993093200845,
           237.18719395074331,
           242.13554221007576,
           239.59034503313879,
           257.75746433299662,
           238.0342847645465,
           239.62639531519142,
           236.64182920208862,
           236.48167889763738,
           249.40104059518467,
           242.89067492352498,
           265.22904685724529,
           236.63190542942922,
           259.62701246408284,
           235.39154605397576]}
