

epoch	train err	test err0	303.87686953	26.41091211811	282.380918322	27.81450616052	295.366295434	30.96595770463	294.521793052	26.18916016864	303.648428068	32.26104617135	299.36185939	26.12176490736	274.892472924	26.92388554197	296.896007987	25.86995237848	272.091035036	27.45364038459	269.757010477	26.980478136210	271.892416356	27.64933360711	270.278165215	25.797168257712	294.429047301	31.142101031813	270.053659941	25.44615856514	265.292420411	25.570807768615	264.399819658	26.465397390516	264.691056284	25.634167382317	266.676309984	27.211660206118	265.207096517	25.169188394819	263.21893458	26.572793650620	274.440618228	28.582479629921	259.364701443	25.755625240922	284.120283472	29.863746283223	266.327574497	24.761688017924	270.301705921	28.071217570125	266.253219368	27.502366642226	255.930484273	25.082579856627	255.042570197	24.985992344828	271.767229229	24.47070457829	254.701974958	25.512057697430	272.797756583	24.412007983131	256.881542032	24.349747595332	255.713176729	25.646650943933	251.26117166	24.824328564234	250.366047076	24.763052833435	267.354943626	27.456323186436	255.474108868	26.039702536337	262.615589159	26.969907176838	252.858570228	25.571102930639	275.969788326	28.602187890640	247.710245616	24.615290010441	273.836915766	28.277237213642	268.021078368	27.159735160643	250.183869968	24.571800767244	254.077281793	25.835760210945	250.683479694	23.756919900546	248.7457949	23.80385670947	253.424095924	25.860944007848	244.699834918	24.246220056549	246.953416074	24.793672198150	243.714937058	23.771980282951	255.679743407	23.23175806552	270.589650059	23.572823031953	253.521339175	25.474129404854	250.175336178	23.345465423555	242.072796648	24.045379302556	270.19921479	27.368839950457	246.563264176	24.783057060458	292.732966741	30.03775453359	242.674313887	23.297836478560	281.010316107	28.50098158861	289.048025948	24.239805389562	241.981661031	24.086256039463	243.640553794	23.731999090864	268.878590542	27.238362974365	246.513954548	24.806372505866	247.888815614	23.36886744267	272.846141511	27.635032153668	241.810828321	23.054665674169	240.263582377	23.847636924570	242.858657877	24.1477586171	245.875800562	22.6415432972	238.308173615	23.1342958973	236.884667266	22.790240209874	242.027069773	22.88518743775	241.477545205	22.549445230176	236.398005445	22.824748867477	246.015168419	24.485117074578	241.547248847	22.640681248679	247.454167852	22.955578459280	278.527554601	23.220229284681	242.658917842	22.117131616682	235.384444251	22.32714365383	243.503443714	22.742006176384	241.419318083	21.921208423385	236.72471043	22.177451939286	291.616461009	29.269822485587	234.435220795	22.395537156488	249.152943208	22.354377809889	253.066314305	22.221315163590	242.568245779	22.38662643391	246.780556162	22.35810723292	244.496603641	21.87050415493	247.432117361	24.500996317394	241.788450036	22.606406744195	232.653955268	22.587026223296	248.728874182	24.623554000397	244.611348968	21.809092827498	240.459735603	23.572136951699	236.749086869	23.2482879913100	232.670225689	21.9335885658101	268.925533723	22.8246028052102	243.965853566	24.1447986314103	232.471797274	22.4797360765104	231.415563909	22.0709133863

{'test': [26.410912118050334,
          27.814506160530517,
          30.965957704573057,
          26.18916016859405,
          32.261046171301125,
          26.121764907334125,
          26.923885541888069,
          25.869952378415871,
          27.453640384467391,
          26.980478136204095,
          27.649333607005058,
          25.797168257735027,
          31.142101031756397,
          25.446158564954903,
          25.570807768640766,
          26.465397390544545,
          25.634167382348949,
          27.211660206144291,
          25.169188394820537,
          26.572793650601842,
          28.582479629884141,
          25.755625240898098,
          29.863746283190103,
          24.761688017866931,
          28.071217570061847,
          27.502366642155085,
          25.082579856558358,
          24.985992344816832,
          24.470704577953594,
          25.512057697416004,
          24.412007983088031,
          24.349747595343974,
          25.646650943858479,
          24.824328564245601,
          24.763052833368249,
          27.456323186371723,
          26.039702536255366,
          26.969907176764497,
          25.571102930637355,
          28.602187890611674,
          24.615290010426875,
          28.277237213609084,
          27.159735160630913,
          24.571800767243868,
          25.835760210914309,
          23.756919900453966,
          23.803856708966883,
          25.860944007764864,
          24.246220056535993,
          24.793672198081634,
          23.771980282923955,
          23.231758064956068,
          23.57282303188369,
          25.474129404827622,
          23.345465423530321,
          24.045379302471506,
          27.36883995041228,
          24.783057060361998,
          30.037754532981296,
          23.297836478476619,
          28.500981587966084,
          24.23980538945149,
          24.086256039392218,
          23.731999090810021,
          27.238362974265158,
          24.806372505777137,
          23.368867442047534,
          27.635032153603539,
          23.054665674132188,
          23.847636924549473,
          24.147758610011291,
          22.641543290033002,
          23.134295889990529,
          22.790240209786877,
          22.885187437025667,
          22.549445230115612,
          22.824748867387743,
          24.485117074492923,
          22.640681248583721,
          22.955578459175968,
          23.220229284631223,
          22.117131616588246,
          22.327143652987544,
          22.742006176254474,
          21.921208423257241,
          22.177451939152192,
          29.269822485492107,
          22.395537156444007,
          22.354377809827735,
          22.22131516345986,
          22.38662643296211,
          22.358107232022096,
          21.870504153997633,
          24.500996317285146,
          22.606406744134535,
          22.587026223165434,
          24.623554000317501,
          21.809092827372861,
          23.572136951580845,
          23.24828799127318,
          21.933588565810126,
          22.824602805222391,
          24.144798631369344,
          22.479736076454341,
          22.070913386310771],
 'train': [303.87686952990907,
           282.38091832219686,
           295.36629543394781,
           294.52179305248592,
           303.64842806824902,
           299.36185939037188,
           274.89247292354196,
           296.89600798695477,
           272.09103503610737,
           269.75701047680303,
           271.89241635574092,
           270.27816521526904,
           294.42904730073991,
           270.05365994081291,
           265.29242041102538,
           264.39981965839581,
           264.69105628434505,
           266.67630998382953,
           265.20709651683165,
           263.21893458007889,
           274.44061822773125,
           259.36470144257396,
           284.1202834716882,
           266.32757449737699,
           270.30170592144088,
           266.25321936834365,
           255.93048427300303,
           255.04257019734121,
           271.76722922939223,
           254.70197495777296,
           272.79775658299604,
           256.88154203160758,
           255.71317672899301,
           251.26117166010152,
           250.36604707596445,
           267.35494362574934,
           255.47410886775191,
           262.61558915902782,
           252.85857022756485,
           275.96978832577048,
           247.71024561566054,
           273.83691576637017,
           268.02107836818431,
           250.18386996803886,
           254.07728179285124,
           250.68347969363131,
           248.74579490045443,
           253.42409592444713,
           244.69983491805181,
           246.95341607355249,
           243.71493705809928,
           255.67974340672455,
           270.58965005880816,
           253.52133917524606,
           250.17533617764855,
           242.07279664822335,
           270.19921479042762,
           246.56326417638843,
           292.73296674133553,
           242.67431388704304,
           281.01031610735049,
           289.04802594754375,
           241.98166103143646,
           243.6405537938866,
           268.87859054195968,
           246.51395454768883,
           247.88881561447118,
           272.84614151075152,
           241.81082832104013,
           240.26358237735104,
           242.85865787713263,
           245.87580056201074,
           238.30817361500473,
           236.88466726577457,
           242.0270697731294,
           241.47754520485003,
           236.39800544460908,
           246.01516841862264,
           241.54724884743686,
           247.45416785189815,
           278.527554601053,
           242.65891784164677,
           235.38444425097336,
           243.50344371445294,
           241.41931808292887,
           236.72471042976949,
           291.61646100908035,
           234.43522079498251,
           249.1529432077416,
           253.06631430472001,
           242.56824577865277,
           246.78055616238973,
           244.49660364101817,
           247.43211736101262,
           241.78845003573289,
           232.65395526788251,
           248.72887418153334,
           244.61134896793692,
           240.45973560261083,
           236.74908686885573,
           232.67022568914979,
           268.92553372285926,
           243.96585356635896,
           232.47179727441605,
           231.41556390850798]}


epoch	train err	test err0	283.599218129	30.80229256231	371.257686454	43.19676400732	316.873909749	36.46596575233	285.897820947	30.32086037144	319.14489299	37.31546910945	295.879014493	29.76064155436	279.15221947	29.47102305847	286.778838615	32.87947235868	345.898087705	40.84381785929	313.283885315	36.735767592810	261.618693601	28.522828550811	271.717702974	28.649911751912	260.261579528	28.404397713313	260.183096478	28.832162058714	267.497512538	28.167087425515	283.074573391	32.573305051816	266.445657332	27.882462606717	260.20027212	27.961874508818	256.641285946	28.440114555219	258.357696312	27.821883333720	255.324587398	28.118848673321	254.756908079	27.797461579722	255.125140929	28.348799568723	258.65709609	29.127069716524	258.881260621	29.161140619625	253.450427551	28.147626583426	259.197809033	29.265362867727	252.046091437	27.362899370128	251.635285405	27.303749170229	252.820781937	27.255407129230	254.369570824	27.179244932531	257.981769902	27.327981123732	250.133290956	27.110815680933	251.086030884	27.929799458434	248.907378996	27.055522027335	251.570975131	26.883835977536	253.860100391	26.664167069937	250.069672879	26.674424193138	248.193883218	27.429480705939	251.176203529	28.092322820840	267.276455309	26.94324636641	247.946085555	26.472913893442	261.334378364	26.576128519943	249.727089587	26.472679743144	245.696502731	27.02553559645	251.322605748	28.189392436246	249.163667968	27.759959155147	261.892904127	29.828712431348	244.153713448	26.579670401149	244.409060364	26.736881574850	260.836978622	26.504871242651	253.879629458	26.073822753452	243.092503408	26.025790284253	257.996716048	26.067310760254	242.793948651	26.618443894555	261.447416399	26.726845359456	245.627943586	27.070882650957	240.961928614	25.532144248158	252.111156654	25.551783272259	243.835688584	25.248641171860	258.898715846	26.066071818861	242.181450443	26.591655774762	239.301624036	25.30181210563	239.337695563	25.56602179564	261.606469206	29.81821430265	247.995493924	27.680209246966	250.744282819	25.778488645767	251.111752573	28.153238174968	320.475367113	37.575817728169	237.881462926	25.358379115470	258.544081123	29.304355042671	237.263253629	24.857855165172	246.192021764	27.176740274373	255.295304621	28.774772179874	261.058254977	29.61802336775	240.80169447	25.083571999676	269.225207048	30.735844948977	236.992364328	24.416756817678	266.940931638	26.552449663879	255.174659055	25.714155542480	265.014017455	29.678213466281	241.853190032	24.582139787682	238.280338578	24.28906684383	267.700618991	26.187607325984	244.66316	24.584714392285	254.433260955	28.360040207486	264.941111096	26.453858640287	285.90746265	32.860263899688	278.320033459	31.84093736789	254.28563874	28.446345142290	256.208830039	25.601055193691	239.96011729	26.126545555592	247.201909324	24.466144564693	250.614413743	25.089980069494	257.412657244	28.646242283795	274.812905579	31.28040028596	234.76448673	23.828674039197	239.56921449	25.95815683698	243.457667922	24.442009810399	233.647879984	24.5049459723100	267.027633403	26.0619593259101	243.415967613	26.3617426251102	234.222125745	24.9030836364103	278.034798773	31.5174327534104	231.273658308	24.0175204804

{'test': [30.802292562280371,
          43.196764007251673,
          36.465965752337787,
          30.320860371376192,
          37.315469109406017,
          29.760641554275821,
          29.471023058445478,
          32.8794723586496,
          40.843817859243259,
          36.73576759282733,
          28.522828550830049,
          28.649911751930244,
          28.404397713321551,
          28.832162058741488,
          28.167087425453314,
          32.573305051829045,
          27.882462606691519,
          27.961874508815367,
          28.44011455521467,
          27.821883333664111,
          28.118848673305255,
          27.797461579698105,
          28.348799568718789,
          29.12706971648074,
          29.161140619617573,
          28.147626583377576,
          29.265362867690648,
          27.362899370122033,
          27.303749170159403,
          27.255407129177723,
          27.179244932477346,
          27.327981123749229,
          27.110815680879778,
          27.929799458371171,
          27.055522027262018,
          26.883835977547026,
          26.664167069948018,
          26.674424193093039,
          27.429480705923361,
          28.09232282084006,
          26.943246365955755,
          26.472913893360037,
          26.576128519911638,
          26.472679743089284,
          27.025535596004133,
          28.189392436226672,
          27.759959155071599,
          29.82871243130408,
          26.579670401112484,
          26.736881574794751,
          26.504871242562643,
          26.07382275335646,
          26.025790284197178,
          26.067310760212663,
          26.618443894485409,
          26.726845359440659,
          27.070882650881561,
          25.532144248068668,
          25.551783272170663,
          25.248641171828726,
          26.066071818783072,
          26.591655774719904,
          25.301812105032674,
          25.56602179504338,
          29.818214301969622,
          27.680209246862354,
          25.778488645749931,
          28.153238174867802,
          37.575817728138297,
          25.358379115375335,
          29.304355042583715,
          24.857855165096023,
          27.176740274276582,
          28.774772179798561,
          29.618023367008192,
          25.083571999590724,
          30.735844948917507,
          24.416756817593804,
          26.552449663793528,
          25.714155542414495,
          29.678213466224232,
          24.582139787590478,
          24.289066842991701,
          26.187607325895531,
          24.584714392198087,
          28.360040207446445,
          26.45385864018586,
          32.86026389956875,
          31.840937367021951,
          28.446345142194936,
          25.601055193559766,
          26.126545555475818,
          24.466144564574215,
          25.089980069400212,
          28.646242283707352,
          31.280400284969225,
          23.828674039101397,
          25.958156835994579,
          24.442009810250333,
          24.504945972311798,
          26.061959325924107,
          26.361742625089441,
          24.903083636421744,
          31.517432753434242,
          24.017520480402673],
 'train': [283.59921812851451,
           371.25768645370067,
           316.87390974920839,
           285.89782094691708,
           319.14489298998461,
           295.87901449300307,
           279.1522194695911,
           286.77883861453336,
           345.89808770542601,
           313.28388531517908,
           261.61869360115725,
           271.71770297371773,
           260.26157952805198,
           260.18309647812941,
           267.49751253804897,
           283.074573390777,
           266.44565733211169,
           260.20027212036717,
           256.64128594636952,
           258.35769631194461,
           255.32458739759943,
           254.75690807935842,
           255.12514092886832,
           258.65709609035872,
           258.88126062090925,
           253.45042755120437,
           259.19780903276546,
           252.04609143678181,
           251.63528540537285,
           252.82078193744979,
           254.36957082360453,
           257.9817699018958,
           250.1332909561246,
           251.0860308841618,
           248.90737899619606,
           251.57097513052162,
           253.86010039068577,
           250.06967287916038,
           248.19388321750392,
           251.17620352903617,
           267.27645530948848,
           247.94608555549289,
           261.3343783635637,
           249.72708958740205,
           245.6965027305796,
           251.3226057478584,
           249.16366796848075,
           261.8929041267229,
           244.15371344778123,
           244.40906036405008,
           260.83697862170504,
           253.87962945766418,
           243.09250340768278,
           257.99671604771027,
           242.79394865130337,
           261.4474163988088,
           245.62794358593192,
           240.96192861409395,
           252.11115665374263,
           243.83568858392871,
           258.8987158457204,
           242.18145044339443,
           239.30162403558543,
           239.33769556348591,
           261.6064692058398,
           247.99549392400701,
           250.74428281875325,
           251.11175257345911,
           320.47536711269026,
           237.88146292584173,
           258.54408112293174,
           237.26325362927491,
           246.19202176391812,
           255.29530462067314,
           261.05825497739806,
           240.80169446977641,
           269.22520704777088,
           236.99236432785187,
           266.94093163772203,
           255.17465905519904,
           265.0140174548095,
           241.85319003194294,
           238.28033857847339,
           267.7006189913601,
           244.66315999962023,
           254.43326095524628,
           264.94111109565102,
           285.90746265019015,
           278.32003345856003,
           254.28563873972496,
           256.20883003929089,
           239.96011729004726,
           247.2019093237819,
           250.61441374267702,
           257.4126572436677,
           274.81290557866481,
           234.76448673023708,
           239.56921449004491,
           243.45766792219891,
           233.64787998384162,
           267.02763340342585,
           243.41596761278316,
           234.22212574496109,
           278.03479877331517,
           231.27365830769369]}


epoch	train err	test err0	374.05711196	41.82040533321	280.908269158	30.46429632642	276.555333699	30.07160484623	299.774477729	32.98076223874	291.317177798	32.00746424825	274.65844589	29.71313693746	296.458469259	31.51026235567	287.448732	31.58808107738	272.917325044	29.55697927479	278.195430816	29.942665691810	277.402752096	30.034796861911	262.951097879	28.822322602612	264.997996814	28.838810692313	268.757341472	29.24853125914	267.124890874	29.366790819615	270.224401949	29.525405450116	260.66375347	28.492052515917	261.405017917	28.621348297918	284.115328053	30.541258950319	273.856736318	30.171083057920	273.764820656	30.198216387421	293.581615778	32.444886955522	275.631101399	29.936806026523	257.411203796	28.58776171724	266.138272187	29.452360631625	307.418168113	34.076941017226	253.234508985	28.0268542827	264.132328946	29.261585733328	253.745730922	28.033476146529	252.352968912	27.760293194530	251.155760479	27.812079720431	258.664558707	28.379530683632	250.332189517	27.96583153333	249.699098992	27.788657963134	280.155035388	30.605698840335	261.744842886	29.198703408936	267.954867896	29.830213978637	247.440490266	27.674127434238	252.706720661	28.179876220239	251.543811087	27.803703972440	247.349283848	27.754022779941	247.555457168	27.968563389342	253.178601477	28.32464165443	244.660520701	27.39124158844	260.126671375	28.727818560845	244.453148317	27.638568736546	251.246092293	28.182691485847	245.654704688	27.635645501248	242.367836808	27.331162778849	242.056976378	27.317396404150	243.591617145	27.751465410651	243.486337642	27.651228958352	241.561772626	26.987392728353	256.287268523	28.931321148754	257.393186974	28.458393866555	240.077287581	26.83008055456	253.235619868	28.570366534857	239.011598549	26.864193727958	250.245562812	28.530235523859	239.52459792	26.938291639660	249.394481615	28.204676803861	263.889931915	29.652428019462	239.480873237	27.279411180163	240.72661249	27.191139060764	241.276045416	27.255871049265	251.388225475	28.408441065466	236.723323855	26.576918982267	272.695704188	30.588864922368	243.106808936	27.737516759369	237.208930522	27.183308306970	235.42220551	26.480074511571	243.765428593	27.077747855372	237.452067968	27.335666014573	244.178036077	27.851423529374	239.486833202	27.102620869275	237.868842201	26.397176319876	271.321002152	30.747722178477	234.868323018	26.828728922278	244.976604424	27.067764984179	249.608380657	28.021562672580	272.044623666	30.096024496881	243.668322083	27.175687187582	236.47576309	26.956344786283	231.447511379	26.347000036184	246.780757724	28.375823963685	245.20238567	27.425228717886	232.530077041	26.439206367387	234.592796895	26.760268221188	235.603500866	26.879892192689	237.840059817	26.379111355690	275.174789033	30.835652971291	244.791815504	27.21597571492	229.702154343	26.296729090593	246.722575647	28.164125381394	240.026724708	26.929834729795	245.708988762	28.005320395296	246.818630061	27.913531675497	239.537259536	27.565095221698	232.344371623	26.511980323799	233.160039071	27.0331638962100	239.051207337	27.3456911271101	242.571971351	27.7019308925102	227.700672051	25.9551163805103	243.978312368	27.4697647824104	238.493639896	27.6592352559

{'test': [41.820405333156458,
          30.46429632637556,
          30.071604846192738,
          32.980762238689138,
          32.007464248232679,
          29.713136937413161,
          31.510262355631653,
          31.588081077264579,
          29.556979274664712,
          29.942665691837473,
          30.034796861934865,
          28.822322602559254,
          28.838810692327648,
          29.248531258962217,
          29.366790819579741,
          29.525405450068458,
          28.492052515938816,
          28.621348297901186,
          30.541258950287109,
          30.171083057864834,
          30.198216387446507,
          32.444886955484826,
          29.936806026472055,
          28.587761716976576,
          29.452360631577225,
          34.076941017239022,
          28.026854280000958,
          29.261585733269712,
          28.033476146496746,
          27.760293194517921,
          27.812079720416161,
          28.379530683618285,
          27.965831532975656,
          27.788657963124255,
          30.605698840309248,
          29.198703408890104,
          29.830213978607016,
          27.674127434233807,
          28.179876220155883,
          27.803703972432015,
          27.754022779920088,
          27.968563389269303,
          28.324641653985662,
          27.391241587952926,
          28.727818560750059,
          27.638568736491845,
          28.182691485774672,
          27.635645501190972,
          27.331162778792379,
          27.317396404073751,
          27.751465410552942,
          27.651228958347914,
          26.987392728291155,
          28.93132114866691,
          28.458393866488603,
          26.830080554046425,
          28.570366534770212,
          26.864193727879734,
          28.530235523752609,
          26.938291639627618,
          28.204676803837099,
          29.65242801938459,
          27.279411180064589,
          27.191139060739545,
          27.255871049235527,
          28.40844106537314,
          26.576918982230957,
          30.588864922271718,
          27.737516759327477,
          27.183308306942322,
          26.480074511530834,
          27.07774785532299,
          27.335666014527714,
          27.851423529250305,
          27.102620869156723,
          26.39717631983665,
          30.74772217837236,
          26.828728922158241,
          27.06776498406461,
          28.021562672530909,
          30.096024496789312,
          27.175687187548931,
          26.956344786173684,
          26.347000036078995,
          28.375823963588374,
          27.425228717756582,
          26.439206367337921,
          26.760268221144639,
          26.879892192608523,
          26.379111355588435,
          30.835652971248518,
          27.215975714008142,
          26.296729090506695,
          28.164125381324446,
          26.92983472973,
          28.005320395194946,
          27.913531675357543,
          27.56509522162014,
          26.511980323685645,
          27.033163896150551,
          27.345691127088166,
          27.701930892527201,
          25.955116380492822,
          27.469764782371165,
          27.659235255902395],
 'train': [374.05711196040232,
           280.90826915809981,
           276.55533369857324,
           299.7744777289534,
           291.31717779830308,
           274.65844588975835,
           296.45846925903379,
           287.44873200041167,
           272.91732504418474,
           278.19543081591445,
           277.4027520964363,
           262.95109787861662,
           264.9979968139105,
           268.75734147212131,
           267.12489087351145,
           270.22440194889271,
           260.66375346960331,
           261.4050179165406,
           284.11532805278011,
           273.8567363176569,
           273.76482065591796,
           293.58161577815179,
           275.63110139940807,
           257.41120379640194,
           266.13827218701829,
           307.4181681130936,
           253.23450898482974,
           264.13232894635274,
           253.7457309223968,
           252.35296891206312,
           251.15576047942736,
           258.6645587072814,
           250.33218951675735,
           249.69909899237473,
           280.15503538801937,
           261.74484288564179,
           267.95486789587773,
           247.44049026621053,
           252.7067206610196,
           251.54381108738468,
           247.34928384788736,
           247.5554571679412,
           253.17860147721518,
           244.66052070060547,
           260.12667137456884,
           244.4531483168584,
           251.24609229262336,
           245.65470468816497,
           242.36783680802367,
           242.0569763777826,
           243.59161714475209,
           243.48633764234987,
           241.56177262579595,
           256.28726852309927,
           257.39318697350484,
           240.07728758069902,
           253.23561986759788,
           239.0115985487526,
           250.24556281235107,
           239.52459791971791,
           249.39448161454499,
           263.88993191476629,
           239.48087323714088,
           240.72661248978773,
           241.27604541628662,
           251.38822547491571,
           236.72332385506053,
           272.69570418782394,
           243.10680893576563,
           237.20893052191252,
           235.42220550965069,
           243.76542859271632,
           237.45206796775318,
           244.17803607737545,
           239.48683320155806,
           237.86884220075595,
           271.32100215192963,
           234.86832301771545,
           244.97660442428904,
           249.60838065706704,
           272.04462366583783,
           243.66832208304862,
           236.47576309007252,
           231.44751137907446,
           246.78075772390645,
           245.2023856704009,
           232.53007704065274,
           234.59279689489659,
           235.60350086617922,
           237.84005981706241,
           275.17478903315515,
           244.79181550446444,
           229.70215434306351,
           246.72257564688803,
           240.02672470830953,
           245.70898876234028,
           246.81863006103291,
           239.53725953559794,
           232.3443716234072,
           233.16003907056779,
           239.05120733659066,
           242.57197135111889,
           227.70067205113452,
           243.97831236792302,
           238.49363989645821]}
