

epoch	train err	test err0	296.60154823	40.73765862471	279.441981376	34.56267368292	278.41949746	33.86521262223	277.176262207	33.69874927414	268.770959792	35.81198073235	274.889875935	39.14163009526	297.275946376	34.40276398447	266.024338582	36.36225756268	265.107649529	33.70083801119	290.401625234	34.124869429110	262.413222974	33.682732006211	259.818901738	34.335787105112	258.957279752	34.930099045613	261.885638964	37.171635089714	259.347088449	33.342660735915	268.578600717	39.356868588816	256.180996286	35.516674743117	258.61949651	33.1334846618	258.343169794	33.002023958519	267.912684337	33.096362858920	264.428279686	32.993327544921	257.97197194	32.876462235222	252.412134294	36.021207335323	250.964599028	33.123288761424	256.066509878	32.8206419201

{'test': [40.737658624656802,
          34.562673682857024,
          33.865212622245856,
          33.69874927409613,
          35.811980732270776,
          39.14163009516664,
          34.402763984350273,
          36.362257562592696,
          33.700838011116005,
          34.124869429103427,
          33.682732006247058,
          34.335787105085075,
          34.930099045601565,
          37.171635089724845,
          33.342660735915175,
          39.356868588826053,
          35.516674743060221,
          33.13348466002941,
          33.002023958541493,
          33.096362858939308,
          32.993327544858388,
          32.876462235191781,
          36.02120733532869,
          33.123288761441941,
          32.82064192014149],
 'train': [296.60154822955002,
           279.44198137575148,
           278.41949745992679,
           277.17626220675896,
           268.77095979181416,
           274.88987593543976,
           297.27594637582314,
           266.0243385823,
           265.1076495285842,
           290.40162523422003,
           262.41322297441832,
           259.81890173762912,
           258.95727975205511,
           261.88563896386495,
           259.34708844938945,
           268.57860071679067,
           256.18099628635139,
           258.61949651037037,
           258.34316979419572,
           267.91268433703652,
           264.4282796861666,
           257.97197194001126,
           252.41213429375338,
           250.96459902829986,
           256.06650987816562]}


epoch	train err	test err0	319.789197884	33.88525530661	306.243213902	27.36085924022	311.424442567	34.34615725553	286.554621659	29.77641968474	288.464924208	31.07280002155	286.07251421	26.95147125666	275.275953243	28.17017875137	278.500487666	30.38022710598	272.995784369	29.91664112089	279.297450067	26.929437608110	275.395975885	26.868340237211	266.595871965	27.377595167512	270.22294224	30.295105680913	296.48340986	35.598199438114	268.821736864	26.959531410815	265.891358495	30.55163802916	261.013780926	27.230411996217	258.095593991	28.369552782318	273.799314125	32.302446936919	255.767208808	27.803802956620	267.457511743	26.710795525521	260.453211679	26.634766047922	259.41765195	29.879304300623	252.304775612	27.790906383324	258.303879729	26.5404643128

{'test': [33.885255306593365,
          27.360859240214779,
          34.346157255469691,
          29.776419684732062,
          31.072800021463987,
          26.951471256582408,
          28.170178751299577,
          30.380227105876372,
          29.916641120755582,
          26.929437608119336,
          26.868340237175509,
          27.377595167467518,
          30.295105680918589,
          35.598199438091612,
          26.959531410789431,
          30.551638028959307,
          27.230411996186554,
          28.369552782301781,
          32.302446936887229,
          27.803802956638599,
          26.710795525462615,
          26.634766047857713,
          29.879304300567284,
          27.790906383315551,
          26.540464312819211],
 'train': [319.78919788387435,
           306.2432139017144,
           311.42444256694262,
           286.55462165891942,
           288.46492420750371,
           286.07251420966003,
           275.27595324282623,
           278.500487666303,
           272.99578436897707,
           279.29745006653235,
           275.39597588460947,
           266.59587196495613,
           270.22294224023113,
           296.48340986044684,
           268.82173686418821,
           265.89135849517208,
           261.01378092620826,
           258.09559399092655,
           273.7993141253732,
           255.76720880831687,
           267.45751174348749,
           260.45321167888062,
           259.41765195012192,
           252.30477561181146,
           258.30387972878725]}


epoch	train err	test err0	293.971489645	29.15798456591	285.819468562	27.97938310392	371.422107292	43.68979333983	291.744272148	26.18818191454	288.037424632	26.06586497525	282.418836631	28.74451966646	280.307848759	28.4461848917	281.037555139	25.86656383928	273.870167694	27.28863334269	271.132264624	26.525005628810	272.300852085	25.749980905211	269.37802691	27.01188377312	274.513120857	25.62943096613	283.695732008	31.629847936514	265.598406601	25.64970382415	312.20590155	36.803899543916	264.711893852	25.552728737617	265.864339945	28.310935023518	262.334577384	27.576863113819	264.730907272	28.568598608520	267.948868309	29.522734821821	257.43661989	26.625950050922	259.920138885	25.590454742323	255.945683115	26.350917092224	255.646661126	26.052798058

{'test': [29.157984565910951,
          27.979383103861849,
          43.689793339810997,
          26.18818191454417,
          26.065864975153637,
          28.744519666375634,
          28.446184891020451,
          25.866563839156235,
          27.288633342555784,
          26.525005628757079,
          25.749980905164271,
          27.011883772960864,
          25.629430966021843,
          31.629847936457573,
          25.64970382401922,
          36.803899543901139,
          25.552728737563196,
          28.31093502354139,
          27.576863113799018,
          28.568598608495293,
          29.522734821756025,
          26.625950050890083,
          25.590454742310552,
          26.350917092238134,
          26.052798058041468],
 'train': [293.97148964456653,
           285.81946856220088,
           371.42210729206994,
           291.74427214811925,
           288.03742463188587,
           282.41883663071866,
           280.30784875949115,
           281.037555138605,
           273.87016769400515,
           271.13226462442157,
           272.30085208519762,
           269.37802690970045,
           274.51312085739545,
           283.69573200760055,
           265.5984066014172,
           312.20590155026224,
           264.71189385227348,
           265.86433994491813,
           262.3345773841379,
           264.73090727174639,
           267.94886830854665,
           257.43661988953221,
           259.92013888480568,
           255.94568311540732,
           255.64666112626625]}
