

epoch	train err	test err0	300.63516651	37.50066872081	294.041286896	33.90551770432	286.755100734	36.01125463483	280.469365827	33.69593168744	278.712111712	33.72232991035	277.02603812	33.49521688326	274.066485985	32.05513607027	272.865813836	32.38319545548	283.112053382	35.96331724939	269.904006595	31.525366878210	285.379736303	36.65850853211	273.34493932	30.02217772612	269.420664722	30.306513587413	270.297211658	33.109696708214	268.950262165	29.831684196915	284.710509612	29.841493762916	266.312546717	29.832180019917	264.056084319	29.674357603918	268.671249953	33.254148390919	261.717990874	29.757549235120	265.444008473	32.430533242421	264.174266157	28.685107015722	258.893990821	29.601124608523	259.249556042	28.841097904124	258.617082374	30.741950811325	259.414996113	28.438533016326	256.763174749	28.61624597327	255.53950611	28.619853065828	254.028666	29.043335709829	261.601804129	32.650773830630	259.793343456	27.46200688931	252.274231907	28.68248428832	252.301955752	27.935194954933	299.282253096	29.211495001834	275.998985611	27.897362664835	255.532761006	27.261464629136	250.293586952	29.250039689437	272.979187085	27.839030196738	251.743985885	30.539010642439	248.373716179	28.059084019940	251.46594595	27.312215408741	248.76650576	29.578355830942	247.556386544	27.611691310443	246.968439091	27.432484583544	247.381782685	29.428090087845	246.169778621	27.206745990346	277.883645321	27.706656899547	246.136750773	29.052164125248	254.065725337	31.503654662549	260.980038786	33.100834945850	255.037767705	31.57322028751	242.771396128	28.039929563652	254.14072042	31.704275513753	253.053265631	31.499568815454	248.615293422	30.259803098255	242.176683437	26.79997256456	242.198710482	28.3961187357	247.613843419	30.373004014858	240.284463559	27.055032256459	244.386233366	29.281505340760	239.650423569	27.043883020361	246.730112995	26.152056908662	239.257534326	26.960634082363	247.010562004	26.427100301964	242.220701797	29.032492529865	240.003678246	28.208521671566	247.945450147	26.565855699867	239.644296831	28.264657061968	237.771020425	26.758630204869	281.012675361	27.858527143570	239.150409807	25.999520912371	237.408653351	26.375849915272	238.615705453	26.390341911373	238.776994476	26.179153736274	236.489989572	26.811634599475	316.814970057	30.914381561176	236.288492794	26.955580496877	237.344147062	26.36688339378	241.357664024	26.029138922879	235.647805653	26.850060660580	237.028738823	26.127473459181	246.777807721	29.992282858382	238.424183433	25.831788152683	235.76854275	27.622733108384	236.351243066	27.7253247162

{'test': [37.500668720795488,
          33.905517704270125,
          36.011254634806711,
          33.69593168739214,
          33.722329910331858,
          33.495216883186764,
          32.05513607024298,
          32.383195455401612,
          35.963317249315935,
          31.525366878166221,
          36.658508532001235,
          30.022177726025507,
          30.306513587432264,
          33.109696708152519,
          29.831684196922531,
          29.84149376288817,
          29.832180019899646,
          29.674357603885106,
          33.254148390927398,
          29.757549235133457,
          32.430533242404955,
          28.685107015726274,
          29.601124608478607,
          28.841097904131772,
          30.74195081129205,
          28.438533016314448,
          28.616245972996765,
          28.619853065764623,
          29.043335709818205,
          32.650773830559039,
          27.462006889016646,
          28.682484288016919,
          27.935194954928853,
          29.211495001789789,
          27.89736266484902,
          27.26146462914198,
          29.250039689398108,
          27.83903019672281,
          30.539010642386636,
          28.059084019940762,
          27.312215408707349,
          29.578355830861039,
          27.611691310432484,
          27.432484583511798,
          29.428090087836715,
          27.20674599027916,
          27.706656899519082,
          29.052164125231542,
          31.503654662496633,
          33.100834945775802,
          31.573220286978085,
          28.039929563642488,
          31.704275513708762,
          31.499568815384976,
          30.259803098234066,
          26.799972563985619,
          28.396118730020625,
          30.373004014809208,
          27.055032256434664,
          29.281505340717835,
          27.043883020308709,
          26.15205690863824,
          26.96063408230571,
          26.427100301852228,
          29.032492529795114,
          28.208521671512411,
          26.565855699807852,
          28.264657061922307,
          26.758630204826581,
          27.858527143519808,
          25.999520912304654,
          26.375849915219316,
          26.390341911341029,
          26.179153736214968,
          26.811634599443813,
          30.914381561088629,
          26.955580496755115,
          26.366883392950594,
          26.029138922849782,
          26.850060660481738,
          26.127473459066998,
          29.992282858313924,
          25.831788152589102,
          27.622733108308775,
          27.725324716207517],
 'train': [300.63516651025634,
           294.04128689573037,
           286.75510073366593,
           280.46936582671742,
           278.71211171186474,
           277.0260381200564,
           274.0664859846579,
           272.86581383609126,
           283.11205338219247,
           269.90400659524238,
           285.37973630299541,
           273.34493931950107,
           269.42066472222143,
           270.29721165813453,
           268.95026216460792,
           284.71050961155674,
           266.31254671682171,
           264.05608431867478,
           268.67124995269444,
           261.71799087371232,
           265.44400847270737,
           264.17426615652317,
           258.89399082114335,
           259.24955604237982,
           258.61708237422857,
           259.41499611337548,
           256.76317474903919,
           255.53950611022248,
           254.02866600009733,
           261.60180412863224,
           259.79334345566434,
           252.27423190738972,
           252.30195575213057,
           299.28225309600765,
           275.99898561136393,
           255.53276100563664,
           250.2935869520656,
           272.97918708450078,
           251.74398588542104,
           248.37371617906246,
           251.46594595047449,
           248.76650575960514,
           247.55638654353407,
           246.96843909081716,
           247.38178268549882,
           246.16977862141539,
           277.88364532064872,
           246.13675077296193,
           254.06572533745469,
           260.98003878612889,
           255.03776770481437,
           242.77139612773644,
           254.14072042040053,
           253.05326563089773,
           248.61529342209246,
           242.1766834368392,
           242.19871048233884,
           247.61384341866835,
           240.28446355944124,
           244.38623336571999,
           239.65042356867428,
           246.73011299507587,
           239.25753432578085,
           247.01056200374421,
           242.22070179732006,
           240.00367824555542,
           247.94545014730815,
           239.64429683069886,
           237.7710204253556,
           281.01267536075113,
           239.15040980669633,
           237.40865335082896,
           238.61570545292446,
           238.77699447576703,
           236.48998957164793,
           316.81497005688232,
           236.28849279434877,
           237.34414706171452,
           241.35766402350532,
           235.64780565345865,
           237.028738823276,
           246.77780772125396,
           238.42418343275344,
           235.76854274963887,
           236.35124306577896]}


epoch	train err	test err0	312.760551446	31.08871962551	313.225274842	32.42355501352	297.527990339	28.28782513483	292.731908121	29.11448066684	284.536682916	27.37112666095	280.5702698	26.28705635966	278.064271989	27.43753722477	280.576171369	28.86246367568	283.428407751	30.16497419739	273.326122122	26.36626768110	272.4598098	27.228153998711	271.170704798	26.38282705112	271.959240615	28.092848527513	271.187424828	28.048237727514	268.493660081	25.659918186915	273.851744731	29.567154819516	274.069600762	25.050898980617	264.275072451	25.90466515218	263.430672295	25.537553311519	262.036840077	26.92963608620	260.924063091	26.519813377321	259.199887704	26.00520229422	259.471298623	27.146555766923	264.45812347	29.310741847424	260.615336111	24.850581634625	256.065785505	25.387071653826	255.253005998	25.356207153727	253.560827101	26.230702368628	252.845684071	25.775907141929	256.102143684	24.794749836730	252.367851288	25.248346494731	255.587010841	28.900952450132	253.283387378	28.301653301933	256.676052127	24.57243261334	262.07090555	24.440047035635	248.382335386	25.690354411936	250.612083808	28.139446183437	247.102727408	26.155757934338	248.053598947	25.054078553239	247.685557375	25.010923419840	250.439232499	28.803903531341	249.307691322	28.557627567842	244.735860065	26.15583987943	247.6270607	28.237695537744	250.411497834	24.329432196645	245.565339021	24.786113088746	255.792189482	24.116893144747	245.997383234	24.609018319948	242.746314197	25.50704339949	242.727713154	26.981194756650	246.17982124	24.408576406151	243.946727547	24.598356033552	247.111469849	29.146125059353	240.842216493	25.603040535754	293.494653846	40.177222550355	260.767062959	24.069932115556	240.889114341	25.077567762957	245.592894159	29.229277731258	240.969726841	24.843931712459	250.142044646	30.745205087860	242.352069403	28.217835549361	241.18267089	27.801152343262	241.484242253	24.504057424463	240.293875558	27.597407458264	238.6729776	26.665238047365	238.680862507	24.982093345366	257.570963607	23.859968985567	241.783659544	28.415828205968	246.16574905	30.015892134269	242.986444915	24.047617546470	237.073653063	25.462479285471	287.990595273	39.291998550572	263.582624045	34.426104035273	243.43075968	23.935756859174	236.396774359	25.810145231375	240.040492382	24.165788680576	246.111768981	23.758100107877	237.853610649	27.246123848678	250.39912446	23.673667238679	236.003848695	26.25098189480	261.954857251	23.895717034381	240.45473844	23.978167419682	236.100713302	26.579384766283	238.180996748	24.227096928184	237.804747543	24.2886202613

{'test': [31.088719625487556,
          32.42355501345429,
          28.28782513484197,
          29.114480666774604,
          27.371126660920947,
          26.287056359603845,
          27.437537224710226,
          28.862463675580802,
          30.164974197345785,
          26.36626768098164,
          27.228153998747359,
          26.382827050983682,
          28.092848527484701,
          28.048237727523862,
          25.659918186933162,
          29.567154819452732,
          25.050898980632375,
          25.904665151962707,
          25.537553311520615,
          26.929636085965555,
          26.519813377265521,
          26.005202294047333,
          27.146555766898139,
          29.310741847409364,
          24.850581634568151,
          25.387071653792056,
          25.356207153695362,
          26.230702368588307,
          25.775907141908586,
          24.794749836676289,
          25.248346494656737,
          28.900952450125938,
          28.301653301934941,
          24.572432613015792,
          24.440047035647176,
          25.690354411933139,
          28.139446183367049,
          26.155757934271673,
          25.054078553158384,
          25.01092341984198,
          28.803903531314166,
          28.557627567773284,
          26.15583987899371,
          28.237695537713776,
          24.329432196634968,
          24.786113088676807,
          24.116893144680379,
          24.609018319853924,
          25.507043398969817,
          26.981194756606165,
          24.408576406082464,
          24.598356033510772,
          29.14612505927315,
          25.603040535679799,
          40.177222550329709,
          24.069932115541171,
          25.077567762895221,
          29.229277731209681,
          24.843931712411209,
          30.745205087836069,
          28.217835549330999,
          27.801152343181144,
          24.504057424437139,
          27.597407458195768,
          26.665238047345319,
          24.982093345324706,
          23.85996898551458,
          28.415828205878398,
          30.015892134248837,
          24.047617546433379,
          25.462479285360637,
          39.291998550535254,
          34.426104035171434,
          23.935756859114612,
          25.810145231306098,
          24.165788680537169,
          23.758100107815622,
          27.246123848616239,
          23.673667238557115,
          26.250981894029593,
          23.895717034334027,
          23.978167419632008,
          26.579384766203741,
          24.227096928089519,
          24.288620261317522],
 'train': [312.76055144621699,
           313.22527484225691,
           297.52799033861845,
           292.73190812057123,
           284.53668291571012,
           280.57026980046504,
           278.06427198889043,
           280.57617136902542,
           283.42840775116196,
           273.32612212190838,
           272.4598097999982,
           271.17070479787395,
           271.95924061549613,
           271.18742482810342,
           268.49366008126555,
           273.85174473065001,
           274.06960076174221,
           264.27507245069364,
           263.43067229494966,
           262.03684007666726,
           260.92406309057156,
           259.19988770355661,
           259.47129862294827,
           264.45812346974935,
           260.61533611097337,
           256.06578550524239,
           255.25300599750261,
           253.56082710114663,
           252.84568407089816,
           256.10214368361846,
           252.36785128831428,
           255.58701084129433,
           253.28338737762633,
           256.67605212715347,
           262.0709055497075,
           248.38233538644624,
           250.61208380838448,
           247.10272740751563,
           248.05359894742895,
           247.68555737503988,
           250.4392324992663,
           249.3076913221046,
           244.73586006542195,
           247.62706069980499,
           250.41149783408372,
           245.56533902118949,
           255.7921894822598,
           245.99738323447116,
           242.74631419696627,
           242.72771315445254,
           246.17982124020162,
           243.94672754694906,
           247.11146984926165,
           240.8422164930048,
           293.49465384623136,
           260.76706295856081,
           240.88911434068501,
           245.59289415854025,
           240.9697268409673,
           250.14204464629256,
           242.35206940328365,
           241.18267089038724,
           241.48424225335214,
           240.29387555805076,
           238.67297759959419,
           238.68086250676416,
           257.570963607078,
           241.78365954447551,
           246.16574904971401,
           242.98644491512246,
           237.07365306275287,
           287.99059527276239,
           263.58262404527602,
           243.43075967957128,
           236.39677435889632,
           240.0404923819323,
           246.1117689807165,
           237.85361064856772,
           250.39912446021199,
           236.00384869543404,
           261.95485725103936,
           240.45473844028217,
           236.1007133024832,
           238.18099674832368,
           237.80474754327088]}


epoch	train err	test err0	298.381605841	33.00387262771	283.755589569	31.89067452672	286.195945242	31.11439992573	299.303532591	32.30167595194	283.251826086	31.37900683865	272.214170005	29.72884067426	274.946753688	29.26860486337	269.016182665	29.19700504018	268.590421725	29.2348490869	275.892849051	30.228150796110	268.871013115	29.304662060811	266.773843584	28.429687581412	268.328760032	29.229680470413	264.861622138	28.568035620914	264.139094241	28.39703485615	266.710406102	28.006429284316	279.02497715	29.932430593117	276.076637198	29.662738887918	267.956250265	27.598263755719	268.510684151	27.648824131420	261.018406697	27.381051894421	260.032683496	27.540552681922	261.887610814	27.315955372423	280.341456928	28.159158527524	263.626561741	28.134018738825	260.232551933	26.805196485326	263.213340717	26.661398235927	270.401767936	27.185312764128	263.068674574	27.885887065429	294.436780058	28.738898116730	268.348495765	27.095386596531	257.124449189	26.707938919132	255.535403194	26.660234460333	255.305025194	26.215811203734	258.521415424	27.104425931835	270.513441435	27.081696230936	265.457538448	26.642601638137	255.121724809	25.64872225538	267.295535937	27.936790396139	256.353951335	25.904590546440	295.758300829	28.427641216841	261.760486707	25.808529862542	261.146765597	27.242847520843	256.823291922	25.579049198344	251.284871476	25.83220162245	252.441032719	26.030870419346	250.453034313	25.42786586247	252.384096124	25.202445523848	253.400525288	25.218946153549	250.376632015	25.68341716650	251.650840597	25.776817327651	250.162708172	25.28871502652	253.632076786	25.993633822653	258.195095684	24.915594758754	248.205297529	25.057359359455	253.464914256	25.910940832356	250.409119911	24.690965050557	253.512142114	25.123120429558	250.931264377	25.445383825159	261.071684175	26.598785740860	277.763849216	26.940708479661	246.693671775	24.551779153562	252.245086879	24.288240033563	247.692655121	24.674642738364	246.074134694	24.146833608365	247.960550087	24.185695215666	249.686605742	24.988419761367	272.766978741	27.571103124168	246.403350047	24.397558782569	252.538564072	23.912051038770	245.551056258	24.34585366271	246.881705241	24.012722436572	246.895303294	24.106394557973	261.854434888	25.200945930274	246.549787817	23.992790321675	248.121288723	23.982616080576	244.652302389	23.918907496377	244.8818945	24.131306311378	256.236303798	24.370805708479	255.895588367	25.687124752480	265.215643916	25.245931787481	243.051207196	23.480829595882	249.525396533	24.939654296183	245.705691901	23.799547952284	242.446390851	23.930811684

{'test': [33.003872627664286,
          31.890674526681213,
          31.114399925710217,
          32.301675951948809,
          31.379006838614306,
          29.72884067422364,
          29.268604863286988,
          29.197005040146234,
          29.234849086045877,
          30.228150796114832,
          29.304662060816682,
          28.429687581383885,
          29.229680470431731,
          28.56803562090381,
          28.397034855973427,
          28.006429284334686,
          29.932430593121701,
          29.662738887914777,
          27.598263755675823,
          27.648824131401454,
          27.381051894420175,
          27.540552681873542,
          27.315955372418987,
          28.159158527543184,
          28.134018738802311,
          26.805196485306109,
          26.661398235861643,
          27.185312764094203,
          27.885887065379194,
          28.738898116676729,
          27.095386596476018,
          26.707938919081002,
          26.660234460267837,
          26.215811203734496,
          27.104425931815598,
          27.081696230921693,
          26.642601638093534,
          25.6487222549877,
          27.936790396094413,
          25.904590546381538,
          28.42764121676246,
          25.808529862539096,
          27.24284752078194,
          25.579049198300638,
          25.83220162201696,
          26.03087041930997,
          25.42786586204403,
          25.202445523777822,
          25.21894615345294,
          25.683417166021957,
          25.776817327569358,
          25.288715025970809,
          25.993633822610349,
          24.915594758662685,
          25.057359359416616,
          25.910940832290365,
          24.69096505046684,
          25.123120429532502,
          25.445383825110369,
          26.598785740798832,
          26.940708479649366,
          24.551779153465084,
          24.288240033478132,
          24.674642738340854,
          24.146833608271223,
          24.185695215585554,
          24.988419761264129,
          27.571103124096325,
          24.397558782478136,
          23.912051038672452,
          24.345853661960032,
          24.012722436514476,
          24.106394557854941,
          25.200945930231523,
          23.992790321566851,
          23.982616080464833,
          23.918907496293865,
          24.131306311312422,
          24.370805708421734,
          25.687124752375457,
          25.245931787351722,
          23.480829595787945,
          24.939654296119002,
          23.799547952246396,
          23.930811683958616],
 'train': [298.38160584124648,
           283.75558956872118,
           286.19594524223697,
           299.30353259131988,
           283.25182608577035,
           272.214170005033,
           274.94675368841297,
           269.01618266544494,
           268.59042172500034,
           275.89284905117995,
           268.87101311520172,
           266.77384358428873,
           268.32876003227301,
           264.86162213848974,
           264.13909424053867,
           266.71040610201379,
           279.02497715023259,
           276.07663719762451,
           267.95625026508986,
           268.51068415112667,
           261.01840669667757,
           260.03268349649125,
           261.88761081373821,
           280.34145692841577,
           263.62656174148464,
           260.23255193345597,
           263.21334071687414,
           270.40176793582253,
           263.06867457399215,
           294.4367800579372,
           268.34849576549425,
           257.1244491885758,
           255.53540319395412,
           255.30502519415256,
           258.52141542359652,
           270.51344143482822,
           265.45753844795945,
           255.12172480872871,
           267.29553593654748,
           256.35395133529187,
           295.7583008289613,
           261.76048670694468,
           261.14676559715599,
           256.82329192180197,
           251.284871475664,
           252.44103271866189,
           250.45303431311333,
           252.38409612379357,
           253.40052528842801,
           250.3766320152175,
           251.65084059681197,
           250.16270817153728,
           253.63207678633859,
           258.19509568397598,
           248.20529752922613,
           253.46491425554518,
           250.40911991137622,
           253.51214211366698,
           250.93126437664921,
           261.07168417479471,
           277.76384921555496,
           246.69367177457522,
           252.24508687939618,
           247.69265512146202,
           246.07413469435602,
           247.96055008699986,
           249.68660574213632,
           272.76697874128422,
           246.40335004682134,
           252.53856407217387,
           245.55105625786638,
           246.88170524081312,
           246.89530329418162,
           261.85443488786586,
           246.54978781726959,
           248.1212887227328,
           244.652302389038,
           244.88189450002633,
           256.23630379840552,
           255.89558836658793,
           265.21564391636235,
           243.05120719602553,
           249.5253965331452,
           245.70569190089887,
           242.44639085134355]}
