

epoch	train err	test err0	288.254430588	27.66327611031	286.481553826	26.87707189352	283.633643584	26.61261223453	314.419022678	34.31645989134	285.008370106	29.11284151165	284.846906639	24.81889945316	287.496882266	29.7719341417	290.442496488	24.34633603828	281.032536281	24.67085881599	283.033068693	24.387300778710	304.300476252	25.729333385211	287.887267944	30.239704150912	274.642907178	27.268625986413	289.668524795	24.146325314714	294.528862537	24.546831541315	312.107282372	26.405684550616	269.50376321	26.074941426917	275.049712911	28.053559166918	266.701206327	25.81248899519	270.801067015	23.839739412620	298.423093647	25.345508147721	264.449634919	25.212239756122	266.912306301	23.834050885723	263.126921908	24.60521179724	285.408488588	30.188979791725	262.663034537	24.105038991426	337.532756522	37.465030153427	269.517425777	23.466563188128	265.300521338	26.557031945329	265.318950786	26.671357804930	283.757748576	24.405802146831	266.876804076	23.510902925132	260.092570275	23.563663617433	259.353187184	25.461320453334	262.628841981	23.317280187935	273.891595503	28.506158093536	285.228975461	30.335491010337	263.588968352	26.740365110538	254.589465609	23.847490615839	279.381016542	29.499524612740	253.436262523	24.173300745741	297.369495181	25.276123607542	254.116590702	23.478739430343	275.4333336	24.143065448344	263.521316631	27.013063750945	256.335938627	25.577084461346	253.042121626	24.843809193547	252.17407937	23.401620631648	280.605633872	24.286820435149	287.124626282	24.647258743650	251.850077738	23.467523124551	272.138957902	28.508838022552	253.175175259	23.347173899853	274.894807551	28.943646748454	252.415350418	24.895814894155	265.796420265	27.548013699156	253.42882479	25.231207565357	262.200961725	23.286556402358	259.590439112	26.560523019159	282.172692934	30.008785083560	277.132219341	24.072777330361	257.020191578	22.854833384562	257.176672262	26.206549006963	252.021934144	25.220688676964	248.714908012	24.4038727332

{'test': [27.663276110346185,
          26.877071893537163,
          26.612612234453653,
          34.316459891322452,
          29.112841511626186,
          24.818899453115566,
          29.771934141020427,
          24.34633603815584,
          24.670858815929332,
          24.387300778700862,
          25.7293333852469,
          30.239704150902849,
          27.268625986427303,
          24.146325314703709,
          24.546831541318404,
          26.405684550645635,
          26.074941426910009,
          28.05355916693447,
          25.812488994985202,
          23.839739412620734,
          25.345508147652936,
          25.212239756105031,
          23.834050885736865,
          24.605211796962227,
          30.188979791707791,
          24.10503899137689,
          37.465030153383069,
          23.466563188058558,
          26.557031945338316,
          26.67135780488822,
          24.405802146770366,
          23.510902925135532,
          23.563663617435495,
          25.461320453336754,
          23.317280187933335,
          28.506158093493678,
          30.335491010328017,
          26.740365110481289,
          23.847490615823325,
          29.499524612655705,
          24.173300745661322,
          25.276123607473814,
          23.478739430256514,
          24.143065448340334,
          27.013063750878501,
          25.577084461326294,
          24.843809193533161,
          23.401620631564615,
          24.286820435084994,
          24.647258743584686,
          23.467523124523726,
          28.508838022523612,
          23.34717389978837,
          28.9436467484174,
          24.895814894137278,
          27.548013699071817,
          25.231207565268058,
          23.286556402321576,
          26.560523019136276,
          30.008785083522035,
          24.072777330255303,
          22.854833384540967,
          26.206549006877818,
          25.220688676850269,
          24.403872733156135],
 'train': [288.25443058815404,
           286.4815538263199,
           283.63364358362099,
           314.41902267770388,
           285.00837010628209,
           284.84690663872135,
           287.49688226641462,
           290.44249648837251,
           281.0325362812589,
           283.03306869260092,
           304.30047625185267,
           287.88726794365493,
           274.64290717765493,
           289.66852479457947,
           294.52886253691781,
           312.10728237159208,
           269.50376321037527,
           275.04971291105636,
           266.70120632651032,
           270.80106701547993,
           298.42309364718346,
           264.44963491896789,
           266.91230630091871,
           263.12692190751244,
           285.40848858811449,
           262.66303453692097,
           337.53275652231878,
           269.51742577704067,
           265.30052133760881,
           265.31895078594567,
           283.75774857616602,
           266.87680407563022,
           260.09257027498205,
           259.35318718413919,
           262.62884198060033,
           273.8915955025974,
           285.22897546072511,
           263.58896835175983,
           254.58946560875464,
           279.38101654181077,
           253.43626252317074,
           297.36949518073158,
           254.11659070151563,
           275.43333360030897,
           263.5213166307351,
           256.33593862704038,
           253.04212162590863,
           252.17407937001497,
           280.60563387229701,
           287.12462628234181,
           251.85007773847423,
           272.13895790187581,
           253.17517525919061,
           274.89480755110566,
           252.41535041787876,
           265.79642026505667,
           253.42882478953319,
           262.20096172527343,
           259.59043911185779,
           282.17269293351222,
           277.13221934112465,
           257.02019157754398,
           257.17667226230992,
           252.0219341441767,
           248.7149080120378]}


epoch	train err	test err0	295.886524144	35.71914315511	284.62394617	33.23190815142	281.479731754	32.6931375283	419.661068541	44.1166158984	279.558696452	30.98411266475	284.924166669	30.90490298036	275.528615475	30.93856210687	277.72939532	30.3379282598	282.165148612	34.58591534489	290.486560359	30.88038870210	414.622100864	43.489814142811	269.839450352	30.731023786412	300.462133107	31.661860762813	274.815163084	32.99850844814	277.286318023	29.811419812715	279.845370752	29.982726908216	337.052616652	35.219690413217	301.798444736	31.747993800418	266.773481489	29.313579803119	265.25409442	30.528237359920	265.898764628	29.369797702821	270.089296177	32.368298004822	265.806220992	31.302289625223	262.543447298	29.906134531424	318.36401809	33.314513348525	270.48222427	29.067903468326	260.339389004	29.254222517627	260.680071368	28.916447480528	260.641808107	30.230774982729	261.878873561	28.735379071330	259.118465957	28.974831208231	263.288293848	28.728544598432	260.826514208	30.545850549933	256.873745297	29.089418754934	259.034423507	30.280313340935	256.560420064	29.46714873836	292.164159555	30.782424014637	258.963245307	28.326789657138	257.324175349	30.033699518939	279.758417816	33.963429886240	260.003727576	30.605556450441	255.187611035	28.263152864542	259.464685932	28.221128324643	261.146412435	31.019209586444	253.503167254	29.380132613245	254.372594432	28.519545815546	267.023953337	28.681059437347	276.34191699	29.44714874648	252.302395573	28.194967168849	253.496163813	29.648180339550	253.079823872	29.600981085151	254.477004571	27.946773010252	258.242285481	30.793304688653	271.613076405	29.146586716454	261.128929436	28.314904425155	252.617570303	29.815372221356	256.492192972	28.065876612557	246.248108942	28.066552411658	266.166296846	32.151506858559	249.488997681	29.341899314460	248.151389314	27.726549117761	245.822988031	28.555614455162	243.96999004	28.202233252163	248.272981735	27.655273145864	266.221911633	32.1949066113

{'test': [35.719143155125103,
          33.231908151409797,
          32.693137527992057,
          44.116615897965204,
          30.984112664741598,
          30.904902980260381,
          30.938562106805353,
          30.337928258985734,
          34.585915344804455,
          30.880388702033738,
          43.489814142838952,
          30.731023786371328,
          31.661860762763421,
          32.998508448003022,
          29.8114198126605,
          29.982726908189445,
          35.219690413203537,
          31.747993800402547,
          29.31357980314429,
          30.528237359928458,
          29.369797702754205,
          32.368298004783327,
          31.302289625174527,
          29.906134531351711,
          33.314513348526141,
          29.067903468325955,
          29.254222517618018,
          28.916447480482006,
          30.23077498270262,
          28.735379071326054,
          28.9748312081555,
          28.728544598353743,
          30.545850549918953,
          29.089418754942233,
          30.280313340941746,
          29.467148738049808,
          30.782424014623942,
          28.326789657097315,
          30.033699518921424,
          33.963429886235069,
          30.605556450363252,
          28.263152864531072,
          28.221128324556624,
          31.01920958635576,
          29.380132613157929,
          28.519545815531281,
          28.681059437308392,
          29.447148746012122,
          28.194967168773648,
          29.648180339528889,
          29.600981085093057,
          27.946773010157212,
          30.793304688625096,
          29.146586716365558,
          28.314904425053907,
          29.815372221260265,
          28.065876612481912,
          28.066552411641222,
          32.151506858454013,
          29.341899314382054,
          27.726549117664337,
          28.555614455072007,
          28.20223325206311,
          27.65527314582522,
          32.194906611303317],
 'train': [295.88652414442299,
           284.62394617021772,
           281.47973175435163,
           419.6610685414754,
           279.55869645199823,
           284.92416666869684,
           275.5286154752576,
           277.72939532049196,
           282.16514861229115,
           290.48656035897829,
           414.62210086413438,
           269.83945035206466,
           300.46213310683561,
           274.81516308407078,
           277.28631802324787,
           279.84537075157749,
           337.05261665167546,
           301.79844473583626,
           266.77348148928274,
           265.25409441991354,
           265.898764628062,
           270.08929617661164,
           265.80622099160149,
           262.54344729782775,
           318.36401808979406,
           270.4822242702034,
           260.3393890035511,
           260.6800713678453,
           260.64180810673406,
           261.87887356074157,
           259.11846595656846,
           263.288293847707,
           260.82651420839863,
           256.87374529714543,
           259.03442350696383,
           256.56042006407205,
           292.16415955450299,
           258.963245306506,
           257.32417534945802,
           279.75841781582108,
           260.00372757623694,
           255.18761103496047,
           259.46468593196607,
           261.14641243473096,
           253.50316725398153,
           254.37259443185434,
           267.02395333657654,
           276.3419169895796,
           252.30239557291418,
           253.49616381320428,
           253.07982387152191,
           254.47700457127024,
           258.24228548124978,
           271.61307640549956,
           261.12892943615503,
           252.6175703034412,
           256.49219297224374,
           246.24810894189619,
           266.16629684629748,
           249.4889976812218,
           248.15138931406895,
           245.82298803058421,
           243.96999003981574,
           248.27298173543846,
           266.22191163347588]}


epoch	train err	test err0	313.789395681	34.57530842711	281.922526457	29.82506980312	291.777502734	29.56950328763	288.803207331	29.40295857414	283.33165712	29.17530278475	295.829137884	29.905551866	272.851714767	29.45355887167	307.029197682	32.13718511868	291.022036476	29.92867339979	289.555777673	29.651327622810	270.074677445	28.597800018111	282.566142687	32.158675831312	270.460614131	28.404532949713	290.713759197	30.4756533714	286.705497099	32.803880550415	296.041111103	31.301837293616	297.773563361	34.365750749617	259.006005323	28.531326354818	277.500745417	29.218647449619	261.469081893	27.89814803620	267.91799502	28.532833565721	306.132577858	35.145093099722	294.39355853	31.231692036823	269.30046466	31.027805691524	253.270907188	27.72177462725	259.887512563	29.785334490626	276.940847342	32.040762735327	256.144739774	29.229743826528	252.485977162	28.623197167329	268.327770673	31.182843861830	251.017113328	27.97536659731	251.243450906	27.498694601732	249.275297459	28.284330677433	291.990219502	33.654757625634	254.419236909	28.301451675835	250.170800155	27.735669134136	248.092111485	28.03038495137	259.171042956	29.860264392238	261.166745825	30.137640534839	260.763743645	28.377909378640	246.232787895	27.527512367541	262.014329269	30.22908339142	266.059556329	30.810505286443	246.320003613	27.267025735344	277.959058193	32.234668715345	257.336851296	28.495658555746	249.397218595	27.628549447747	273.233654075	29.509790914448	249.040828642	28.590970221849	243.126386713	27.825126987450	266.76137364	30.902591570351	273.617022687	31.725301065952	276.848453148	32.168077724153	244.764957609	27.287417862254	286.334291458	33.127271512155	244.872828132	27.123602855756	287.916220363	33.247605967557	247.431225257	28.367408144958	262.005163275	28.546851244659	242.906702119	27.64911649260	239.606179329	26.801192521161	244.465919299	27.093996053362	245.216600339	27.313118157763	250.417245191	27.657662651964	242.575588912	26.8474719952

{'test': [34.575308427142367,
          29.825069803129814,
          29.569503287602277,
          29.402958574099305,
          29.175302784666442,
          29.905551859956539,
          29.453558871598592,
          32.137185118618326,
          29.92867339968311,
          29.651327622831058,
          28.597800018097093,
          32.158675831315215,
          28.404532949682977,
          30.475653370048839,
          32.803880550376419,
          31.301837293551557,
          34.365750749617803,
          28.531326354795439,
          29.21864744956854,
          27.898148036032602,
          28.532833565668085,
          35.145093099743185,
          31.231692036814973,
          31.027805691516662,
          27.721774626959437,
          29.78533449061505,
          32.040762735324478,
          29.229743826480192,
          28.623197167335707,
          31.182843861804468,
          27.975366597038715,
          27.498694601738865,
          28.284330677359442,
          33.65475762559128,
          28.301451675778065,
          27.735669134065514,
          28.0303849509686,
          29.860264392172631,
          30.137640534773514,
          28.377909378619872,
          27.52751236751347,
          30.229083390999332,
          30.810505286370454,
          27.267025735310064,
          32.234668715343759,
          28.495658555674559,
          27.628549447714377,
          29.509790914374481,
          28.590970221755107,
          27.825126987427677,
          30.902591570299535,
          31.725301065879307,
          32.168077724111875,
          27.287417862178728,
          33.127271512098012,
          27.123602855706451,
          33.247605967491296,
          28.367408144920958,
          28.546851244597999,
          27.64911649199534,
          26.801192521101321,
          27.093996053270242,
          27.313118157735239,
          27.657662651890536,
          26.847471995227277],
 'train': [313.78939568144426,
           281.92252645727694,
           291.77750273355178,
           288.80320733114098,
           283.33165711952438,
           295.82913788364652,
           272.85171476664749,
           307.02919768225274,
           291.02203647600356,
           289.5557776734106,
           270.07467744506727,
           282.56614268661457,
           270.46061413095293,
           290.71375919653627,
           286.70549709873342,
           296.04111110347952,
           297.77356336068988,
           259.00600532258846,
           277.5007454168562,
           261.4690818928164,
           267.91799501968592,
           306.1325778575947,
           294.39355853031532,
           269.30046466044388,
           253.27090718832017,
           259.88751256309297,
           276.94084734218916,
           256.14473977381851,
           252.48597716223043,
           268.32777067263112,
           251.01711332757552,
           251.24345090613235,
           249.27529745865951,
           291.99021950188313,
           254.41923690854736,
           250.17080015460965,
           248.09211148461745,
           259.17104295643855,
           261.16674582470449,
           260.76374364500526,
           246.23278789518602,
           262.01432926949309,
           266.05955632901737,
           246.32000361281578,
           277.95905819312009,
           257.33685129582784,
           249.39721859488,
           273.23365407470197,
           249.04082864243659,
           243.12638671270867,
           266.76137363992149,
           273.61702268745597,
           276.84845314837531,
           244.76495760945102,
           286.3342914575195,
           244.87282813211786,
           287.91622036324173,
           247.43122525661093,
           262.00516327546649,
           242.90670211910549,
           239.60617932942137,
           244.46591929921166,
           245.21660033939861,
           250.41724519074739,
           242.57558891192076]}
