

epoch	train err	test err0	302.253575973	31.77382241941	285.841250431	27.84386506662	285.232739206	29.64605102743	286.587362908	26.26765576854	286.01485292	26.1147831485	280.364889127	26.12509620966	274.391365623	26.4663488047	276.337715694	26.09587586028	269.58075843	26.67260266339	269.13692534	26.68831547210	275.292809528	25.853724103911	273.422494754	28.431997322312	266.670044753	26.287748587813	267.779385462	25.995782091414	273.182625908	25.758522024915	264.205253757	26.760544428116	264.115967766	25.893979450517	262.298219019	26.013072654418	274.387010948	29.034090074119	262.683596775	27.103666269320	260.195200332	26.617659416321	271.395151297	26.127231030322	257.901714392	26.546352781623	279.786810539	26.934479455624	255.176264215	26.214126934325	262.696118842	27.842989886426	268.474250481	28.822050336827	252.946150803	25.976359502328	251.928270496	26.035552224829	251.595991496	26.3502530430	262.750292155	26.40582408531	252.873246837	27.097645974132	249.277477783	26.259029112833	305.403904707	34.208769308134	273.71300955	30.400073787835	247.424002632	26.333082231936	252.550680991	26.279484335637	257.150808623	28.402913188638	246.720661026	26.355170473339	251.549993663	27.984010692440	251.300433545	26.527977240241	249.018367604	27.704105555642	246.809726956	26.449503895143	246.216960162	26.500323491644	243.518164104	26.49588997745	246.360602722	26.595303333446	243.185282032	26.611899079447	262.277973513	30.186332474948	251.897929525	26.855470799549	240.295396647	26.840569131250	273.676583121	31.810068757351	242.435139599	26.698897309752	240.351539736	27.371725580153	245.87098531	26.801614699254	245.706746566	26.76532500655	248.119984165	28.829850439756	242.667451242	26.709602116157	240.27260415	26.715508809158	239.308931416	26.697628505359	242.764477868	26.812515742560	236.493237411	26.906695465861	240.062114362	28.00834445362	243.838993835	26.978831419763	238.799652638	27.961893241464	337.898675887	39.40733047465	243.925999525	28.863466761966	236.785509009	26.874038590967	254.079724986	27.516975500168	236.090762188	26.834846282769	236.412231663	27.8313939270	239.429406854	28.353892660471	236.37535016	26.955258739272	262.651630816	28.258642364573	253.67639205	27.76764834574	233.912597768	27.196869546975	241.859404579	29.014254898776	235.648830764	27.011837485577	234.786655838	27.051605201778	246.502682445	27.46848268479	236.438338592	27.052402901880	232.970391564	27.093666522981	274.812416283	33.143185726682	245.942412753	27.443205916583	244.574393346	29.517661938184	256.221198851	31.035075485485	268.696777961	32.537122201186	231.927210882	27.543326712287	231.886038924	27.198650503388	248.140993583	27.591452929689	232.181468492	27.08854139190	276.138206771	33.318707696991	235.351848316	27.024798892992	234.825692831	27.053307171893	256.522487201	28.127311854794	237.442146113	27.090807782495	230.888883238	27.116816523496	232.086329948	27.816116042697	241.750305575	27.294857232498	237.688072563	28.880452330799	236.730248236	27.0645302669100	248.974209265	30.3748926186101	229.998037995	27.3705322152102	229.851466191	27.224941371103	238.959716684	29.0179198643104	230.445484445	27.5769988259

{'test': [31.773822419369445,
          27.843865066559964,
          29.646051027415229,
          26.267655768478019,
          26.114783148036803,
          26.125096209569062,
          26.466348804042536,
          26.095875860214775,
          26.672602663313821,
          26.688315471978317,
          25.853724103949045,
          28.431997322303189,
          26.287748587806394,
          25.995782091391369,
          25.758522024870359,
          26.760544428057848,
          25.893979450480089,
          26.013072654441387,
          29.034090074051402,
          27.103666269326112,
          26.617659416266712,
          26.127231030272508,
          26.546352781637662,
          26.934479455635877,
          26.214126934254416,
          27.842989886417964,
          28.82205033680566,
          25.976359502279998,
          26.035552224760913,
          26.350253039966319,
          26.405824084989703,
          27.097645974058665,
          26.259029112805298,
          34.208769308120566,
          30.400073787794057,
          26.333082231882809,
          26.279484335557562,
          28.402913188604963,
          26.355170473290183,
          27.984010692379087,
          26.527977240167061,
          27.704105555636655,
          26.449503895131418,
          26.50032349160319,
          26.4958899769561,
          26.59530333340134,
          26.611899079363365,
          30.186332474897014,
          26.855470799523939,
          26.84056913123468,
          31.81006875726413,
          26.698897309650103,
          27.371725580111086,
          26.801614699160503,
          26.76532500604149,
          28.829850439722563,
          26.709602116057066,
          26.715508809063788,
          26.697628505301793,
          26.812515742456995,
          26.906695465772376,
          28.008344452990411,
          26.978831419680617,
          27.961893241445335,
          39.407330473954566,
          28.863466761909976,
          26.874038590924407,
          27.516975500050478,
          26.834846282745669,
          27.8313939200257,
          28.353892660424417,
          26.955258739220159,
          28.25864236447185,
          27.767648345045096,
          27.196869546885324,
          29.014254898746767,
          27.011837485489824,
          27.051605201721614,
          27.468482684020017,
          27.052402901806989,
          27.09366652294645,
          33.143185726555672,
          27.443205916455774,
          29.517661938050317,
          31.035075485365663,
          32.537122201079555,
          27.543326712196013,
          27.198650503255852,
          27.591452929593334,
          27.088541391025924,
          33.318707696936791,
          27.024798892903977,
          27.053307171778595,
          28.127311854739233,
          27.090807782409925,
          27.116816523352664,
          27.816116042641315,
          27.294857232363047,
          28.880452330706142,
          27.064530266948935,
          30.374892618632217,
          27.370532215181544,
          27.224941371011109,
          29.017919864267061,
          27.576998825889326],
 'train': [302.25357597269601,
           285.8412504313535,
           285.2327392055459,
           286.5873629081637,
           286.01485292025836,
           280.36488912676901,
           274.39136562263013,
           276.33771569398237,
           269.58075842966781,
           269.13692533977485,
           275.29280952769301,
           273.42249475428702,
           266.67004475304958,
           267.77938546191911,
           273.1826259077024,
           264.20525375672889,
           264.11596776551977,
           262.29821901913863,
           274.38701094792702,
           262.68359677524279,
           260.19520033156755,
           271.39515129742858,
           257.90171439246762,
           279.78681053888113,
           255.17626421475831,
           262.69611884237469,
           268.47425048063093,
           252.94615080329868,
           251.92827049612038,
           251.59599149580438,
           262.75029215535943,
           252.87324683651576,
           249.27747778309919,
           305.40390470678557,
           273.71300955005921,
           247.42400263249462,
           252.55068099137563,
           257.15080862264585,
           246.72066102624862,
           251.54999366323966,
           251.30043354451053,
           249.01836760409944,
           246.8097269557822,
           246.21696016154328,
           243.51816410431178,
           246.360602721655,
           243.18528203220674,
           262.27797351255788,
           251.89792952513005,
           240.29539664687579,
           273.67658312145386,
           242.43513959886997,
           240.35153973579403,
           245.87098530952755,
           245.70674656551512,
           248.11998416474145,
           242.66745124173525,
           240.27260414989306,
           239.30893141552028,
           242.76447786806395,
           236.49323741119721,
           240.06211436236509,
           243.83899383484172,
           238.79965263784891,
           337.89867588738525,
           243.92599952479742,
           236.78550900936156,
           254.07972498615973,
           236.09076218839459,
           236.4122316634176,
           239.4294068543102,
           236.37535015954509,
           262.65163081571416,
           253.67639205025648,
           233.91259776779449,
           241.85940457874904,
           235.64883076423226,
           234.78665583821495,
           246.50268244450018,
           236.43833859164778,
           232.97039156443205,
           274.81241628315723,
           245.94241275295104,
           244.5743933457226,
           256.22119885108538,
           268.69677796080782,
           231.92721088208808,
           231.88603892414451,
           248.14099358279663,
           232.18146849157247,
           276.13820677132799,
           235.35184831614004,
           234.82569283065561,
           256.52248720056673,
           237.44214611258957,
           230.8888832380174,
           232.08632994804643,
           241.75030557549394,
           237.68807256262392,
           236.73024823596614,
           248.97420926450255,
           229.99803799541314,
           229.85146619081689,
           238.95971668383379,
           230.44548444536844]}


epoch	train err	test err0	308.441301108	35.28497016241	292.079392892	35.85599001632	287.104784024	32.38428305483	276.663041559	32.44737481154	273.604075336	31.61082558475	284.952055393	32.10013126976	269.247597773	31.44469847827	269.407909214	31.38591049138	267.073903707	31.96552945219	267.569704126	32.607927531910	308.327891138	34.414150993111	264.323880053	32.229619167112	265.512837261	33.126765626713	262.877603189	31.459325971214	260.180620468	31.497662623515	261.129016918	32.948682064716	258.640534225	31.477715235417	257.266011774	32.497430268118	277.969292035	32.718836661219	263.400902864	31.796283137720	259.745506466	34.047772491121	251.55171682	31.799835154822	250.889742862	32.419568663923	255.091365388	31.655367719424	269.510689419	32.373976696525	259.595713352	31.926292020726	246.396573798	32.00579367127	255.23761357	31.859937165928	248.38573273	31.780863729129	243.926834751	32.237691051430	245.846965447	33.256120621931	247.204774132	31.842658642232	244.736810324	31.799887948533	246.85122842	33.900020631934	253.851156751	31.939794489435	272.957103492	32.865768222136	249.438939598	31.764522903537	242.653257858	33.346556570338	239.170411209	31.858898965239	247.871515806	31.545318121440	250.745401791	31.607653746641	241.312373314	31.495155388142	240.593733691	31.414676547343	236.731628436	31.863353424944	244.333704345	34.040084992745	240.866342923	31.310311612546	252.030656206	35.429013226647	244.576729672	31.345130245848	235.02279136	31.74095661349	260.107433997	31.857477507750	257.463501705	36.361404590451	248.91239795	35.025500042352	236.020674452	31.154553174753	246.587552293	31.157473351454	235.578511863	32.482462962355	268.342612061	38.021968232856	250.053184149	35.282490895857	244.853421928	34.400097259758	250.331953144	31.16509386359	235.090357422	32.51485622560	243.90053351	30.922425648961	232.054087898	31.20193323362	232.893892428	31.928834217763	233.680344767	30.751728444764	235.228551866	32.598111629165	245.326977122	34.52634417266	242.584798393	30.705726219167	231.218955025	31.502860559568	233.604059566	30.584329653369	243.531433955	34.237490124870	232.210078484	31.929241340671	252.93853622	30.977053057872	235.126313289	32.675935056573	232.76778419	30.427690348274	229.878452184	30.845456090575	234.427939157	32.544998445176	231.419353457	31.815429236577	232.323686503	32.119702496278	231.234508027	30.410718775179	258.321019356	31.166101610180	229.32783344	30.669631659381	231.238753908	30.347605161382	242.913069997	34.177190125383	235.929201639	32.855019183884	232.079359581	31.971776300385	229.933966643	30.227392141186	229.835135413	30.20622528287	230.141700656	31.566622417488	261.72635457	36.976096145289	229.039686423	31.127906864890	246.376957984	34.625976989991	228.689792031	31.022758565992	230.704678947	31.740531964793	232.150817072	32.110680407794	249.040999325	35.149558761495	230.559833701	31.704441986396	228.026207977	30.978743076497	238.924018973	33.382015483498	227.29401367	30.51161846799	235.146537247	29.9871834025100	231.658660761	29.8659153833101	235.955743769	32.906211244102	228.964901776	31.364711944103	230.486100019	31.6818976038104	241.972504919	30.0365399048

{'test': [35.284970162379189,
          35.855990016328406,
          32.384283054828636,
          32.447374811504389,
          31.610825584694233,
          32.100131269727221,
          31.444698478165286,
          31.385910491304273,
          31.965529452118858,
          32.607927531876996,
          34.414150993085542,
          32.229619167100964,
          33.126765626678647,
          31.459325971215641,
          31.4976626235376,
          32.948682064697451,
          31.477715235418216,
          32.497430268136718,
          32.718836661206431,
          31.796283137684693,
          34.047772491093973,
          31.799835154840569,
          32.419568663898822,
          31.655367719378962,
          32.373976696484881,
          31.926292020739126,
          32.005793671028023,
          31.859937165918513,
          31.780863729145992,
          32.237691051400155,
          33.256120621850563,
          31.842658642248502,
          31.799887948538064,
          33.900020631884338,
          31.939794489405497,
          32.86576822208567,
          31.764522903494537,
          33.346556570303477,
          31.858898965208901,
          31.545318121386977,
          31.607653746637279,
          31.495155388122868,
          31.414676547305639,
          31.863353424886519,
          34.040084992742386,
          31.310311612528029,
          35.429013226624512,
          31.345130245790635,
          31.740956613005132,
          31.857477507727477,
          36.361404590449375,
          35.025500042323706,
          31.154553174664208,
          31.157473351433186,
          32.48246296227078,
          38.021968232793192,
          35.282490895780164,
          34.400097259683008,
          31.165093862985412,
          32.514856224984683,
          30.922425648923628,
          31.201933233002357,
          31.928834217668722,
          30.751728444707556,
          32.598111629052241,
          34.52634417197968,
          30.705726219111725,
          31.502860559454586,
          30.584329653262177,
          34.237490124794839,
          31.929241340550647,
          30.977053057815386,
          32.675935056541881,
          30.427690348152893,
          30.845456090536008,
          32.544998445070114,
          31.815429236465249,
          32.119702496201455,
          30.410718775134043,
          31.166101610086862,
          30.669631659336787,
          30.347605161266472,
          34.177190125349256,
          32.855019183799413,
          31.971776300255669,
          30.227392141070396,
          30.206225281963999,
          31.566622417357038,
          36.976096145155466,
          31.12790686483044,
          34.625976989902249,
          31.022758565852264,
          31.740531964692558,
          32.110680407711122,
          35.149558761377165,
          31.704441986308407,
          30.978743076352899,
          33.38201548340696,
          30.511618466952594,
          29.987183402526085,
          29.865915383293554,
          32.906211243977658,
          31.364711944001151,
          31.681897603800536,
          30.036539904841263],
 'train': [308.44130110763814,
           292.07939289177062,
           287.10478402449081,
           276.66304155935552,
           273.60407533566632,
           284.95205539340503,
           269.24759777278859,
           269.40790921383802,
           267.07390370699659,
           267.56970412572412,
           308.32789113759554,
           264.32388005268098,
           265.51283726075582,
           262.87760318888502,
           260.18062046828635,
           261.12901691764279,
           258.64053422453486,
           257.26601177395861,
           277.96929203501156,
           263.40090286395707,
           259.74550646598146,
           251.55171682024542,
           250.88974286206633,
           255.09136538762098,
           269.51068941852299,
           259.5957133524941,
           246.39657379766149,
           255.2376135703862,
           248.38573272980298,
           243.92683475076041,
           245.8469654469551,
           247.20477413167612,
           244.73681032416451,
           246.85122842011634,
           253.8511567507108,
           272.95710349225448,
           249.4389395978742,
           242.65325785804569,
           239.17041120942179,
           247.8715158064374,
           250.74540179099924,
           241.31237331371418,
           240.59373369066262,
           236.73162843649936,
           244.3337043453943,
           240.86634292321568,
           252.03065620555819,
           244.57672967219648,
           235.02279135970971,
           260.10743399742103,
           257.46350170511772,
           248.91239794986126,
           236.02067445200893,
           246.58755229324223,
           235.57851186283287,
           268.34261206059199,
           250.05318414934297,
           244.85342192839244,
           250.33195314412924,
           235.0903574223382,
           243.90053350960585,
           232.05408789754208,
           232.89389242797623,
           233.68034476664096,
           235.22855186555876,
           245.326977121612,
           242.58479839327867,
           231.21895502524259,
           233.60405956551813,
           243.53143395501479,
           232.21007848389107,
           252.93853621962506,
           235.12631328935507,
           232.76778418958705,
           229.87845218416444,
           234.42793915712642,
           231.4193534567419,
           232.32368650276135,
           231.2345080266976,
           258.32101935624439,
           229.32783343955845,
           231.23875390809388,
           242.91306999653989,
           235.9292016385007,
           232.07935958124091,
           229.93396664273985,
           229.83513541344388,
           230.14170065573393,
           261.72635456960137,
           229.03968642308465,
           246.37695798436235,
           228.68979203093406,
           230.70467894655903,
           232.15081707182694,
           249.0409993252764,
           230.55983370069475,
           228.02620797675502,
           238.92401897271614,
           227.29401366991146,
           235.14653724669404,
           231.65866076073678,
           235.95574376900694,
           228.96490177645211,
           230.48610001890151,
           241.97250491897236]}


epoch	train err	test err0	300.276082438	35.36857309181	292.537113283	35.25543532472	286.33859997	33.64184472183	277.239819878	34.42016171734	288.332215159	33.22117481745	275.702800927	32.55549207086	270.035833251	33.57941843287	271.287195483	32.33079655428	268.091074374	33.55092514779	282.668629554	32.82269713410	273.124896866	34.873209638711	263.907799	32.891383196212	265.845151062	31.853774948413	261.502172779	31.78882538414	263.26261812	31.700392518715	267.464516658	31.803445277816	265.592736361	31.682228617317	267.1485408	31.763398106518	258.263018767	32.373768039219	257.250282993	31.248777336420	255.014148366	31.897945177121	255.440069085	32.050045960722	254.23073986	31.870266520323	252.11766257	31.008561946724	258.009058868	31.100407783125	252.47470566	30.833965230926	249.447704079	30.931332722127	249.566824734	31.088721339428	261.106462792	32.959421331129	247.659865428	30.724489517730	255.627206187	32.122428186331	253.226904864	30.609044965732	246.510114663	30.397730008133	245.56975416	30.374782297934	252.031429251	30.530042391935	250.183171191	31.374189509336	244.152186355	30.399453840137	259.054924493	32.706392622438	265.725133679	31.305237479839	258.105291394	30.778606686440	242.577953618	30.189798271941	288.741278983	33.00415948642	255.276250389	30.383580419743	243.679887145	29.746609233644	249.128050066	31.370210755345	256.694836309	32.293140225146	249.395182716	31.350951833747	244.382566302	30.613754580748	243.080682298	29.51903032649	239.152973366	29.712983799750	244.54802477	29.484199434651	239.21475111	29.834119353752	247.274081152	31.144651048453	239.835186006	29.222193849354	237.778043135	29.239637128555	243.444709328	30.60326910756	243.298757486	30.535565272257	236.973344834	29.164666753158	247.84248153	29.379224956959	243.777311904	29.096648492960	283.68443915	31.805983590961	242.056498613	30.321469542862	246.996626508	29.183718847363	245.873658664	30.904746528464	259.739470116	32.735492941965	236.635425849	29.382811682266	235.096036899	29.029590885567	261.413728149	29.968756536268	242.095700073	28.732862994369	235.335327521	29.15190624870	245.943055294	30.934559933671	250.015047388	31.441081306572	236.597451602	29.460287473673	240.454229025	30.076742852874	236.011471346	29.421485027675	251.667923643	29.157174764676	237.99553843	29.698339509577	236.090661294	28.32969396978	247.85046736	28.817692097979	233.04569464	28.410221418380	232.857786018	28.429238435481	234.999742599	28.231886275582	248.557697507	31.295918494583	232.752758354	28.293604215884	236.937587062	29.544924338485	246.781110065	31.029551112586	232.717601494	28.704395584287	253.97590892	29.023768431788	235.348218098	29.286353296689	231.821282744	28.247119914890	238.021220237	29.718335582991	247.16641331	28.464199212592	234.136929613	29.121619951893	236.296327907	29.494500121894	235.693817492	29.328169613895	231.669681986	28.014482641896	232.40454727	28.606345565497	232.512017883	28.705357857898	239.705233326	30.050163955699	242.651211384	30.5058913674100	246.719354222	31.0265302151101	253.892316358	31.9960260791102	231.088844207	28.236682579103	241.85456322	28.0379449192104	237.873631094	27.8651403925

{'test': [35.368573091769548,
          35.255435324677762,
          33.641844721849402,
          34.420161717284053,
          33.221174817418863,
          32.555492070818879,
          33.579418432758722,
          32.33079655415419,
          33.550925147718239,
          32.822697133974444,
          34.873209638678595,
          32.891383196200884,
          31.85377494838843,
          31.788825383972586,
          31.70039251868652,
          31.803445277797795,
          31.682228617298577,
          31.763398106549324,
          32.373768039217445,
          31.248777336354756,
          31.897945177114575,
          32.050045960702363,
          31.870266520251135,
          31.008561946685006,
          31.100407783145091,
          30.833965230854673,
          30.931332722139985,
          31.088721339446685,
          32.959421331051765,
          30.724489517709543,
          32.122428186316917,
          30.609044965709124,
          30.397730008060698,
          30.374782297939049,
          30.530042391864825,
          31.374189509255341,
          30.399453840147338,
          32.706392622421909,
          31.305237479823749,
          30.778606686405031,
          30.189798271948742,
          33.004159485956016,
          30.383580419653811,
          29.74660923358298,
          31.370210755323715,
          32.293140225117462,
          31.350951833666588,
          30.613754580678133,
          29.519030325978061,
          29.712983799675733,
          29.484199434614837,
          29.834119353680926,
          31.144651048370822,
          29.222193849257209,
          29.239637128503936,
          30.603269106951959,
          30.535565272221529,
          29.16466675306463,
          29.379224956913674,
          29.096648492875921,
          31.805983590949694,
          30.321469542750812,
          29.183718847288276,
          30.904746528426426,
          32.73549294186067,
          29.382811682184268,
          29.029590885490585,
          29.968756536151517,
          28.73286299428543,
          29.151906247993139,
          30.934559933594564,
          31.441081306520125,
          29.460287473580536,
          30.076742852758318,
          29.421485027600916,
          29.157174764617611,
          29.698339509457917,
          28.329693968983179,
          28.817692097919615,
          28.410221418271952,
          28.42923843539614,
          28.231886275477269,
          31.295918494479949,
          28.293604215786232,
          29.544924338426725,
          31.02955111249813,
          28.70439558424167,
          29.023768431706213,
          29.28635329658843,
          28.247119914814142,
          29.718335582870921,
          28.464199212506788,
          29.121619951830585,
          29.494500121760353,
          29.328169613786066,
          28.014482641793567,
          28.606345565422544,
          28.705357857782889,
          30.050163955604063,
          30.50589136736064,
          31.026530215073862,
          31.996026079136907,
          28.236682579037712,
          28.037944919214393,
          27.865140392497963],
 'train': [300.27608243836664,
           292.53711328270361,
           286.33859996969602,
           277.23981987820258,
           288.33221515879217,
           275.70280092670106,
           270.03583325080228,
           271.28719548327956,
           268.09107437383,
           282.66862955413791,
           273.12489686594472,
           263.90779899951804,
           265.84515106219339,
           261.50217277930324,
           263.26261812019777,
           267.46451665816681,
           265.59273636101835,
           267.14854079958388,
           258.2630187670469,
           257.25028299263801,
           255.01414836598255,
           255.44006908480262,
           254.23073985976615,
           252.11766257044775,
           258.00905886759176,
           252.47470566036401,
           249.44770407898955,
           249.5668247337012,
           261.10646279179628,
           247.6598654280499,
           255.62720618679154,
           253.2269048637821,
           246.51011466265359,
           245.56975416044793,
           252.03142925125704,
           250.18317119055175,
           244.15218635486596,
           259.05492449274607,
           265.72513367872136,
           258.10529139419594,
           242.57795361814851,
           288.74127898318949,
           255.27625038877866,
           243.67988714543043,
           249.1280500663176,
           256.6948363091318,
           249.39518271637212,
           244.38256630187945,
           243.08068229786676,
           239.15297336647467,
           244.54802477019552,
           239.21475110992213,
           247.27408115172969,
           239.83518600624998,
           237.77804313485854,
           243.44470932756886,
           243.29875748644102,
           236.97334483360936,
           247.84248153012322,
           243.77731190350539,
           283.68443915016957,
           242.05649861273778,
           246.99662650752953,
           245.87365866394663,
           259.739470115529,
           236.63542584870885,
           235.09603689929696,
           261.4137281487225,
           242.0957000727584,
           235.33532752143677,
           245.94305529424329,
           250.01504738761329,
           236.59745160236173,
           240.45422902459774,
           236.01147134639251,
           251.66792364310973,
           237.99553843012754,
           236.0906612942052,
           247.85046736016008,
           233.0456946401558,
           232.85778601815343,
           234.99974259922257,
           248.5576975073304,
           232.75275835422201,
           236.9375870616384,
           246.78111006458406,
           232.71760149355359,
           253.97590891995532,
           235.34821809776756,
           231.8212827442041,
           238.02122023651378,
           247.16641330981901,
           234.13692961327749,
           236.29632790738438,
           235.69381749206917,
           231.66968198558192,
           232.40454726966823,
           232.51201788346685,
           239.7052333262582,
           242.65121138365694,
           246.71935422175744,
           253.89231635810091,
           231.08884420695622,
           241.85456322002304,
           237.87363109448052]}
