

epoch	train err	test err0	302.934656121	38.63913799111	299.936953082	38.75576809342	297.754557409	38.62849330923	296.313661006	38.24024841114	292.814462025	38.49362226815	290.673652029	38.17163819496	289.537893076	36.97943921497	288.431603285	35.76028751928	280.905675827	36.48591039069	277.033258239	35.975748375210	274.193742708	34.617354176311	271.706364366	36.117841921212	269.174702865	33.532971907713	265.618037026	33.531901066914	264.217047458	34.843312381215	261.768633761	34.103292506616	261.39518132	34.518078417517	259.040286462	33.492468826418	264.876218674	36.05937045519	264.865293207	36.134630930420	257.063061471	33.257831419121	258.890981999	34.432242584222	256.930537918	31.683171256223	256.07311388	31.671693015224	254.637034161	32.083825559425	258.092536979	30.918731942826	253.899377287	31.666754556427	253.420711745	32.52983742328	258.210979041	30.468789096329	262.470008122	36.120802280230	252.116319248	31.142896273731	252.01574746	30.891383973732	255.270238343	30.144896802333	254.711123148	30.112535668634	255.315933331	34.299849611935	249.572820887	31.708998388836	251.267182537	30.162379416337	252.647039953	29.861565548138	248.897274155	32.0429086439	250.902028424	29.846117997840	247.658772172	30.530312815541	248.031087937	30.13324090942	250.098826706	29.642889069743	247.478597597	29.940975244	247.499526855	32.3809234364

{'test': [38.639137991055733,
          38.755768093440345,
          38.628493309163545,
          38.240248411079207,
          38.493622268141614,
          38.171638194856378,
          36.97943921487736,
          35.760287519171257,
          36.485910390570339,
          35.975748375247569,
          34.617354176259596,
          36.117841921230124,
          33.532971907735941,
          33.531901066862467,
          34.843312381192916,
          34.103292506634709,
          34.518078417539286,
          33.492468826362668,
          36.0593704549904,
          36.134630930424429,
          33.257831419133005,
          34.432242584180621,
          31.683171256177811,
          31.671693015240745,
          32.083825559373025,
          30.918731942753247,
          31.66675455643561,
          32.529837422988969,
          30.468789096284514,
          36.120802280168583,
          31.142896273688653,
          30.89138397371331,
          30.144896802346675,
          30.112535668640056,
          34.299849611945234,
          31.708998388752079,
          30.162379416282512,
          29.861565548137786,
          32.042908639954987,
          29.846117997843336,
          30.530312815507319,
          30.133240909043657,
          29.642889069703628,
          29.940975199985832,
          32.380923436413205],
 'train': [302.93465612069036,
           299.93695308207487,
           297.75455740899616,
           296.31366100638502,
           292.81446202519442,
           290.67365202907234,
           289.53789307632167,
           288.43160328491621,
           280.90567582716284,
           277.03325823879203,
           274.19374270761602,
           271.70636436621777,
           269.17470286548979,
           265.61803702610371,
           264.21704745812025,
           261.7686337613535,
           261.39518131989377,
           259.04028646200521,
           264.87621867436553,
           264.86529320738811,
           257.06306147051754,
           258.89098199875281,
           256.93053791832227,
           256.07311388022924,
           254.63703416112054,
           258.09253697889704,
           253.8993772868663,
           253.42071174522212,
           258.21097904126822,
           262.47000812163617,
           252.11631924814051,
           252.01574745999253,
           255.27023834269076,
           254.71112314785063,
           255.31593333123482,
           249.57282088742286,
           251.26718253697439,
           252.647039952764,
           248.89727415490628,
           250.9020284235811,
           247.65877217239921,
           248.0310879368547,
           250.09882670572154,
           247.47859759718273,
           247.49952685472232]}


epoch	train err	test err0	312.614890703	31.25859060131	307.347582228	29.48793391752	306.481535472	30.15245898093	302.119214141	28.56885953584	300.685712547	29.63095936235	295.921284809	26.93300111366	290.941388279	27.18390632687	287.146127427	26.5974207968	289.054707799	28.43977545729	298.874732821	31.025604856610	277.659228959	25.321180898511	288.075571383	29.07039313312	286.7090132	28.957189826213	272.254798691	23.847203508814	271.211757699	23.566572180715	271.940499207	25.6395044216	268.392346631	24.375882539617	273.305254075	26.368940580718	266.227314274	23.614689067419	267.650748358	24.921517056620	264.885051772	23.284209600921	266.394733552	24.813534561422	263.32788241	23.24699396223	267.934632887	25.563165177424	262.824527143	22.671083685625	267.91895963	22.147397953926	261.391023626	23.678654386727	273.3061033	27.273410780328	259.787909258	23.155750958529	271.414094067	22.010919163930	258.759492226	22.64670135631	258.058226303	22.924839221432	259.144603913	22.162511684633	264.87119399	25.871425495934	276.360758303	22.152043068835	256.092242012	22.526601068636	262.919892819	21.739932922637	258.723462648	24.697536999838	254.614477715	22.4636754139	254.449727397	22.289806881240	264.035934911	26.525345015241	255.121846819	21.911173549142	259.560953404	25.613063065943	252.593096192	22.237610593144	251.96957701	23.1969679113

{'test': [31.258590601340334,
          29.487933917529734,
          30.152458980856267,
          28.568859535785297,
          29.630959362310236,
          26.933001113610953,
          27.18390632683554,
          26.597420795981392,
          28.439775457198948,
          31.025604856574326,
          25.321180898488578,
          29.070393133004952,
          28.957189826219377,
          23.847203508767297,
          23.566572180722325,
          25.639504419975303,
          24.375882539578534,
          26.368940580673868,
          23.614689067408918,
          24.921517056565392,
          23.284209600928868,
          24.813534561390714,
          23.246993962036175,
          25.563165177383475,
          22.671083685644305,
          22.14739795394226,
          23.678654386744551,
          27.273410780294839,
          23.155750958463447,
          22.010919163914849,
          22.646701356005369,
          22.924839221398745,
          22.162511684573818,
          25.871425495939185,
          22.152043068820252,
          22.526601068623275,
          21.739932922550263,
          24.697536999799201,
          22.463675410027509,
          22.289806881199286,
          26.525345015166867,
          21.911173549149673,
          25.613063065920127,
          22.237610593052207,
          23.196967911291093],
 'train': [312.61489070323586,
           307.34758222797245,
           306.48153547181704,
           302.11921414083656,
           300.68571254739663,
           295.92128480941818,
           290.94138827850389,
           287.14612742709943,
           289.05470779863606,
           298.8747328214842,
           277.65922895875656,
           288.07557138295266,
           286.70901319963491,
           272.25479869085967,
           271.21175769888157,
           271.94049920744061,
           268.39234663085313,
           273.305254074667,
           266.22731427364573,
           267.65074835760856,
           264.88505177230189,
           266.39473355164557,
           263.32788240979312,
           267.93463288680164,
           262.82452714299825,
           267.91895963011524,
           261.39102362603006,
           273.30610330033494,
           259.78790925813121,
           271.41409406664002,
           258.75949222567044,
           258.05822630277834,
           259.14460391267897,
           264.87119399020594,
           276.36075830252736,
           256.09224201159935,
           262.9198928193029,
           258.72346264824461,
           254.61447771526565,
           254.4497273973162,
           264.03593491089941,
           255.12184681892703,
           259.56095340374912,
           252.59309619176054,
           251.96957701028026]}


epoch	train err	test err0	311.788945417	31.05251259811	310.372354479	30.56429740622	310.036022364	30.62468729533	310.372042356	31.01047267574	309.098458189	30.66149213685	309.324878465	30.98049627846	311.961893234	31.97315815037	310.614676486	31.73468373148	304.360092166	29.67097903679	303.183541559	29.924261972110	303.183121824	30.667240617411	295.617102968	28.356159871612	292.440224991	27.217937724913	292.933720482	29.752663863414	284.18175976	27.701422383315	282.407740458	25.645964446816	276.883816537	26.298834365517	274.692587757	25.644260101118	277.10229318	28.122590519519	270.366611199	25.631542822620	277.98675581	24.151307688321	268.583188185	24.824869946422	269.373596804	24.380741031923	265.484373674	25.750551990324	264.460199947	25.456947747125	271.502184657	28.161825982826	273.928513161	28.78185493627	271.017787099	28.236597621828	261.496216775	25.025166347629	268.699563038	23.67844345130	263.073399803	24.000688146931	264.29736122	26.949441875332	260.837546199	26.001343064333	258.952092525	24.368789054234	265.703056081	27.462871160835	259.152065235	25.764798466736	258.343992281	25.60703696837	257.898412891	23.877423033338	258.701360224	25.902877511939	256.767963656	25.333761312440	256.888668638	25.4905986841	254.989743967	24.726781587542	255.027537579	24.90527970543	255.345320096	23.579214173944	284.362518291	30.7667882522

{'test': [31.052512598091624,
          30.564297406248649,
          30.624687295267442,
          31.010472675664762,
          30.661492136841805,
          30.980496278350355,
          31.973158150319751,
          31.734683731398537,
          29.670979036730596,
          29.924261972104329,
          30.667240617354448,
          28.356159871569179,
          27.217937724940789,
          29.752663863392112,
          27.701422383307033,
          25.645964446781761,
          26.298834365480573,
          25.644260101084701,
          28.122590519530362,
          25.631542822626592,
          24.151307688291816,
          24.824869946358245,
          24.380741031852494,
          25.750551990303762,
          25.45694774706616,
          28.161825982801819,
          28.781854935981841,
          28.236597621786164,
          25.025166347639686,
          23.678443450973607,
          24.00068814686459,
          26.949441875309272,
          26.001343064327834,
          24.368789054239524,
          27.462871160844774,
          25.764798466682116,
          25.607036968024499,
          23.877423033307082,
          25.902877511877183,
          25.33376131235617,
          25.490598679955983,
          24.726781587493939,
          24.90527970495798,
          23.579214173934492,
          30.766788252159689],
 'train': [311.78894541690005,
           310.37235447866726,
           310.03602236376764,
           310.37204235643947,
           309.09845818879222,
           309.32487846546502,
           311.96189323363495,
           310.6146764864601,
           304.36009216626684,
           303.18354155942086,
           303.1831218241922,
           295.61710296845001,
           292.44022499093154,
           292.93372048185842,
           284.18175976020063,
           282.40774045849298,
           276.88381653669643,
           274.69258775666464,
           277.10229318049949,
           270.36661119937258,
           277.98675580978954,
           268.58318818519149,
           269.37359680373737,
           265.48437367404091,
           264.46019994719359,
           271.50218465663238,
           273.92851316067623,
           271.01778709886992,
           261.49621677523572,
           268.69956303801735,
           263.07339980255318,
           264.29736121963236,
           260.8375461994184,
           258.9520925245572,
           265.70305608065581,
           259.15206523514212,
           258.34399228123692,
           257.89841289132278,
           258.70136022406552,
           256.76796365573483,
           256.88866863846494,
           254.98974396666512,
           255.02753757869155,
           255.34532009571413,
           284.36251829086166]}
