

epoch	train err	test err0	311.911056161	34.16614977211	304.565065774	33.66630513772	304.408132587	33.72429024513	303.259582998	33.75985660664	298.008760862	33.62814455085	297.095922375	33.64514581686	293.188041677	33.60126257557	287.760581528	33.85329973368	282.887532011	33.41253709149	280.93404699	33.447093227310	272.830210403	33.465272316711	270.139150201	33.281088719412	270.276604084	33.299119155713	268.406865408	33.289132657714	263.08866166	33.81058645915	262.128263165	33.900683185116	258.899281527	33.429107011317	275.664174797	33.568487610518	257.026908327	33.539372562219	257.444717245	33.053714247220	255.22907735	33.32960175821	254.368935033	33.059819929722	256.047892577	32.766701907123	255.932630259	33.528482452224	263.797303142	34.310785152825	253.359510225	33.186975176826	252.845489229	32.458810570127	261.062483556	33.990227727928	265.060427212	32.325766037129	250.505266549	32.277643774430	250.165478729	32.132847404331	249.862192308	31.98820058432	249.440012935	32.265893438233	250.537840901	31.683615007634	256.886252859	33.135204292535	249.522973948	32.184120787736	250.986685542	31.362108131337	247.876703332	31.860079953838	251.273587682	32.34186710839	246.827481331	31.470077868540	250.099295528	30.945635981541	247.845301362	31.684809113142	255.551981667	32.60998447443	252.688193487	30.674968793444	247.544824585	30.629338538445	246.804681964	30.527240666346	244.879420674	30.820757355347	245.595527992	30.421617841148	244.810309613	30.380723088549	250.238687304	30.128704802950	244.205440355	30.198697232251	243.80569354	30.449328135652	245.901252786	29.879720996653	245.697326444	29.777245269154	243.055819461	30.052123572255	248.938036867	29.624616172656	250.287673902	31.256056257557	242.911904602	30.046676611358	246.267962228	30.643317168259	245.335109847	30.453138114760	251.206068207	29.350930121861	241.918254791	29.353886062262	249.686501456	30.913152359363	244.058783199	30.090845264964	241.373345263	29.178660837765	241.396654144	29.468650125766	250.113764094	30.828467727867	240.773664954	29.046282776368	247.339354521	30.372521391269	250.907645821	30.794864964870	244.184986679	29.847246375571	240.435065478	29.05984536472	260.506191709	29.139333639573	241.29760578	29.253037545274	240.68835865	28.485420051175	247.397073625	28.418481107676	247.495572414	28.373796293277	241.213618344	28.264590963978	239.399754403	28.409587009979	239.237702621	28.504890468380	239.084614731	28.352927118881	253.713189565	30.742284899482	242.179428424	29.145496871783	244.062627589	27.970877762184	238.969717775	28.05152882685	240.879009606	27.875418454986	238.859674308	27.950424322387	247.886267	27.934644491188	238.33942587	27.978032294589	247.28442572	29.716254215290	238.520557687	27.78715729191	242.73858044	29.008270458892	246.789924256	29.570969011993	242.525145293	28.927274277394	272.326626694	29.180139784395	237.797607729	27.680448970496	261.392242835	28.39128028297	241.631083268	28.696522557498	247.179445716	27.540363277499	247.209903301	27.5157241148100	240.904393225	27.3081326107101	241.299792461	28.5568067491102	244.128003848	28.9724650685103	237.729615852	27.7995428903104	238.84318475	27.2018874528

{'test': [34.166149772077276,
          33.666305137655669,
          33.72429024507948,
          33.75985660656287,
          33.628144550771559,
          33.645145816782147,
          33.601262575538968,
          33.853299733578083,
          33.412537091363021,
          33.447093227276007,
          33.465272316688086,
          33.281088719443304,
          33.29911915566607,
          33.289132657651329,
          33.810586459023128,
          33.900683185083679,
          33.429107011320575,
          33.568487610488923,
          33.539372562246292,
          33.053714247231518,
          33.329601757950726,
          33.059819929671043,
          32.766701907056294,
          33.528482452206852,
          34.310785152781044,
          33.186975176823871,
          32.458810570110394,
          33.990227727893171,
          32.32576603714088,
          32.277643774430892,
          32.132847404258484,
          31.988200584020603,
          32.265893438245932,
          31.683615007620624,
          33.135204292476786,
          32.184120787694518,
          31.362108131270372,
          31.860079953761655,
          32.341867107996819,
          31.470077868461196,
          30.945635981497691,
          31.684809113118646,
          32.609984473969291,
          30.674968793421915,
          30.62933853837221,
          30.527240666272284,
          30.820757355271777,
          30.42161784114818,
          30.380723088543373,
          30.128704802871823,
          30.198697232227438,
          30.449328135598204,
          29.879720996565101,
          29.777245269073997,
          30.052123572193249,
          29.624616172625505,
          31.256056257453299,
          30.046676611265795,
          30.643317168223049,
          30.453138114650869,
          29.350930121817775,
          29.353886062182731,
          30.913152359304217,
          30.090845264885708,
          29.178660837674791,
          29.468650125668397,
          30.828467727801375,
          29.046282776344199,
          30.372521391190986,
          30.794864964809161,
          29.847246375548668,
          29.059845364031396,
          29.139333639538158,
          29.253037545249143,
          28.485420051070481,
          28.418481107592697,
          28.373796293238694,
          28.264590963927105,
          28.409587009909654,
          28.504890468324657,
          28.352927118845713,
          30.742284899387485,
          29.145496871657304,
          27.970877762064625,
          28.05152882598637,
          27.875418454852472,
          27.950424322300073,
          27.934644491099277,
          27.978032294454746,
          29.71625421516827,
          27.787157291032489,
          29.008270458809072,
          29.5709690118561,
          28.927274277260967,
          29.180139784288126,
          27.680448970387914,
          28.391280282013827,
          28.696522557392164,
          27.54036327739842,
          27.515724114803724,
          27.308132610748054,
          28.556806749127301,
          28.972465068545244,
          27.799542890339652,
          27.201887452835059],
 'train': [311.91105616050817,
           304.56506577363746,
           304.40813258717264,
           303.25958299824259,
           298.0087608619304,
           297.09592237516233,
           293.18804167674625,
           287.76058152837186,
           282.88753201094875,
           280.93404699004986,
           272.83021040343959,
           270.13915020121897,
           270.27660408426249,
           268.40686540788715,
           263.08866165960319,
           262.12826316462537,
           258.89928152712105,
           275.66417479671566,
           257.02690832695498,
           257.44471724505786,
           255.22907735044342,
           254.36893503331441,
           256.04789257655995,
           255.93263025890829,
           263.7973031418199,
           253.3595102251353,
           252.84548922943046,
           261.0624835560584,
           265.06042721184707,
           250.50526654900477,
           250.16547872899835,
           249.86219230842855,
           249.44001293465823,
           250.53784090052471,
           256.8862528586701,
           249.52297394805254,
           250.98668554200725,
           247.87670333200714,
           251.27358768183592,
           246.82748133081054,
           250.09929552780494,
           247.84530136237169,
           255.5519816671933,
           252.68819348737938,
           247.54482458461075,
           246.80468196414284,
           244.87942067379524,
           245.59552799188964,
           244.81030961329151,
           250.23868730361846,
           244.20544035454955,
           243.80569353998479,
           245.90125278608329,
           245.69732644413608,
           243.05581946098056,
           248.93803686693087,
           250.28767390213952,
           242.91190460179362,
           246.2679622278705,
           245.33510984717921,
           251.20606820703827,
           241.91825479095527,
           249.68650145553642,
           244.05878319930525,
           241.37334526261776,
           241.39665414417226,
           250.11376409368023,
           240.77366495446421,
           247.33935452132746,
           250.90764582075508,
           244.18498667863309,
           240.43506547846511,
           260.50619170908254,
           241.29760578023448,
           240.68835865022436,
           247.39707362488218,
           247.49557241448653,
           241.21361834415455,
           239.39975440280824,
           239.23770262108488,
           239.08461473105874,
           253.71318956512951,
           242.17942842381348,
           244.06262758861348,
           238.96971777545474,
           240.87900960607189,
           238.85967430755727,
           247.88626700038773,
           238.33942586988869,
           247.28442571950541,
           238.5205576870847,
           242.73858043980709,
           246.7899242559406,
           242.5251452933002,
           272.32662669423127,
           237.79760772948435,
           261.39224283452359,
           241.63108326788063,
           247.17944571618776,
           247.20990330143763,
           240.90439322461344,
           241.29979246141997,
           244.12800384773675,
           237.72961585247489,
           238.84318475028402]}


epoch	train err	test err0	317.13301969	35.43727142671	305.35369884	34.94164876352	302.768855999	34.77839504533	303.372508682	34.63023970984	299.259778266	34.46183088815	298.627677585	34.30676721976	295.068695985	34.34109857887	296.510272002	34.0459891518	292.372045126	34.23900043329	290.62893756	34.05359328410	289.740022532	33.421475013511	284.177910989	33.153215319112	280.483692576	32.63508822513	276.393197579	32.271156993914	277.165515736	31.909879684615	272.152397625	31.475073763616	267.813114616	31.220493502417	267.682730658	30.928522109418	264.831410102	30.698842078419	283.023712655	31.954951014920	262.381127084	30.347484937821	261.192652862	30.186411492322	261.946084694	30.120915657323	259.117631883	29.980568870324	261.154096343	29.930725382725	258.214570599	29.909743220226	257.128781366	29.643870665627	257.84212993	29.554841106228	256.096446976	29.450085634229	286.254256821	31.937027954230	255.354253506	29.272241110731	266.88879784	30.102895859232	254.212669616	29.117798475433	253.644180824	29.114505034834	256.183888258	29.107887034935	253.536228656	28.903240337936	252.393182867	28.923635916637	254.82062854	29.355726757938	252.732750456	29.01582383539	250.918140874	28.639618358240	255.177712285	28.797256088741	250.396410051	28.474310669842	250.876755475	28.434478550543	250.840573111	28.386493878944	249.0473245	28.300654022345	249.061502472	28.227144327446	250.806548715	28.264334295747	250.866827932	28.749551888648	248.648083194	28.074859384949	253.756036098	28.366733878350	247.20756752	28.101803134751	246.681048606	27.930996465252	247.055568208	28.102972548153	246.366416594	27.802415708854	245.875354625	27.773109748355	245.585934891	27.773824208556	249.051026157	28.436526742757	249.904898949	28.557415017758	244.893835004	27.684692705859	248.693492216	27.673065232760	247.503434534	28.188300574661	244.108509853	27.444449898662	244.758079034	27.362209021263	244.717059862	27.69071026664	249.147249853	27.539955310865	244.400064801	27.633394586166	242.95631043	27.25106155867	250.498426046	28.547947810768	243.866540462	27.518681331869	246.413420835	27.935669718370	245.505161124	27.111656117471	250.303814588	28.471677875972	263.642896559	28.46628299873	246.179870781	27.850059265174	241.881525958	26.876513023275	256.944647761	29.331988305276	266.595016961	28.619333281377	241.972630188	27.130089919278	248.822429448	28.213172206679	251.18622578	27.263040418780	312.949636689	32.780650051281	241.833075201	27.089182539282	244.628701047	26.732181148283	251.085724567	28.46843697784	244.897191558	27.577959021885	245.253575802	27.62106643486	240.552288003	26.807010748787	245.774909745	27.688636157388	255.439730637	29.029909717889	241.331982934	26.40669676590	239.563246861	26.543074447491	242.721412895	26.419881618892	268.3088509	30.638929499793	252.816798208	28.631173696594	239.2387247	26.470030304695	281.106305393	29.455127690396	239.016018066	26.244582680497	240.55774023	26.765398939198	243.818477633	26.323572532299	239.073772594	26.145201553100	248.802020385	28.0139586142101	242.873451359	27.1371934754102	241.021607894	26.1007940657103	240.472080152	26.0600615527104	238.529341007	26.2827963926

{'test': [35.437271426660686,
          34.941648763457721,
          34.778395045306503,
          34.630239709822554,
          34.461830888071326,
          34.30676721966281,
          34.341098578837283,
          34.045989151026106,
          34.23900043315885,
          34.053593284033369,
          33.421475013512648,
          33.153215319054731,
          32.635088225031964,
          32.271156993854412,
          31.90987968462915,
          31.475073763582607,
          31.220493502373692,
          30.928522109351285,
          30.698842078370351,
          31.954951014925527,
          30.347484937830966,
          30.186411492253288,
          30.120915657281319,
          29.980568870292327,
          29.930725382713643,
          29.909743220234059,
          29.643870665586068,
          29.554841106161234,
          29.450085634161919,
          31.937027954243781,
          29.272241110718994,
          30.102895859175888,
          29.117798475368716,
          29.114505034788472,
          29.107887034916128,
          28.903240337863789,
          28.923635916597178,
          29.355726757871427,
          29.015823834950666,
          28.639618358188464,
          28.797256088716281,
          28.474310669771516,
          28.434478550493729,
          28.386493878893251,
          28.300654022254754,
          28.227144327393116,
          28.264334295715699,
          28.749551888597544,
          28.074859384940197,
          28.366733878346217,
          28.101803134701523,
          27.930996465227462,
          28.102972548133707,
          27.802415708762808,
          27.773109748323737,
          27.773824208455437,
          28.436526742668924,
          28.55741501765776,
          27.684692705797371,
          27.673065232728778,
          28.188300574560149,
          27.444449898645672,
          27.362209021172845,
          27.690710265972996,
          27.539955310781696,
          27.633394586100163,
          27.25106155802743,
          28.547947810704862,
          27.518681331787594,
          27.935669718330608,
          27.111656117417258,
          28.471677875919795,
          28.466282997984514,
          27.85005926507651,
          26.876513023179157,
          29.331988305213343,
          28.619333281327332,
          27.130089919241691,
          28.213172206615628,
          27.263040418715526,
          32.780650051191245,
          27.089182539213024,
          26.732181148213257,
          28.468436976974104,
          27.57795902180067,
          27.621066433955644,
          26.80701074874786,
          27.688636157307048,
          29.029909717816054,
          26.406696765042621,
          26.543074447401676,
          26.419881618841739,
          30.638929499738083,
          28.631173696478239,
          26.470030304591781,
          29.455127690332535,
          26.244582680397748,
          26.765398939057487,
          26.323572532175213,
          26.145201552963343,
          28.013958614158419,
          27.137193475378712,
          26.100794065677686,
          26.060061552747992,
          26.282796392646549],
 'train': [317.1330196897286,
           305.35369884041711,
           302.76885599920371,
           303.37250868198282,
           299.25977826607971,
           298.62767758517583,
           295.06869598453602,
           296.51027200205777,
           292.3720451256454,
           290.62893756005957,
           289.7400225318313,
           284.17791098887631,
           280.48369257580373,
           276.39319757920333,
           277.16551573626833,
           272.15239762476727,
           267.81311461604645,
           267.682730658227,
           264.83141010187262,
           283.02371265498471,
           262.38112708377605,
           261.19265286167803,
           261.94608469376021,
           259.11763188279258,
           261.15409634317746,
           258.21457059865361,
           257.12878136585795,
           257.84212992997942,
           256.09644697603426,
           286.25425682094482,
           255.35425350632863,
           266.8887978399631,
           254.21266961619162,
           253.64418082432942,
           256.18388825847342,
           253.53622865582815,
           252.39318286722775,
           254.82062853996254,
           252.73275045635734,
           250.91814087422844,
           255.17771228525694,
           250.39641005050134,
           250.87675547471423,
           250.84057311104152,
           249.0473245003933,
           249.06150247224036,
           250.80654871462923,
           250.86682793237796,
           248.64808319420953,
           253.75603609790201,
           247.20756752037818,
           246.68104860565015,
           247.05556820789602,
           246.3664165939804,
           245.87535462530812,
           245.58593489092854,
           249.05102615666496,
           249.90489894946822,
           244.89383500414195,
           248.69349221636662,
           247.503434533904,
           244.1085098527941,
           244.75807903437223,
           244.71705986201681,
           249.14724985306742,
           244.40006480074203,
           242.95631043038401,
           250.49842604647239,
           243.86654046191984,
           246.41342083528161,
           245.50516112374154,
           250.30381458828955,
           263.64289655869584,
           246.17987078073492,
           241.88152595815257,
           256.94464776125,
           266.59501696064495,
           241.97263018825623,
           248.82242944840931,
           251.18622578008063,
           312.94963668867962,
           241.83307520060509,
           244.62870104749834,
           251.08572456663171,
           244.89719155841107,
           245.25357580229277,
           240.55228800252343,
           245.77490974463953,
           255.43973063739205,
           241.33198293394349,
           239.56324686077051,
           242.72141289532635,
           268.30885089990466,
           252.81679820779669,
           239.23872470015201,
           281.10630539346761,
           239.01601806610472,
           240.55774023020612,
           243.81847763316512,
           239.07377259438439,
           248.80202038501682,
           242.87345135949423,
           241.02160789390874,
           240.47208015240312,
           238.5293410067691]}


epoch	train err	test err0	307.454504545	36.22799364121	304.024150687	36.14284888332	303.862670889	35.75946419163	300.691029798	35.46790496934	295.741874511	35.40658875175	298.488383935	34.32693582496	293.116939348	33.7655498687	285.959628975	33.8809153728	285.417050994	32.52901360489	283.431773002	31.914450672710	275.950663416	31.628109203311	273.277122213	31.105632107312	271.267596466	30.553322479313	272.270329017	31.058754954214	275.371967294	30.072192389815	271.29944144	29.560319966316	287.139165708	30.949036446317	266.348274648	29.53506928318	267.704484055	28.878005862819	262.868243614	28.614205404120	262.40465817	28.513536000921	261.546455902	28.197582390722	262.803176336	28.603113117523	271.004054133	28.752779337124	260.983550969	27.767942599525	259.974329801	27.937784355726	259.066014698	27.54199900527	260.441699703	27.509137442328	258.242084437	27.316218253829	260.550424511	27.3370678530	258.139670131	27.125186526331	259.780036718	27.160846206132	256.22513001	26.925896578633	259.82323411	27.053118705834	255.439258506	26.706969304735	258.274068627	27.500735780236	255.267184479	26.526580273137	254.231524854	26.467926640138	256.819111839	27.176998584839	253.552379104	26.447894399740	252.921745148	26.257940725841	252.814113369	26.137920212942	257.295161025	26.497922710643	253.040903658	26.094088211944	252.745797542	26.405523673845	251.167259022	25.86454555246	250.723458544	25.903935052547	297.42699479	30.984027456448	250.948191853	26.112197319149	250.153196947	25.957904406650	278.473190182	28.75285999251	249.260007463	25.563665866252	266.177411829	27.275303142453	248.319719315	25.498926888754	249.75051018	25.943932879755	256.844918098	26.242800980856	249.253629638	25.396839935357	249.831371864	26.010505125858	246.953106018	25.410435509359	249.620207474	26.015818852360	246.832552989	25.423933506961	245.925828316	25.190417870262	259.712514585	26.49739291463	258.728577458	26.331357883764	248.528660463	25.202263541365	245.010533049	25.082880212266	244.637534365	25.032312591167	245.942255497	24.935206224668	251.852053452	26.399761316769	252.283417158	25.572271553770	254.132010675	25.76790793471	253.334672673	25.723387952972	244.825622348	24.848063900873	243.78986167	24.803985142674	243.435575306	25.019073401175	247.670659946	25.129934883576	243.540479102	25.091225992277	242.371486774	24.754979500978	242.32699305	24.915801313279	248.75273575	26.077605245180	243.592731478	24.747384596681	241.741271886	24.651834148882	250.618143119	25.453625442483	241.934254108	24.891356427684	246.381530119	25.030178343385	241.019925096	24.644112077586	240.833333006	24.611047038787	242.83352756	25.161608481288	251.828428702	26.690480345789	241.586685639	24.975223731190	256.437716692	27.419879038391	248.096012571	26.12716118892	241.913582115	25.076603389893	242.619429376	24.641742310894	280.514223493	28.714885136495	247.877659825	25.202195359896	239.404984074	24.577266166297	239.391942383	24.50768094198	239.879053238	24.467518894399	240.008122581	24.463040159100	239.763526955	24.7608489621101	262.212557331	26.7152115689102	238.797232648	24.4746506425103	238.858557088	24.6334636796104	246.832129214	26.0547875007

{'test': [36.227993641166321,
          36.142848883323055,
          35.759464191638202,
          35.467904969270741,
          35.406588751650602,
          34.326935824861948,
          33.765549868029211,
          33.880915371953321,
          32.529013604781426,
          31.914450672670942,
          31.628109203328563,
          31.105632107312118,
          30.553322479334128,
          31.058754954166723,
          30.072192389771956,
          29.560319966331647,
          30.949036446275986,
          29.535069282956442,
          28.878005862774728,
          28.614205404089827,
          28.513536000920411,
          28.197582390693256,
          28.603113117465295,
          28.752779337136065,
          27.767942599530311,
          27.937784355716978,
          27.541999004981037,
          27.509137442274245,
          27.316218253831174,
          27.337067849953019,
          27.125186526277105,
          27.160846206140512,
          26.925896578616303,
          27.053118705845772,
          26.706969304651732,
          27.500735780218221,
          26.526580273109317,
          26.467926640128805,
          27.176998584797623,
          26.447894399662186,
          26.257940725801113,
          26.137920212905751,
          26.497922710570872,
          26.094088211862129,
          26.405523673783975,
          25.864545551991217,
          25.90393505247544,
          30.984027456387135,
          26.1121973190894,
          25.957904406584937,
          28.752859992014848,
          25.563665866164449,
          27.275303142403374,
          25.498926888715381,
          25.943932879682635,
          26.242800980776405,
          25.396839935303909,
          26.010505125764464,
          25.410435509257393,
          26.015818852302548,
          25.423933506880829,
          25.190417870175132,
          26.497392913984665,
          26.331357883705209,
          25.202263541313442,
          25.082880212243161,
          25.032312591138432,
          24.935206224574763,
          26.399761316682238,
          25.572271553660254,
          25.767907934027122,
          25.723387952895447,
          24.848063900792773,
          24.803985142631724,
          25.019073401136662,
          25.129934883487529,
          25.091225992189731,
          24.754979500940003,
          24.915801313200035,
          26.077605245105872,
          24.747384596625846,
          24.651834148779866,
          25.453625442422357,
          24.891356427593461,
          25.030178343344343,
          24.644112077541109,
          24.611047038678599,
          25.161608481213097,
          26.690480345699889,
          24.975223731110447,
          27.419879038250098,
          26.12716118799824,
          25.076603389827461,
          24.641742310828199,
          28.714885136371493,
          25.202195359784522,
          24.577266166228753,
          24.507680941001208,
          24.467518894276779,
          24.463040159008855,
          24.760848962081209,
          26.715211568853874,
          24.474650642471545,
          24.633463679621595,
          26.05478750070052],
 'train': [307.45450454469596,
           304.0241506869167,
           303.86267088859273,
           300.69102979793172,
           295.74187451125135,
           298.48838393480008,
           293.11693934840724,
           285.95962897542705,
           285.41705099415572,
           283.43177300193986,
           275.9506634163094,
           273.27712221316722,
           271.26759646629881,
           272.27032901677273,
           275.37196729360687,
           271.29944143957937,
           287.13916570848619,
           266.3482746484471,
           267.70448405460786,
           262.86824361407037,
           262.40465817035778,
           261.54645590200579,
           262.80317633644262,
           271.00405413338848,
           260.98355096880567,
           259.97432980084,
           259.06601469764689,
           260.44169970276027,
           258.24208443714355,
           260.55042451080067,
           258.13967013123778,
           259.78003671796307,
           256.22513001032286,
           259.82323411004535,
           255.43925850580371,
           258.27406862738763,
           255.26718447930128,
           254.23152485372219,
           256.81911183858682,
           253.55237910395897,
           252.92174514842011,
           252.81411336866367,
           257.29516102516129,
           253.04090365758867,
           252.74579754211356,
           251.16725902216953,
           250.72345854446706,
           297.426994789552,
           250.94819185261326,
           250.15319694667119,
           278.47319018235527,
           249.26000746300619,
           266.17741182877171,
           248.31971931529819,
           249.75051018016501,
           256.84491809847901,
           249.25362963753358,
           249.83137186350353,
           246.95310601812938,
           249.62020747420385,
           246.83255298917527,
           245.92582831586017,
           259.71251458453838,
           258.7285774575322,
           248.5286604634756,
           245.01053304942482,
           244.63753436494758,
           245.94225549694474,
           251.85205345181302,
           252.28341715801639,
           254.13201067456663,
           253.33467267268537,
           244.82562234799875,
           243.78986167001679,
           243.43557530623517,
           247.67065994585619,
           243.54047910243028,
           242.37148677410988,
           242.32699304991149,
           248.75273574969387,
           243.59273147847179,
           241.74127188625144,
           250.61814311936752,
           241.93425410759195,
           246.38153011927986,
           241.01992509599896,
           240.83333300580514,
           242.8335275598094,
           251.82842870189532,
           241.5866856388555,
           256.43771669226891,
           248.09601257056488,
           241.91358211513898,
           242.61942937583149,
           280.51422349304289,
           247.8776598250891,
           239.40498407392261,
           239.39194238342918,
           239.87905323808297,
           240.00812258146746,
           239.76352695545998,
           262.21255733067096,
           238.79723264775146,
           238.8585570875141,
           246.83212921368187]}
