

epoch	train err	test err0	442.467129628	46.78562806591	283.976077972	34.5610986682	284.837738606	35.27610331543	273.229489707	32.0328327364	276.013147936	33.60713860765	271.183894458	32.79916636226	284.449468677	35.46360319437	272.984810606	33.13575610958	293.295928645	31.1658473089	302.289912352	37.833027335110	271.202949071	30.133107061111	269.319955835	32.84692587812	263.861546788	30.909614462613	325.193181905	33.498108959514	263.619439491	31.448862601115	262.847089514	30.701247037116	276.957428002	29.783087373217	262.395788603	30.317457314118	270.54960987	29.502216930619	279.314964749	34.992558350120	262.759489007	29.514208077221	260.816576401	30.804453756622	281.826828495	29.751229775823	259.998504743	30.769571572524	259.40964637	29.885541366625	264.54403498	32.412191060226	281.043458066	34.733748981527	285.441636188	35.15817239628	257.486536786	29.876620382429	266.544154466	32.906224578130	286.567445101	35.295589767131	265.158667955	32.798027264732	258.279249895	28.99605002133	287.703229825	29.755693668334	258.130168624	31.18159986735	284.728831034	35.160137192836	290.9888735	30.059402166237	283.271360148	34.949088760338	303.992358581	31.048201034839	254.847433932	28.667289683740	252.980423078	29.61667413841	271.607822405	28.573579752842	256.283274255	31.189076439843	254.329561605	28.239073165944	251.662213581	28.607817097

{'test': [46.785628065942674,
          34.561098667961367,
          35.27610331544011,
          32.032832736047872,
          33.607138607587594,
          32.79916636218362,
          35.463603194326708,
          33.135756109516421,
          31.165847307983483,
          37.833027335097803,
          30.133107061124527,
          32.846925877969753,
          30.909614462571039,
          33.498108959532928,
          31.448862601106867,
          30.701247037139353,
          29.783087373229144,
          30.317457314137403,
          29.502216930618832,
          34.992558350092075,
          29.514208077225852,
          30.804453756627495,
          29.751229775784552,
          30.76957157247476,
          29.885541366602798,
          32.412191060199596,
          34.733748981459826,
          35.158172395988984,
          29.876620382392769,
          32.906224578146713,
          35.295589767084863,
          32.798027264670488,
          28.996050020980032,
          29.755693668272755,
          31.181599866985145,
          35.16013719284625,
          30.059402166206453,
          34.949088760280858,
          31.048201034809779,
          28.667289683666933,
          29.616674137970016,
          28.573579752832146,
          31.189076439767646,
          28.239073165925983,
          28.607817096989802],
 'train': [442.46712962756095,
           283.97607797224487,
           284.83773860568039,
           273.22948970743386,
           276.01314793592724,
           271.18389445803598,
           284.44946867705573,
           272.98481060633657,
           293.29592864463569,
           302.28991235201039,
           271.20294907082217,
           269.3199558351439,
           263.8615467882974,
           325.19318190478981,
           263.61943949096911,
           262.84708951431418,
           276.95742800192244,
           262.39578860293193,
           270.54960986950948,
           279.31496474909306,
           262.75948900733692,
           260.81657640135131,
           281.82682849453346,
           259.99850474264275,
           259.40964636990628,
           264.54403497954854,
           281.04345806563265,
           285.44163618824814,
           257.4865367864179,
           266.544154466149,
           286.56744510128715,
           265.15866795527245,
           258.27924989547296,
           287.70322982521395,
           258.13016862371302,
           284.72883103408759,
           290.98887349952105,
           283.27136014755217,
           303.99235858141657,
           254.84743393230136,
           252.98042307808589,
           271.60782240493006,
           256.28327425506546,
           254.32956160527857,
           251.66221358053807]}


epoch	train err	test err0	320.202504107	35.47930916391	292.715187994	26.76216361192	294.614423421	25.65736518893	293.985110674	25.42557498274	285.984078972	25.61953796865	393.226667237	48.99109987856	293.845153513	24.88197999067	282.588210553	25.28918952738	290.592180851	24.64129362789	286.372029648	24.561707637910	306.30320054	24.796709203411	291.632633031	24.3804035212	273.776984765	27.840809080213	272.43795753	27.810752342414	351.275247157	43.532457068615	275.354439803	24.273358259416	272.49373131	28.996389522417	276.579924383	30.065224773818	269.672876371	24.330940042219	279.62855469	31.355813863920	277.838176516	23.708929698421	263.805797781	24.828116082222	264.978159059	27.912755861723	261.020647938	25.588680250524	269.874839777	30.788463828825	260.601288204	25.2439458726	267.415895614	23.904999962427	260.513069344	28.040135543428	277.937193622	23.537031604129	266.31516569	23.794630848730	270.350954162	23.393448751331	258.464994763	24.175580225532	291.588452331	23.737899552633	277.990959684	33.7541164234	254.547255934	25.366973439435	268.916879046	31.734870436836	272.837150788	32.878789178437	253.708773972	25.015052052438	277.057325283	33.642267327339	254.945194855	24.649672520540	251.849797455	25.574600873341	255.581639913	28.50951316442	283.937903972	34.992443983743	269.231660877	23.025911323944	252.413290485	27.4100456757

{'test': [35.479309163877971,
          26.762163611907383,
          25.657365188917009,
          25.425574982683216,
          25.619537968637488,
          48.991099878478053,
          24.88197999057774,
          25.289189527318204,
          24.641293627807009,
          24.561707637869972,
          24.796709203433753,
          24.380403519966737,
          27.840809080218776,
          27.810752342420955,
          43.532457068580236,
          24.273358259422441,
          28.996389522367544,
          30.065224773820589,
          24.33094004223188,
          31.355813863852021,
          23.708929698378952,
          24.828116082153311,
          27.912755861692716,
          25.588680250542012,
          30.788463828793997,
          25.243945870012659,
          23.904999962438197,
          28.040135543413097,
          23.537031604082244,
          23.794630848657043,
          23.393448751327867,
          24.175580225545033,
          23.737899552639256,
          33.75411642004304,
          25.366973439381582,
          31.734870436772283,
          32.878789178412532,
          25.015052052362275,
          33.642267327264818,
          24.649672520548293,
          25.574600873302391,
          28.509513164003327,
          34.992443983747862,
          23.025911323882507,
          27.410045675732174],
 'train': [320.20250410740607,
           292.7151879935077,
           294.61442342144591,
           293.9851106739751,
           285.98407897197313,
           393.22666723713826,
           293.84515351336506,
           282.58821055299592,
           290.59218085141219,
           286.37202964786212,
           306.30320053957479,
           291.63263303052008,
           273.77698476472239,
           272.43795752983397,
           351.27524715700724,
           275.35443980276386,
           272.49373131004683,
           276.57992438281093,
           269.67287637134552,
           279.62855468958588,
           277.83817651615868,
           263.80579778125559,
           264.9781590589912,
           261.02064793833893,
           269.87483977684866,
           260.60128820367316,
           267.41589561388139,
           260.51306934418756,
           277.93719362178109,
           266.3151656896548,
           270.35095416220139,
           258.46499476327978,
           291.58845233090648,
           277.99095968356119,
           254.54725593403259,
           268.91687904586524,
           272.83715078809183,
           253.70877397180431,
           277.05732528259745,
           254.94519485450246,
           251.84979745480285,
           255.58163991256876,
           283.93790397156585,
           269.23166087690601,
           252.4132904849431]}


epoch	train err	test err0	294.430710074	32.00821459131	301.995139418	33.55014837772	371.381567385	37.83881328923	284.585554252	30.64050404884	287.535545942	31.0496217755	330.776448868	33.19246401586	284.23383881	29.75267297017	311.059949622	33.07870178838	276.777025007	29.63405298319	328.182029222	32.427350492210	273.875573475	28.822426505111	286.179286182	28.366235321112	290.826485094	31.473999916913	274.537486164	27.631453532614	285.519431073	31.071215777915	270.625690829	28.772424138516	269.505520093	28.556675744517	269.454425506	28.778321612718	269.917898734	28.859610646519	293.668615703	28.449246248920	281.809601323	30.58397831521	304.304927717	29.150032269922	269.694907577	28.527669961423	276.607667211	29.50945653724	274.764231897	26.061079211525	262.783746263	26.51225201726	276.955511787	29.448774196127	287.412265453	26.92503794228	270.737476464	26.207141657929	275.224677439	26.02992508830	259.898512742	26.087755753131	259.8715655	26.937668714832	265.208848749	28.268570845333	258.878683332	25.563290781934	261.069074137	25.321073995835	257.520146795	26.047450130836	270.841158449	28.979829079937	297.981700884	28.075545702338	267.365884689	28.260774011839	261.847568696	24.675506632640	263.357146857	24.529929283441	268.62473027	28.679199482242	260.327658799	24.675741214443	258.571449376	26.870117164344	256.547029585	24.4333564962

{'test': [32.008214591251523,
          33.550148377656434,
          37.838813289191059,
          30.640504048806601,
          31.049621775048362,
          33.192464015779599,
          29.752672970113935,
          33.078701788334364,
          29.634052983096968,
          32.427350492196737,
          28.822426505132903,
          28.366235321075138,
          31.473999916861437,
          27.631453532566283,
          31.071215777926056,
          28.772424138465748,
          28.556675744545092,
          28.778321612714684,
          28.859610646526075,
          28.449246248878929,
          30.583978315021323,
          29.150032269915428,
          28.527669961430107,
          29.509456536976149,
          26.061079211461305,
          26.512252016958559,
          29.448774196108506,
          26.925037941960451,
          26.207141657930908,
          26.029925088022388,
          26.087755753104641,
          26.937668714780376,
          28.268570845261685,
          25.563290781913178,
          25.32107399578619,
          26.047450130783034,
          28.979829079894536,
          28.075545702250064,
          28.260774011753764,
          24.675506632639944,
          24.529929283359834,
          28.679199482186927,
          24.67574121436099,
          26.870117164339636,
          24.433356496198702],
 'train': [294.43071007372674,
           301.99513941802235,
           371.38156738510446,
           284.58555425227598,
           287.53554594163256,
           330.77644886763915,
           284.23383880962342,
           311.05994962192892,
           276.77702500721387,
           328.18202922236583,
           273.87557347515531,
           286.17928618175682,
           290.82648509414457,
           274.53748616359218,
           285.51943107318482,
           270.62569082916389,
           269.50552009295535,
           269.45442550604952,
           269.9178987336353,
           293.66861570344349,
           281.80960132337435,
           304.3049277174905,
           269.69490757712884,
           276.60766721076516,
           274.76423189677348,
           262.78374626343469,
           276.95551178662788,
           287.41226545262731,
           270.73747646362125,
           275.22467743863137,
           259.8985127422572,
           259.87156550043574,
           265.20884874874889,
           258.87868333204904,
           261.06907413708916,
           257.52014679524581,
           270.84115844906643,
           297.98170088411126,
           267.36588468934258,
           261.8475686961134,
           263.35714685719176,
           268.62473027000141,
           260.32765879858385,
           258.57144937583115,
           256.54702958545931]}
