

epoch	train err	test err0	309.692626229	32.76557434161	314.085361553	33.98017577292	299.05309523	31.01959073333	296.284709165	31.48478266434	292.741857923	31.40607519165	287.410544135	30.88327624236	283.684611766	29.72608265017	280.650456062	30.3267886328	274.550710878	29.32876680629	279.179912187	30.149238574310	269.753178836	28.786873738611	273.390020645	29.372379810512	267.774456972	28.37900691613	274.380262391	28.45211361514	266.90467525	28.494716404815	264.196053412	28.001463066816	262.955817315	27.859306092617	262.632988071	27.85490206918	262.778765901	27.859914155619	260.69723969	27.535044934420	259.955049198	27.388272974621	268.8044332	28.44257107422	264.391667756	27.945093749423	260.518164271	27.139347620224	265.652865229	27.309655009

{'test': [32.765574341602168,
          33.980175772870915,
          31.01959073331556,
          31.484782664267321,
          31.406075191576921,
          30.883276242340244,
          29.726082650087086,
          30.326788631956838,
          29.328766806212712,
          30.149238574341549,
          28.786873738550149,
          29.372379810541492,
          28.379006916029685,
          28.452113615040432,
          28.494716404835277,
          28.001463066789857,
          27.859306092618951,
          27.854902069030942,
          27.859914155617098,
          27.535044934417357,
          27.388272974634774,
          28.44257107396184,
          27.945093749393237,
          27.139347620239569,
          27.309655009013213],
 'train': [309.69262622945701,
           314.0853615529677,
           299.05309523010948,
           296.28470916472946,
           292.74185792261193,
           287.41054413478463,
           283.68461176604359,
           280.65045606183679,
           274.55071087764514,
           279.17991218714485,
           269.75317883626747,
           273.3900206451554,
           267.77445697228825,
           274.38026239093938,
           266.90467524964555,
           264.19605341179476,
           262.95581731516603,
           262.63298807122283,
           262.77876590113232,
           260.69723968984169,
           259.95504919817716,
           268.80443320014916,
           264.39166775591758,
           260.51816427050176,
           265.65286522890767]}


epoch	train err	test err0	299.952266714	36.4358322941	295.13993628	36.20273822862	290.151175414	35.86152098563	284.652353248	36.49742407584	280.858183927	36.68729441265	277.072482226	34.07095775256	279.768477699	33.24454588187	272.623890363	33.32764388248	267.91909642	35.01040156959	274.165689879	37.701498510710	269.134298125	32.667453916911	263.36448006	34.568424015712	261.833963956	33.831323737613	268.366986995	32.255963911214	261.296551373	34.823542206815	259.235409085	33.257607060316	258.241854924	33.733382679817	258.717822903	32.562236896918	256.543696891	33.155164730719	258.458289518	32.20828613620	255.00499482	32.961691697721	254.408916229	33.611027109322	254.764107426	34.165225664723	252.786507469	33.144670885524	255.940126779	34.9819223294

{'test': [36.435832293959635,
          36.202738228634445,
          35.861520985553788,
          36.497424075836157,
          36.687294412553086,
          34.070957752506274,
          33.244545881840921,
          33.32764388238072,
          35.01040156945465,
          37.701498510686648,
          32.667453916887844,
          34.568424015667716,
          33.831323737562286,
          32.255963911217975,
          34.823542206765914,
          33.257607060293253,
          33.733382679820728,
          32.562236896854095,
          33.155164730730888,
          32.208286136005974,
          32.961691697733833,
          33.611027109327672,
          34.165225664704614,
          33.144670885494868,
          34.98192232942084],
 'train': [299.95226671431385,
           295.13993628037201,
           290.15117541382335,
           284.6523532483086,
           280.85818392655898,
           277.07248222634718,
           279.76847769865941,
           272.62389036256587,
           267.91909641989133,
           274.16568987853088,
           269.1342981249249,
           263.36448006007822,
           261.83396395590069,
           268.36698699488187,
           261.29655137250154,
           259.23540908525717,
           258.24185492362318,
           258.71782290299728,
           256.54369689115941,
           258.45828951767527,
           255.00499481973986,
           254.40891622852916,
           254.76410742606629,
           252.78650746897327,
           255.94012677870052]}


epoch	train err	test err0	302.553043275	33.69451015891	296.720832974	33.43694307092	292.902537414	33.17357447193	285.675141678	33.36424681214	282.273801637	32.63130431885	277.990076223	32.44020831626	273.397460358	32.83158614817	270.209794158	32.50522523838	267.985936283	32.31041216269	270.054641046	31.970735145810	267.166293436	32.610673432911	267.180194804	31.736823361812	264.171835376	32.146706333713	262.585628443	31.776086326514	280.281968248	32.346056830215	262.149649018	31.339039260816	261.963722135	31.205563364417	262.956866926	31.116132987618	276.551794541	31.9103417919	258.764608337	31.108080078420	258.329176517	30.929394285921	261.809080872	31.799858066122	257.968031796	31.00906587323	259.920727815	31.416175873424	264.503414397	30.7105762676

{'test': [33.694510158896072,
          33.436943070916385,
          33.173574471919721,
          33.364246812145062,
          32.631304318849402,
          32.440208316182463,
          32.831586148090757,
          32.505225238274292,
          32.310412162605537,
          31.970735145849659,
          32.610673432908463,
          31.736823361821138,
          32.146706333722513,
          31.776086326452884,
          32.346056830185233,
          31.339039260795939,
          31.20556336436271,
          31.116132987590277,
          31.910341789966367,
          31.108080078373764,
          30.929394285934642,
          31.799858066082258,
          31.009065872980617,
          31.416175873386671,
          30.710576267615693],
 'train': [302.55304327548072,
           296.72083297393522,
           292.9025374143103,
           285.67514167844575,
           282.2738016365812,
           277.9900762234688,
           273.39746035826835,
           270.20979415840822,
           267.98593628263222,
           270.0546410464566,
           267.1662934359137,
           267.18019480400642,
           264.17183537620724,
           262.58562844335319,
           280.28196824840137,
           262.14964901831655,
           261.96372213518703,
           262.95686692641141,
           276.5517945408584,
           258.76460833671626,
           258.32917651740433,
           261.80908087190136,
           257.96803179588846,
           259.92072781513463,
           264.50341439661292]}
