

epoch	train err	test err0	296.013703576	36.47646598941	292.783624147	36.60915584922	288.935657726	35.92341959193	285.037634387	35.74293150994	281.105483187	34.68995271935	290.45720127	33.47264861756	280.262664693	32.9848876067	271.17090876	33.16404388898	271.42621633	32.35058258439	266.439870432	32.594851660410	264.55001982	32.486545370111	267.416602114	31.661657847112	267.862996451	31.499573488113	261.111181445	31.783422632814	261.520381315	31.415104930815	259.077129251	31.555662512816	257.772612878	31.63929052417	257.751295281	32.303943999918	256.333529881	31.424829721619	255.528547611	31.682956770620	254.85974338	31.521311251821	254.883021593	31.096448055222	253.631075242	31.338495360723	254.531261152	30.867349840924	254.972691435	32.4185887107

{'test': [36.476465989352981,
          36.60915584919703,
          35.923419591941709,
          35.742931509897822,
          34.689952719276022,
          33.472648617503602,
          32.98488760602001,
          33.164043888914499,
          32.350582584290272,
          32.594851660399748,
          32.486545370139609,
          31.661657847051011,
          31.499573488135752,
          31.783422632802449,
          31.415104930796119,
          31.555662512785844,
          31.639290524001392,
          32.303943999945446,
          31.424829721612078,
          31.68295677063956,
          31.52131125177694,
          31.096448055247514,
          31.338495360694974,
          30.867349840919509,
          32.418588710739748],
 'train': [296.01370357638558,
           292.78362414715633,
           288.93565772591751,
           285.0376343869151,
           281.10548318677263,
           290.45720127014556,
           280.26266469250709,
           271.17090876015021,
           271.42621633020855,
           266.43987043167539,
           264.55001981992655,
           267.41660211447072,
           267.86299645062201,
           261.11118144494327,
           261.52038131475695,
           259.07712925140817,
           257.77261287810245,
           257.75129528125041,
           256.33352988066741,
           255.52854761062471,
           254.85974338007205,
           254.88302159280931,
           253.63107524208377,
           254.53126115193857,
           254.97269143463177]}


epoch	train err	test err0	312.919398982	33.30748447841	305.973929521	32.18277613322	306.030349134	32.43694987883	300.180305697	31.57099165084	297.055609366	31.42179085185	292.031388627	30.82177293036	287.952122333	30.42287948477	284.989209874	30.01656992968	281.919514295	31.08926394819	276.346419006	30.459092311110	275.152240573	29.429048499411	279.207413291	29.329801648612	268.551143098	30.388394221513	266.485042831	29.389192915714	273.042461076	31.675916045615	263.062999039	29.567827778416	265.510066043	30.543414281817	262.543635369	29.001419588618	264.337502629	30.462908391419	262.52438751	30.153112193220	259.320346754	28.908772214521	258.717704618	28.828578197222	258.678149445	29.374560920623	260.538053194	28.347055795824	262.331386148	30.2001113978

{'test': [33.307484478369808,
          32.182776133212002,
          32.436949878819796,
          31.57099165082818,
          31.421790851841067,
          30.821772930317341,
          30.422879484724625,
          30.016569929620776,
          31.089263948121904,
          30.459092311075068,
          29.429048499367156,
          29.329801648589054,
          30.388394221454824,
          29.389192915692618,
          31.675916045629798,
          29.567827778449988,
          30.543414281807188,
          29.001419588578131,
          30.462908391430961,
          30.153112193231344,
          28.908772214508598,
          28.828578197177357,
          29.374560920633076,
          28.347055795791313,
          30.200111397759187],
 'train': [312.91939898155687,
           305.97392952075165,
           306.0303491335489,
           300.18030569710993,
           297.05560936582168,
           292.03138862733664,
           287.95212233305045,
           284.98920987412191,
           281.91951429531309,
           276.34641900582676,
           275.15224057302396,
           279.20741329120511,
           268.55114309829986,
           266.48504283096565,
           273.04246107638858,
           263.06299903894291,
           265.51006604343837,
           262.54363536894886,
           264.33750262890453,
           262.5243875099261,
           259.32034675384193,
           258.71770461807802,
           258.67814944500049,
           260.53805319371702,
           262.33138614760617]}


epoch	train err	test err0	309.806460762	33.07597306961	305.328643877	32.26028652282	305.224533155	32.39035977343	306.070247278	32.64980668044	299.92610008	31.50011927415	299.523200072	31.59963860266	301.770524638	32.13935650057	298.585139026	31.6626243858	296.071901517	31.28808714559	297.216242949	31.608798258710	297.362224682	31.721331325911	290.771624062	30.809386352512	289.70851316	30.890226753613	289.347953932	31.104636348514	285.11011195	30.795649097915	273.740417248	29.445563570816	270.383380264	29.388803850617	270.338519799	29.507421888918	267.326147828	29.650653412419	262.968704033	29.338010326720	264.70717282	29.661212587221	263.264908256	29.822917156822	259.66833519	29.553493671423	273.167590028	31.218331713924	257.152176989	29.542361213

{'test': [33.075973069614257,
          32.260286522804044,
          32.390359773374996,
          32.649806680366517,
          31.500119274129929,
          31.59963860264012,
          32.139356500506139,
          31.662624384972656,
          31.288087145471991,
          31.608798258718448,
          31.721331325872043,
          30.809386352473652,
          30.890226753587434,
          31.104636348488278,
          30.795649097904708,
          29.44556357083518,
          29.388803850616441,
          29.507421888863128,
          29.650653412405564,
          29.33801032672492,
          29.661212587247494,
          29.822917156808774,
          29.553493671404993,
          31.218331713929878,
          29.542361212977454],
 'train': [309.80646076186628,
           305.32864387747901,
           305.22453315512132,
           306.07024727804145,
           299.92610007988515,
           299.52320007216991,
           301.77052463805342,
           298.58513902562572,
           296.07190151708846,
           297.2162429493527,
           297.3622246818897,
           290.77162406219247,
           289.7085131598833,
           289.34795393232235,
           285.11011195024162,
           273.7404172484612,
           270.38338026440192,
           270.33851979927226,
           267.32614782783594,
           262.96870403296839,
           264.70717282024486,
           263.26490825628071,
           259.66833519019991,
           273.16759002846425,
           257.15217698916581]}
