

epoch	train err	test err0	308.714593674	34.4670903841	307.411142782	34.2923791332	309.393879717	34.48973004423	304.528962321	33.87639000444	301.736987165	33.45950563665	296.588067058	32.70056179316	292.421477082	32.0121094527	288.00510761	31.26576140168	282.881987067	30.26637706979	286.732326341	30.692015968510	284.498149284	29.534992942111	275.072872508	28.600606560512	273.587378116	28.299359465413	272.987521028	28.040933110914	271.327276505	27.930622236715	270.781776248	27.65724713516	270.938141595	27.50749762917	274.281085104	27.674277221518	267.543728008	27.336487911119	266.767677411	27.279448344220	266.199085847	27.045222107121	265.310464909	27.115490394822	267.2157907	27.059505318523	267.047973788	27.035825806224	273.176869907	27.500106444525	263.437867119	26.775932303226	264.644927342	26.847844003727	329.000070171	33.652066212128	268.883965137	27.253270952229	261.733126635	26.979636570330	265.179522261	26.771773811231	265.597868611	27.603840120632	259.275107871	26.709869884833	259.013242307	26.405375885734	261.011015004	27.056808414835	260.348011217	27.001283044336	255.359670552	26.199139298337	257.540783927	26.728504757138	254.405815606	26.324057666539	254.986526889	26.494621266540	253.118574882	26.177888859341	258.692416485	26.37994377242	256.221921377	26.193982151543	251.855579008	26.123213234944	251.494229615	26.193173627545	251.626236833	26.226094990846	250.114511264	26.002448562347	255.915746649	26.850173775548	263.492777147	27.377942177449	249.417947014	25.776162956950	249.057806684	25.861036007351	248.410277838	26.031883661652	253.466093466	26.736848073253	247.038741836	25.960856345254	261.623197742	27.784192644955	249.17981266	26.315631405256	253.408759214	26.685995476457	276.8380255	29.279615540158	250.400045651	26.358936752659	277.308411078	29.507729229760	244.335658333	25.903001031961	268.06984803	28.490333365762	246.900950184	26.261255320263	255.215873359	27.407976558264	243.093114798	25.936166168365	247.322579163	26.410623047866	247.174439684	26.422665039267	244.130716425	26.034026535868	248.904105215	26.748790955969	242.265710637	26.072533123570	260.848373728	28.164001758571	242.201257634	26.083859231272	240.418673551	25.891516585373	243.049595124	26.227291515374	241.760260165	26.010537956575	243.060942332	26.276411661476	240.473177646	26.001126632777	249.396148772	26.927193389578	239.716251961	25.915563389179	241.489547479	26.172477453980	238.387713456	25.83560492281	245.726699288	26.610983992982	237.600892855	25.789543586183	240.345830299	26.094039438684	245.34978191	26.710059775285	236.659927431	26.032396710886	238.159958488	26.028394375487	250.644791023	27.575474783988	252.584475023	27.983385313489	238.251379253	26.192766086890	258.242927196	28.176756295491	235.191119449	25.929928387592	240.561451737	26.436721762493	237.343488091	26.238572458594	234.607144864	25.991297196295	234.358803642	25.863611257996	235.666777852	25.946128919497	234.684488791	25.824930327398	251.713883027	27.493154158599	243.223747281	27.0625809463100	234.311882975	25.9430048998101	233.101886684	25.8874562162102	244.19987801	27.1687983288103	238.300104101	26.1356492827104	232.738350176	25.6872749791

{'test': [34.467090384034918,
          34.292379132970183,
          34.489730044157483,
          33.876390004383452,
          33.459505636635789,
          32.700561793146697,
          32.01210945200831,
          31.265761401620967,
          30.266377069732435,
          30.692015968530754,
          29.534992942065788,
          28.600606560486234,
          28.299359465430324,
          28.040933110924321,
          27.930622236681344,
          27.657247135022438,
          27.507497629007652,
          27.674277221534378,
          27.336487911064452,
          27.279448344160254,
          27.045222107094624,
          27.115490394807061,
          27.059505318504591,
          27.035825806199831,
          27.500106444495334,
          26.775932303166577,
          26.847844003653783,
          33.652066212097836,
          27.253270952224423,
          26.979636570337473,
          26.771773811222776,
          27.603840120576308,
          26.709869884789693,
          26.405375885744721,
          27.056808414795135,
          27.001283044339708,
          26.199139298332511,
          26.728504757139493,
          26.32405766646389,
          26.494621266510322,
          26.177888859264442,
          26.379943771959923,
          26.193982151545459,
          26.123213234919916,
          26.19317362745408,
          26.226094990766462,
          26.002448562280247,
          26.85017377551419,
          27.377942177405657,
          25.776162956896115,
          25.861036007309725,
          26.031883661561828,
          26.736848073236011,
          25.960856345227736,
          27.784192644901996,
          26.31563140517439,
          26.685995476379517,
          29.27961554008716,
          26.358936752645171,
          29.507729229687058,
          25.903001031895883,
          28.490333365701932,
          26.261255320249177,
          27.407976558245828,
          25.936166168299078,
          26.410623047752011,
          26.422665039187883,
          26.034026535762852,
          26.748790955867499,
          26.072533123512951,
          28.164001758503655,
          26.083859231168795,
          25.891516585265634,
          26.227291515312395,
          26.010537956496144,
          26.276411661398157,
          26.001126632699741,
          26.927193389548712,
          25.91556338911208,
          26.172477453940637,
          25.835604921987876,
          26.610983992929956,
          25.789543586145527,
          26.09403943864913,
          26.710059775229386,
          26.032396710790074,
          26.028394375350523,
          27.575474783941612,
          27.98338531341955,
          26.192766086828517,
          28.176756295411405,
          25.929928387536282,
          26.436721762368283,
          26.23857245848076,
          25.991297196153109,
          25.863611257937031,
          25.946128919366743,
          25.824930327304173,
          27.493154158490643,
          27.062580946276164,
          25.943004899827329,
          25.887456216230433,
          27.168798328836104,
          26.135649282713747,
          25.687274979083547],
 'train': [308.71459367357318,
           307.41114278206908,
           309.39387971707481,
           304.52896232142098,
           301.73698716467544,
           296.58806705774271,
           292.42147708215197,
           288.0051076103228,
           282.88198706724836,
           286.73232634105125,
           284.49814928415242,
           275.07287250783872,
           273.58737811607779,
           272.98752102848158,
           271.32727650486976,
           270.78177624820358,
           270.93814159452472,
           274.28108510429155,
           267.54372800798399,
           266.76767741133119,
           266.19908584727551,
           265.31046490917049,
           267.2157907003126,
           267.04797378796911,
           273.17686990650742,
           263.43786711902476,
           264.64492734156653,
           329.00007017130145,
           268.88396513670767,
           261.73312663538582,
           265.17952226119269,
           265.59786861071029,
           259.27510787072907,
           259.01324230712731,
           261.0110150040648,
           260.34801121749882,
           255.35967055162402,
           257.54078392669277,
           254.40581560569518,
           254.98652688890112,
           253.11857488181377,
           258.69241648473388,
           256.2219213769888,
           251.85557900754341,
           251.49422961510393,
           251.62623683318316,
           250.11451126446784,
           255.91574664851819,
           263.49277714709052,
           249.41794701364148,
           249.05780668405311,
           248.41027783841781,
           253.46609346639642,
           247.03874183553137,
           261.62319774233748,
           249.17981265989675,
           253.40875921351562,
           276.83802550004873,
           250.4000456505652,
           277.30841107762802,
           244.33565833322115,
           268.06984802977479,
           246.90095018393058,
           255.21587335938648,
           243.09311479752702,
           247.3225791633165,
           247.17443968366209,
           244.1307164253646,
           248.90410521462817,
           242.26571063715016,
           260.84837372762451,
           242.20125763417633,
           240.41867355081817,
           243.04959512391758,
           241.76026016460844,
           243.06094233206738,
           240.47317764570164,
           249.39614877182015,
           239.71625196076695,
           241.48954747870215,
           238.38771345597044,
           245.72669928832198,
           237.60089285468101,
           240.34583029913108,
           245.34978190956485,
           236.65992743100151,
           238.15995848813697,
           250.64479102328005,
           252.58447502342841,
           238.25137925311566,
           258.24292719580467,
           235.19111944858264,
           240.56145173714793,
           237.34348809083781,
           234.60714486448717,
           234.35880364154002,
           235.66677785216817,
           234.68448879121624,
           251.71388302691659,
           243.22374728101002,
           234.31188297498687,
           233.10188668369304,
           244.19987800974741,
           238.30010410124822,
           232.73835017579412]}


epoch	train err	test err0	309.065657853	34.63542796861	312.730596502	34.85269274472	306.496224615	34.24701924823	308.075640296	34.24924398974	308.345561267	34.06520942975	301.299600585	33.16549241796	298.983320044	32.66918079537	296.717516209	31.9770376758	293.010457133	31.2578370929	290.237283944	30.524982746510	285.683780985	30.667597173211	280.720883132	29.214026483912	278.013825022	29.35387634913	274.384834434	28.553226308514	285.236826362	29.890728903215	271.982741322	27.848588162716	271.857263341	27.490497381717	270.586045898	27.226308218618	269.436981631	26.995158950319	268.971520847	26.815303966120	271.732265421	27.228945637221	272.098031338	26.757522514922	268.941419643	26.427769885623	268.677474202	26.66545552824	270.567668462	26.948462938325	267.960892017	26.124876160926	274.286283447	27.413313625527	279.339039403	28.10164551528	302.023956666	31.266910710429	279.932351556	28.184851682830	264.597142502	25.647900993831	271.088656617	26.875607674932	274.884120044	26.093867058433	264.254968758	25.383136855234	263.31259008	25.394971763935	263.661152558	25.235147826536	264.907599905	25.890593982537	263.380093685	25.565058192238	261.990504378	25.121870287639	263.541330601	24.956115647240	265.850125642	26.016477478141	260.967362094	24.901527424942	262.713668804	24.752823308143	260.286426266	24.828416861944	259.97218487	24.803783548945	262.030816176	25.330460341446	259.539699963	24.470121566547	259.521021018	24.823556534748	259.710824915	24.287391034749	260.088109654	24.972381871850	260.370419206	25.056332931251	257.482358094	24.363241498952	260.058239935	24.068833768453	257.076599792	23.864308890354	257.341974219	23.765045043955	256.303840095	23.716118743956	257.143095854	24.315299305757	256.108192153	24.098348829158	255.154738483	23.427491564359	256.248870267	23.428118204760	253.908995269	23.498270794361	259.363212907	24.774228600662	254.172938105	23.154073842363	254.835431698	23.920561235664	253.174429501	23.168018396765	252.446730734	23.10340076466	255.03133327	24.066951532267	267.542730682	26.239780331468	252.423730169	23.519070054569	250.726390486	23.050361261970	257.458325972	23.276371015271	252.03215972	23.593624965772	249.785858773	22.827055227773	249.277337619	22.890935416774	252.624797526	22.886528153275	249.413131668	23.17422596476	252.913087937	22.835934669577	250.932857399	22.705970735478	247.702242493	22.711172066579	251.093193591	22.792526674180	248.051884003	23.092509165181	247.089405249	22.607601670982	253.981823797	23.084149401683	255.738598576	23.249900898384	246.055619005	22.586626680385	245.772402844	22.582858515586	246.168268537	22.515237034587	254.131565609	24.610028925488	245.096877624	22.571097311889	247.224617553	22.684873505190	248.046674498	23.673142377591	244.190268407	22.752787496992	261.532975648	26.054673910993	253.021425981	23.274773217994	243.436558301	22.697705108395	244.579676814	22.535819543996	249.175121456	24.10451262197	245.306213064	23.398152666698	255.734848491	25.321920491999	246.162064951	23.6510377438100	244.085947335	22.4863318605101	241.860289126	22.5852978928102	244.898270479	23.4979382674103	272.92409241	25.5296476775104	261.967017348	24.2593147183

{'test': [34.63542796856246,
          34.852692744693314,
          34.247019248183911,
          34.249243989716668,
          34.065209429732562,
          33.165492417883172,
          32.669180795271913,
          31.977037674987059,
          31.257837091978367,
          30.524982746541358,
          30.667597173214496,
          29.21402648389742,
          29.353876348960181,
          28.553226308543479,
          29.890728903179067,
          27.848588162745958,
          27.490497381663744,
          27.226308218591161,
          26.995158950329323,
          26.815303966063091,
          27.228945637181514,
          26.757522514949748,
          26.427769885573277,
          26.665455527989028,
          26.948462938262363,
          26.124876160852526,
          27.413313625481191,
          28.10164551502654,
          31.266910710366297,
          28.184851682760428,
          25.647900993763436,
          26.875607674892855,
          26.093867058394117,
          25.383136855204203,
          25.394971763877241,
          25.235147826521189,
          25.890593982463415,
          25.565058192170607,
          25.121870287646612,
          24.956115647194167,
          26.01647747808563,
          24.901527424928428,
          24.752823308092044,
          24.828416861905144,
          24.803783548940448,
          25.330460341446184,
          24.470121566452015,
          24.823556534670402,
          24.287391034659667,
          24.972381871823842,
          25.056332931160313,
          24.363241498855981,
          24.068833768419214,
          23.864308890327877,
          23.765045043857029,
          23.716118743891442,
          24.315299305741142,
          24.098348829066111,
          23.427491564294272,
          23.428118204669332,
          23.498270794346098,
          24.774228600605575,
          23.154073842317082,
          23.920561235613185,
          23.168018396657949,
          23.103400763954639,
          24.066951532159884,
          26.239780331359299,
          23.519070054519176,
          23.050361261894285,
          23.276371015199182,
          23.593624965726715,
          22.827055227698487,
          22.89093541668187,
          22.88652815316,
          23.174225964002805,
          22.835934669549872,
          22.70597073537504,
          22.711172066467014,
          22.792526674076939,
          23.09250916513972,
          22.607601670860273,
          23.084149401641007,
          23.249900898312433,
          22.58662668026615,
          22.582858515527214,
          22.515237034521473,
          24.610028925392765,
          22.571097311837818,
          22.684873505092224,
          23.673142377545712,
          22.752787496901057,
          26.054673910910903,
          23.274773217855405,
          22.697705108322076,
          22.535819543855439,
          24.104512621048727,
          23.398152666622686,
          25.321920491927909,
          23.65103774379401,
          22.486331860491688,
          22.585297892782734,
          23.497938267423216,
          25.529647677475698,
          24.25931471825422],
 'train': [309.06565785335698,
           312.73059650162821,
           306.49622461508301,
           308.07564029551713,
           308.34556126746901,
           301.29960058498654,
           298.98332004447315,
           296.71751620906934,
           293.01045713291455,
           290.23728394418617,
           285.68378098471544,
           280.72088313159549,
           278.01382502217103,
           274.38483443363458,
           285.23682636235014,
           271.98274132246672,
           271.85726334082835,
           270.58604589757158,
           269.43698163068075,
           268.97152084667772,
           271.73226542090828,
           272.09803133792957,
           268.94141964276884,
           268.67747420203926,
           270.56766846245381,
           267.96089201673612,
           274.28628344744334,
           279.33903940331544,
           302.0239566657084,
           279.9323515555522,
           264.59714250236783,
           271.08865661715964,
           274.88412004415994,
           264.25496875834375,
           263.31259007988001,
           263.66115255793085,
           264.90759990510224,
           263.38009368539616,
           261.9905043782752,
           263.54133060135177,
           265.85012564225389,
           260.96736209383278,
           262.71366880410955,
           260.28642626554245,
           259.97218486973759,
           262.03081617551942,
           259.53969996288441,
           259.5210210180299,
           259.71082491461505,
           260.08810965353581,
           260.37041920643338,
           257.48235809424403,
           260.05823993518493,
           257.07659979210399,
           257.34197421931611,
           256.30384009458265,
           257.14309585439111,
           256.10819215325478,
           255.1547384832399,
           256.24887026709911,
           253.90899526923997,
           259.36321290656707,
           254.17293810505384,
           254.83543169833268,
           253.17442950084862,
           252.44673073444164,
           255.03133326982166,
           267.54273068226462,
           252.42373016880828,
           250.72639048566728,
           257.45832597220925,
           252.03215971997002,
           249.78585877345466,
           249.27733761919734,
           252.62479752626805,
           249.41313166780287,
           252.91308793655986,
           250.9328573987072,
           247.70224249332028,
           251.09319359085418,
           248.05188400345509,
           247.08940524895826,
           253.98182379740905,
           255.73859857581965,
           246.05561900453262,
           245.77240284359439,
           246.16826853651889,
           254.13156560884755,
           245.09687762377055,
           247.22461755285497,
           248.04667449809656,
           244.19026840678657,
           261.53297564828637,
           253.02142598145392,
           243.43655830116734,
           244.57967681421457,
           249.17512145598815,
           245.30621306364452,
           255.73484849143713,
           246.16206495091092,
           244.08594733452486,
           241.86028912554622,
           244.89827047899337,
           272.92409240996142,
           261.96701734797517]}


epoch	train err	test err0	320.072457064	32.61257142851	307.80634861	27.86822551672	302.407101388	26.07657434043	296.724765477	25.94534880574	293.940503008	23.9609167815	288.01258002	24.74323820466	285.282853546	25.21858152127	282.355661485	23.96104685178	280.727495222	24.50181018379	279.127050291	24.320624704810	278.655949526	21.843197359311	275.639890034	22.585673315112	293.063430385	29.953190157313	274.161530912	23.867833346514	274.867394889	21.049473540915	271.777808703	23.420971433116	270.121767487	22.413797006517	269.267985229	22.030866909418	268.821177245	21.549641723219	267.635110488	22.186722664820	267.671547407	23.189426082921	294.679574582	31.648903997222	265.779802842	22.842223917923	304.027047128	33.923205337124	264.927663557	20.755329619625	263.589532073	21.142626135226	267.254493274	24.88421199127	278.486787968	28.503042001528	266.145829582	24.866861927229	262.361681931	23.337514733930	264.019905519	19.710635778831	260.210523009	22.552584430732	259.123597599	21.464133831533	260.655662571	19.964772996534	275.644188639	28.581482062135	259.541739534	23.352017146136	269.376242871	27.088211402637	257.060557054	20.651437647238	260.035993881	19.341445629339	261.989607841	25.097986528540	255.327007189	21.414387380141	255.143116556	20.622920449842	260.576791835	18.815360051643	254.86235514	20.110799708544	260.226821434	18.689186218345	253.237084598	21.242267388646	255.333680594	23.359595758147	280.708274379	17.584927851148	252.161354474	20.919056681149	254.473373836	19.288251385150	268.591471346	17.735901568951	256.11291332	18.745273838852	250.804682114	20.989917515853	250.560290222	21.355124371154	256.835840388	24.913718256155	274.820015787	17.38475839756	249.646877642	20.594712750557	251.721424885	19.156968312758	266.537800472	28.037317359159	250.70819068	22.789993506860	251.586694655	18.931147310261	253.948927318	18.415332328162	248.33457411	20.074691920963	249.238342822	19.377294084164	248.649337713	19.494771197565	248.12254591	19.637623692466	250.627776111	18.727524523367	257.897022047	26.036352648168	246.658207994	20.449246894269	246.506432868	20.971851118970	246.47272289	21.275475585371	283.856769927	32.364219860572	245.859829399	20.649815709473	258.031434394	26.314067395974	245.516889974	20.700939176275	256.103139336	25.797214881376	253.15943962	17.883429323777	253.445486195	17.812803949378	264.651807136	28.181359469279	245.434154142	19.461023862680	244.492003278	20.398892554581	252.685429685	17.778507071482	259.667740028	17.247268570183	247.446331564	18.518588224984	246.732816823	18.645557206585	251.37834956	17.815464645986	245.459578933	18.929512349687	243.538393102	20.032413462388	251.201873964	24.689784273889	252.759493598	25.20748853990	248.470141674	18.065569447291	244.074677032	21.711043819292	242.906894258	20.571141536993	243.527066029	19.320456432994	244.626365983	18.785553100695	242.575055831	20.046459598696	244.162107078	22.069990667297	242.906366804	21.278648147798	255.261524163	26.092099136899	242.968433014	19.2158311683100	242.859691963	21.4653486513101	289.12342109	33.6130754512102	245.421224413	22.9352604858103	242.343950651	19.3092095905104	242.124952531	19.3800298985

{'test': [32.61257142851732,
          27.868225516697429,
          26.076574340396142,
          25.945348805677042,
          23.960916780963782,
          24.743238204581331,
          25.218581521242257,
          23.961046851652451,
          24.501810183742389,
          24.320624704758284,
          21.843197359291608,
          22.5856733151352,
          29.953190157274602,
          23.867833346455669,
          21.049473540857779,
          23.420971433087491,
          22.413797006481481,
          22.030866909360959,
          21.549641723203887,
          22.186722664791727,
          23.189426082921393,
          31.648903997173047,
          22.842223917859599,
          33.923205337127442,
          20.755329619625783,
          21.142626135211977,
          24.884211990994903,
          28.503042001526303,
          24.866861927163558,
          23.33751473386231,
          19.710635778775881,
          22.552584430684448,
          21.464133831487416,
          19.964772996459665,
          28.581482062075985,
          23.352017146131121,
          27.088211402606674,
          20.651437647170148,
          19.341445629307898,
          25.097986528490406,
          21.414387380087526,
          20.622920449780235,
          18.815360051582399,
          20.110799708488017,
          18.689186218306919,
          21.242267388625823,
          23.359595758126559,
          17.584927851123549,
          20.919056681083472,
          19.288251385136228,
          17.735901568898633,
          18.745273838768124,
          20.989917515779155,
          21.355124371054089,
          24.913718256079175,
          17.38475839698831,
          20.594712750539088,
          19.156968312669381,
          28.037317359138946,
          22.789993506799565,
          18.931147310196675,
          18.415332328074665,
          20.074691920947608,
          19.377294084060189,
          19.494771197477657,
          19.637623692387645,
          18.727524523317069,
          26.036352648098728,
          20.449246894194459,
          20.971851118922618,
          21.27547558530922,
          32.364219860484774,
          20.649815709386377,
          26.314067395898576,
          20.700939176195114,
          25.797214881346459,
          17.883429323745347,
          17.812803949334956,
          28.181359469206527,
          19.461023862629698,
          20.398892554453013,
          17.778507071353701,
          17.247268570121864,
          18.518588224903887,
          18.64555720651871,
          17.815464645938697,
          18.929512349619646,
          20.032413462277685,
          24.689784273765923,
          25.207488539024993,
          18.065569447157255,
          21.711043819162089,
          20.57114153691851,
          19.320456432878427,
          18.785553100631748,
          20.046459598554858,
          22.069990667180196,
          21.278648147697872,
          26.092099136820188,
          19.215831168265701,
          21.465348651256772,
          33.613075451218677,
          22.935260485790174,
          19.309209590478147,
          19.380029898536964],
 'train': [320.07245706448543,
           307.80634860976704,
           302.40710138754019,
           296.72476547695283,
           293.94050300830281,
           288.0125800202938,
           285.28285354584307,
           282.35566148490403,
           280.72749522223933,
           279.12705029060965,
           278.65594952592107,
           275.6398900341328,
           293.06343038526506,
           274.1615309119577,
           274.86739488934415,
           271.77780870254014,
           270.12176748654997,
           269.2679852288727,
           268.82117724504411,
           267.63511048833578,
           267.6715474066026,
           294.67957458243842,
           265.77980284165716,
           304.02704712831257,
           264.9276635571951,
           263.58953207306274,
           267.2544932735031,
           278.48678796834531,
           266.14582958166761,
           262.36168193052924,
           264.01990551869613,
           260.21052300943518,
           259.12359759881781,
           260.65566257122225,
           275.64418863918894,
           259.54173953353165,
           269.37624287067865,
           257.06055705402866,
           260.03599388097325,
           261.98960784128195,
           255.32700718928143,
           255.14311655602768,
           260.57679183542081,
           254.86235514017162,
           260.22682143432002,
           253.23708459821637,
           255.33368059403966,
           280.70827437899857,
           252.16135447414078,
           254.47337383629906,
           268.59147134565194,
           256.11291332001895,
           250.80468211391769,
           250.56029022234719,
           256.83584038809488,
           274.8200157868967,
           249.64687764151526,
           251.72142488542033,
           266.53780047173723,
           250.70819067994086,
           251.58669465469973,
           253.94892731769033,
           248.33457411045339,
           249.23834282163025,
           248.64933771293323,
           248.12254590956303,
           250.62777611114245,
           257.89702204735778,
           246.65820799418805,
           246.50643286812812,
           246.47272288965308,
           283.85676992671904,
           245.85982939902183,
           258.03143439375776,
           245.51688997435531,
           256.10313933561645,
           253.15943962043667,
           253.44548619460937,
           264.65180713621282,
           245.43415414166162,
           244.49200327753769,
           252.68542968542104,
           259.66774002833819,
           247.44633156378291,
           246.73281682309266,
           251.37834955965775,
           245.45957893310799,
           243.53839310231282,
           251.20187396444467,
           252.75949359823386,
           248.47014167360393,
           244.07467703236438,
           242.90689425819966,
           243.5270660294596,
           244.6263659830542,
           242.57505583137066,
           244.16210707800943,
           242.90636680387729,
           255.26152416283617,
           242.96843301374878,
           242.8596919625914,
           289.12342109047461,
           245.42122441274577,
           242.34395065089763,
           242.12495253108878]}
