

epoch	train err	test err0	306.540583962	32.3457190731	300.30292016	31.32823317112	290.820714162	30.99262638943	292.653950291	32.62581120794	281.304200201	31.45848662295	280.163751838	31.8375561666	268.80352654	30.32375132827	269.454732848	30.92455040428	300.318290763	35.29432209739	263.456123404	30.116485966710	267.621527665	30.354861514211	268.278693776	30.388996094712	265.848478062	30.201835661413	278.689044834	33.239774019314	257.955978752	29.885360774915	259.670652409	30.846973373116	256.287791837	30.28359345717	282.39326718	34.143798363818	253.441040297	29.729025008319	267.417604408	32.434013340420	253.479458642	30.476834772121	253.687525139	30.625018298722	264.926009135	30.357322932623	249.179200562	29.935938592724	248.341158853	29.905815511325	266.183250881	32.708362499726	247.44883214	29.511078830427	246.578761246	29.440906818628	269.160977686	33.267395608229	245.317959764	29.455261920530	244.548195435	29.407646838531	245.97988276	29.301229260332	255.379339115	31.600211195433	247.282502084	29.337845111434	253.169775987	31.324580531635	259.596181943	32.342461591236	257.90055716	30.088304585137	249.551505298	30.977624808938	241.301995156	29.554700347339	265.774708331	33.226512051840	255.268708695	31.824374150841	240.793146999	29.122255144442	242.996985438	29.141596534543	291.298148563	36.247958328744	239.342628205	29.110579793245	240.930141608	29.855015828346	238.391323853	29.215096750247	240.634430979	29.008038500148	238.796710747	29.02084048849	255.248992728	32.078024599250	238.251157948	29.431818486251	242.003768172	30.099800858552	240.331986039	28.971261590253	269.158862294	33.739676348554	241.361394513	30.075442586455	238.384662944	28.75473189356	248.780359757	29.353792022257	236.457714481	28.760711572458	237.154897304	29.38540385959	238.731103842	29.773694694660	235.591576182	29.097641856361	251.581139443	29.589607567462	238.607089685	29.654782824363	235.661485078	28.678006315964	234.866262536	28.969154152

{'test': [32.345719073001803,
          31.328233171130677,
          30.992626389418525,
          32.625811207940856,
          31.458486622932313,
          31.837556166039825,
          30.323751328229186,
          30.924550404155138,
          35.294322097290355,
          30.116485966702808,
          30.354861514220229,
          30.388996094729116,
          30.201835661402693,
          33.239774019298345,
          29.885360774937066,
          30.846973373105694,
          30.283593457042734,
          34.143798363829795,
          29.729025008340457,
          32.434013340412108,
          30.476834772143238,
          30.625018298743001,
          30.357322932556674,
          29.935938592668549,
          29.905815511264372,
          32.708362499689088,
          29.511078830431288,
          29.440906818593199,
          33.267395608170496,
          29.455261920519298,
          29.407646838456923,
          29.301229260290661,
          31.600211195404121,
          29.337845111350859,
          31.32458053159144,
          32.342461591163968,
          30.08830458514683,
          30.977624808889601,
          29.554700347299551,
          33.226512051771451,
          31.82437415078293,
          29.122255144405521,
          29.141596534541996,
          36.247958328656821,
          29.110579793223362,
          29.855015828271085,
          29.215096750183456,
          29.008038500134429,
          29.020840488038836,
          32.078024599180267,
          29.431818486240282,
          30.099800858460267,
          28.971261590155823,
          33.739676348538723,
          30.075442586383609,
          28.754731893018473,
          29.353792022196899,
          28.760711572446809,
          29.385403859048356,
          29.773694694607421,
          29.097641856255301,
          29.589607567418756,
          29.654782824282471,
          28.678006315902856,
          28.969154151975655],
 'train': [306.54058396222649,
           300.30292015998623,
           290.82071416247283,
           292.65395029101688,
           281.30420020127627,
           280.1637518382621,
           268.8035265401881,
           269.45473284812351,
           300.31829076349874,
           263.45612340410645,
           267.62152766454653,
           268.27869377590861,
           265.84847806204465,
           278.68904483368351,
           257.95597875227003,
           259.67065240852008,
           256.2877918368597,
           282.39326717992424,
           253.44104029730977,
           267.41760440844303,
           253.47945864197106,
           253.68752513941831,
           264.92600913474416,
           249.17920056166216,
           248.34115885314992,
           266.18325088103461,
           247.44883214000626,
           246.57876124644005,
           269.16097768636394,
           245.31795976393366,
           244.54819543546418,
           245.97988276013155,
           255.37933911508344,
           247.2825020835229,
           253.16977598716335,
           259.59618194274469,
           257.90055716007714,
           249.55150529834864,
           241.30199515587893,
           265.77470833071493,
           255.26870869525675,
           240.7931469994044,
           242.99698543759914,
           291.2981485631193,
           239.34262820526828,
           240.93014160754134,
           238.39132385349168,
           240.63443097865994,
           238.79671074699166,
           255.24899272773823,
           238.25115794835492,
           242.00376817211952,
           240.33198603867038,
           269.15886229419436,
           241.36139451349567,
           238.38466294406004,
           248.78035975680834,
           236.45771448102167,
           237.15489730355421,
           238.73110384203522,
           235.59157618215667,
           251.58113944314474,
           238.60708968506111,
           235.66148507823368,
           234.8662625359168]}


epoch	train err	test err0	310.91288666	30.67335702661	310.624454572	30.87311657072	308.652252714	30.77638762213	302.633635001	29.77442877284	294.165014805	28.71872689595	304.157363232	35.17839087986	284.013520381	27.50848804467	273.190369134	30.55989394368	275.160480672	28.22182420499	269.669152933	28.802562462310	273.387138835	28.131025750611	295.772191104	36.846279078212	265.160191735	29.96756786713	265.682063668	30.459664978314	265.651701686	28.326979064215	264.525107645	28.335450152916	270.130724273	32.295217710317	261.436088732	29.235437521418	274.229580331	33.153050749319	263.501609738	30.613973578220	259.969663793	28.27889167421	266.229420013	26.705680251522	261.173097505	27.17436108123	258.112227798	27.879989295924	257.41982057	28.416333506925	258.834060121	29.389688299826	257.246529662	26.988188548927	257.073954184	26.673498281528	267.708897688	31.795702250129	255.498540687	26.528389900130	254.175989717	27.405742668131	275.214929805	33.503047232832	253.884903801	26.178208187433	255.205954117	25.569178654934	252.900856406	25.915218703535	281.852229876	34.657741576536	258.144164788	24.887454369537	259.528773756	29.987961985338	254.533962122	24.979817070739	255.624276726	24.671773717140	250.474620151	25.391680087541	249.250513417	25.797636880942	249.925413115	26.971617026843	263.285539749	24.272144805344	251.551175845	27.913237909745	268.480932673	24.275352859146	255.609204334	29.182327329747	247.167560825	25.352204437848	247.086075918	25.033624889849	260.749364594	23.918032888150	248.41195991	24.341591286951	247.305006898	26.383312706452	245.812220552	25.64686421853	263.01430702	30.823071975654	277.229491973	33.46242478655	251.029206131	23.676397191656	245.913566908	26.214265815857	260.317030383	30.124334903858	244.644008054	25.665952123559	246.542884662	26.582916563860	243.440823455	25.050786131661	244.664959947	23.950653139462	252.035901131	23.32166838663	248.463571034	27.308755007964	257.062425008	23.3441869993

{'test': [30.673357026594228,
          30.873116570694204,
          30.776387622054862,
          29.774428772834117,
          28.718726895918369,
          35.178390879826615,
          27.508488044594046,
          30.559893943582882,
          28.221824204940571,
          28.802562462282754,
          28.131025750570114,
          36.846279078210834,
          29.967567867046473,
          30.459664978255031,
          28.326979064198998,
          28.335450152889344,
          32.295217710303554,
          29.235437521416461,
          33.153050749346548,
          30.613973578247169,
          28.27889167404178,
          26.705680251532623,
          27.174361080982827,
          27.879989295887022,
          28.416333506882271,
          29.389688299826254,
          26.988188548949271,
          26.673498281467531,
          31.795702250085803,
          26.528389900090701,
          27.405742668136867,
          33.503047232779728,
          26.178208187439896,
          25.569178654936618,
          25.915218703482036,
          34.657741576458115,
          24.887454369536616,
          29.987961985250692,
          24.979817070665504,
          24.671773717125472,
          25.391680087456514,
          25.797636880855325,
          26.971617026792323,
          24.272144805257351,
          27.913237909738449,
          24.27535285908634,
          29.182327329669072,
          25.35220443781504,
          25.03362488984725,
          23.918032888120095,
          24.341591286869292,
          26.38331270635619,
          25.646864217957166,
          30.82307197555097,
          33.462424785983387,
          23.676397191552461,
          26.214265815763415,
          30.124334903805547,
          25.665952123526701,
          26.582916563780135,
          25.050786131641193,
          23.950653139438995,
          23.321668385983248,
          27.308755007914709,
          23.344186999321714],
 'train': [310.91288665995802,
           310.62445457159595,
           308.65225271373743,
           302.6336350013072,
           294.1650148046723,
           304.15736323238292,
           284.01352038120501,
           273.19036913396013,
           275.16048067203133,
           269.66915293264771,
           273.38713883472332,
           295.77219110424488,
           265.16019173464809,
           265.68206366796852,
           265.65170168621006,
           264.52510764478563,
           270.13072427260613,
           261.43608873241857,
           274.22958033082256,
           263.50160973786768,
           259.96966379319753,
           266.22942001320996,
           261.17309750492268,
           258.11222779844559,
           257.41982057021613,
           258.83406012097572,
           257.24652966232134,
           257.07395418442746,
           267.70889768829841,
           255.49854068740143,
           254.17598971677342,
           275.21492980465814,
           253.88490380101558,
           255.20595411693387,
           252.90085640620933,
           281.85222987645085,
           258.14416478834772,
           259.52877375566169,
           254.53396212203148,
           255.62427672606367,
           250.4746201508724,
           249.25051341659611,
           249.925413115075,
           263.28553974876985,
           251.55117584476707,
           268.48093267344296,
           255.60920433352337,
           247.16756082457937,
           247.08607591817974,
           260.74936459385833,
           248.41195990977158,
           247.30500689835173,
           245.81222055185268,
           263.01430702039744,
           277.22949197262301,
           251.02920613129524,
           245.91356690805475,
           260.31703038285997,
           244.64400805389943,
           246.54288466172866,
           243.44082345457275,
           244.66495994716482,
           252.0359011312193,
           248.46357103449714,
           257.06242500794463]}


epoch	train err	test err0	312.446084117	34.19855880811	311.788490891	34.13816371952	304.589558138	33.3571690013	298.839583213	32.7703428114	296.15135034	32.73325713035	293.396384777	33.02515287576	276.198314794	31.33658698217	272.582890228	31.39837307228	270.970658083	31.6171267399	265.996439727	31.243914477510	267.862160528	31.4612314311	271.081229261	31.987096561112	266.043079307	31.348714556413	261.624736195	31.02756969814	260.795405933	30.930417917815	264.164074727	31.270873877216	265.84002721	31.685837574717	264.822207075	31.355197448918	259.690003242	31.038570233619	263.559387832	31.277691833620	258.078707986	30.719656521921	257.078398543	30.73209976922	258.845721164	30.84921445523	260.363160524	30.979537112324	260.371253391	31.22373669125	253.678869824	30.574861172526	254.545523291	30.437291455127	254.033869666	30.515625051728	251.931641176	30.303598591229	253.457867882	30.387293952830	260.153172546	31.040615326331	250.990348068	30.101787958732	263.095791813	31.35648824533	250.060868485	30.347183320234	250.159291036	30.255540288835	257.560995656	30.907341980636	252.055582818	30.39877407937	249.336557113	30.089311225738	249.166445661	30.196105196539	266.146704518	31.96154783240	250.376333999	30.170690698141	251.171207488	30.287230699842	247.672978344	29.998937089543	252.111701913	30.468457638544	248.65735305	30.072946666945	244.680895046	29.660210766546	244.503530833	29.693134180147	251.643733806	30.375121826148	245.312633936	29.806314377649	254.136405606	30.670619993350	243.097106567	29.527647743451	257.360424624	31.087746825852	241.899572198	29.43193000953	242.739041972	29.579676872754	241.02626614	29.368424447355	242.974034321	29.402265719556	244.890716775	29.669213142157	256.637596546	30.798119110758	253.094035988	30.405084470559	239.34138501	29.137532123760	245.034618752	29.664228337861	242.756109109	29.331780667962	240.794321688	29.176190210763	251.310333548	30.256421024164	278.809780548	33.0382617595

{'test': [34.198558808138714,
          34.138163719450247,
          33.35716900097264,
          32.770342811023745,
          32.733257130293509,
          33.025152875723009,
          31.336586982106255,
          31.398373072214874,
          31.617126739006732,
          31.243914477467097,
          31.461231430008908,
          31.987096561061257,
          31.348714556400598,
          31.027569697967408,
          30.930417917761602,
          31.270873877162146,
          31.685837574660056,
          31.355197448866857,
          31.038570233602677,
          31.277691833579642,
          30.719656521917027,
          30.732099768954594,
          30.849214454975701,
          30.979537112334075,
          31.223736690950336,
          30.574861172529189,
          30.437291455071332,
          30.515625051713066,
          30.30359859115428,
          30.387293952843415,
          31.040615326254009,
          30.101787958714848,
          31.356488245020806,
          30.347183320174118,
          30.255540288835967,
          30.907341980572408,
          30.398774078984474,
          30.089311225735933,
          30.1961051965297,
          31.961547832006239,
          30.170690698052539,
          30.287230699820626,
          29.998937089519469,
          30.468457638490143,
          30.072946666919904,
          29.660210766469493,
          29.693134180138795,
          30.37512182609645,
          29.806314377639488,
          30.67061999332978,
          29.527647743408487,
          31.087746825828127,
          29.431930008959402,
          29.579676872694048,
          29.368424447337031,
          29.402265719531428,
          29.669213142051277,
          30.79811911069843,
          30.405084470518062,
          29.137532123677719,
          29.664228337834352,
          29.331780667901597,
          29.176190210653402,
          30.2564210240593,
          33.038261759482779],
 'train': [312.44608411682373,
           311.78849089061697,
           304.58955813786491,
           298.83958321278112,
           296.15135033970813,
           293.39638477729636,
           276.19831479409987,
           272.58289022756492,
           270.97065808339698,
           265.99643972655957,
           267.86216052782021,
           271.08122926070189,
           266.04307930671212,
           261.62473619484166,
           260.79540593323259,
           264.16407472687087,
           265.84002720987957,
           264.82220707505019,
           259.69000324225357,
           263.55938783238457,
           258.07870798566358,
           257.07839854346247,
           258.84572116436703,
           260.36316052394631,
           260.3712533914524,
           253.67886982430031,
           254.54552329102066,
           254.03386966585572,
           251.93164117618826,
           253.45786788229489,
           260.15317254595504,
           250.99034806826722,
           263.09579181317946,
           250.06086848503074,
           250.15929103641736,
           257.56099565607383,
           252.05558281818966,
           249.33655711272641,
           249.16644566066458,
           266.14670451831211,
           250.37633399895373,
           251.17120748809253,
           247.6729783435116,
           252.11170191327275,
           248.65735304990633,
           244.68089504601846,
           244.50353083296523,
           251.64373380615461,
           245.31263393640029,
           254.13640560580311,
           243.0971065673109,
           257.36042462392902,
           241.89957219832635,
           242.73904197217442,
           241.02626614020869,
           242.97403432070428,
           244.89071677480663,
           256.63759654552058,
           253.09403598847277,
           239.34138500967302,
           245.03461875171649,
           242.75610910907224,
           240.79432168787014,
           251.31033354832195,
           278.80978054780337]}
