

epoch	train err	test err0	300.941770079	34.43466578791	301.624708482	35.21138419312	276.715204661	32.76058552193	275.998607191	33.02639607594	273.004245707	32.6934783745	296.81908227	37.7012052956	289.784952457	34.98320390487	289.148689405	36.42674416368	270.659204271	32.96632443869	268.564469527	32.937168582610	264.929508913	32.534117178611	267.873167964	33.310252809512	262.600192684	32.735739059913	259.79175355	32.490190936614	265.050568966	33.7247068715	298.080173073	37.465510827616	265.548967838	34.204874750817	261.32829791	33.768332640218	254.85905843	32.776620155519	255.300648844	33.077238317820	253.036733289	33.050965289821	263.704421645	34.328449826422	260.857477607	33.969282987923	251.052025643	33.062177966724	254.395881993	33.8027449668

{'test': [34.434665787887589,
          35.211384193050044,
          32.760585521935468,
          33.026396075853292,
          32.693478373973385,
          37.701205294966307,
          34.983203904801869,
          36.426744163560244,
          32.966324438645557,
          32.937168582607285,
          32.534117178598059,
          33.31025280946983,
          32.73573905989204,
          32.490190936622525,
          33.724706870010223,
          37.465510827627881,
          34.204874750760425,
          33.768332640160438,
          32.776620155453635,
          33.077238317841143,
          33.050965289789438,
          34.328449826435723,
          33.969282987926583,
          33.06217796665296,
          33.802744966832392],
 'train': [300.94177007873606,
           301.62470848201338,
           276.71520466074298,
           275.99860719139883,
           273.00424570678643,
           296.81908226982256,
           289.78495245692699,
           289.14868940537207,
           270.65920427107892,
           268.56446952734927,
           264.92950891324097,
           267.87316796380975,
           262.60019268366392,
           259.79175354954327,
           265.05056896621892,
           298.08017307302816,
           265.54896783848204,
           261.32829791016997,
           254.85905842958323,
           255.30064884376677,
           253.03673328929312,
           263.7044216448931,
           260.85747760717788,
           251.05202564268461,
           254.39588199301062]}


epoch	train err	test err0	303.003625786	35.83104657181	289.997335551	36.73943402262	282.18400032	36.35396003663	304.895853997	35.83817785924	273.15243983	36.94985265275	291.395052451	35.51292152896	271.087260926	35.43321209747	271.395946088	37.94231803698	275.07471533	35.15065676049	264.87861971	36.121737976810	265.738777874	37.009223989111	263.737959749	35.562178360312	262.557317461	35.617555107113	265.508469471	37.294969340714	260.58782405	35.447979329715	272.244321192	34.689477517516	259.532101852	35.134643143617	259.127229164	36.354606489618	273.828611586	39.042811470519	266.50567674	37.913104138720	256.853847119	34.73303933321	263.818821984	37.662622615122	256.597254763	34.403014026523	272.222324889	38.738723074124	261.177775566	33.931722337

{'test': [35.831046571784711,
          36.739434022577228,
          36.353960036634163,
          35.838177859191426,
          36.949852652734457,
          35.512921528903689,
          35.433212097414895,
          37.942318036947732,
          35.150656760361677,
          36.121737976753032,
          37.009223989069831,
          35.562178360343594,
          35.617555107140689,
          37.29496934074816,
          35.447979329707039,
          34.689477517503171,
          35.134643143639039,
          36.354606489573705,
          39.042811470483954,
          37.913104138655491,
          34.733039332955883,
          37.662622615142084,
          34.403014026509965,
          38.738723074121843,
          33.931722336965713],
 'train': [303.00362578629455,
           289.99733555060112,
           282.18400031986926,
           304.89585399702855,
           273.1524398300644,
           291.39505245070131,
           271.0872609262363,
           271.39594608807147,
           275.07471532988137,
           264.87861971046908,
           265.73877787427841,
           263.73795974946285,
           262.55731746057063,
           265.50846947123017,
           260.5878240498497,
           272.24432119157996,
           259.53210185215079,
           259.12722916411633,
           273.82861158635245,
           266.50567673995891,
           256.85384711881238,
           263.81882198404844,
           256.59725476312741,
           272.22232488902773,
           261.17777556599702]}


epoch	train err	test err0	292.534121616	35.86107208931	286.428895392	36.00971956112	297.803454482	34.09674580353	327.664914055	35.15047700254	278.516797394	34.06869659095	275.968914995	33.96058602116	279.903402115	38.16395450857	270.400333065	34.71280246148	271.765602546	36.30205042239	282.892274474	33.158843940110	267.333144609	34.098615629611	269.935721571	33.398545362812	264.658992543	35.527196716213	263.356903464	35.285187989514	262.03674268	34.467629782815	262.854818888	35.946622161416	260.659996165	35.634785853317	258.440869201	34.823298779318	257.56408659	34.953816473919	258.949789828	33.416237883620	255.996072837	34.749971460221	259.246141018	33.099985869622	255.923402388	35.598251439323	253.737338268	34.244344453924	253.511457618	33.7269932983

{'test': [35.861072089262898,
          36.009719561130801,
          34.096745803523241,
          35.150477002499848,
          34.068696590937037,
          33.960586021113379,
          38.163954508537842,
          34.71280246137988,
          36.302050422338809,
          33.158843940076061,
          34.098615629626643,
          33.398545362799588,
          35.527196716191028,
          35.285187989490034,
          34.467629782820026,
          35.946622161378464,
          35.634785853330257,
          34.823298779257996,
          34.953816473903778,
          33.4162378835696,
          34.749971460191347,
          33.099985869571711,
          35.598251439313685,
          34.244344453914337,
          33.726993298349242],
 'train': [292.53412161578427,
           286.42889539211802,
           297.80345448216917,
           327.66491405458328,
           278.51679739412748,
           275.96891499479079,
           279.9034021154348,
           270.40033306478057,
           271.76560254642635,
           282.89227447426259,
           267.33314460851443,
           269.93572157103398,
           264.65899254344669,
           263.35690346354727,
           262.03674268024906,
           262.85481888800439,
           260.65999616528967,
           258.44086920112039,
           257.56408658958031,
           258.94978982848176,
           255.9960728368815,
           259.24614101836397,
           255.92340238841587,
           253.73733826753755,
           253.51145761783633]}
