

epoch	train err	test err0	288.693705504	32.80421399791	279.065545947	32.3064213792	288.308624149	33.74918607233	281.209026246	33.1206343474	271.682189682	31.72721129345	269.285652759	31.60138124566	267.371101227	31.4643151457	266.63631207	31.77470011288	294.922290532	35.03043208549	293.720917775	32.362493423910	263.226995357	31.259940223211	263.622399185	32.01113394512	265.470620967	32.555284496213	260.446799075	30.982598220914	269.272734902	32.791246934115	257.537304721	31.211505541416	256.75503802	31.072543607517	263.429391395	32.7216355818	262.769053179	32.641709422219	257.186448791	32.111047770620	254.583272312	30.635824613921	267.28009908	33.643290739922	258.186565731	30.553464551123	269.201300061	33.342433762824	252.475168964	31.508923916925	259.412096493	32.165072280526	251.0421819	30.650909726127	255.396588815	31.575627737728	291.437515277	32.371051089229	258.307186676	32.817211170430	249.725321427	30.546753695431	253.741522172	32.125701906332	249.157139636	30.439414600333	249.038261589	30.247917136934	246.487598487	30.612613118335	254.55632798	30.256466771936	254.19071678	30.216257129437	259.155223072	32.750368858938	254.358576258	30.281197535639	255.412209745	32.502517384240	250.125644523	31.922702683341	243.069941697	30.778377809442	251.658123492	30.1269243	252.518207693	32.62541895344	253.838409994	32.744095005745	244.903096072	31.920861407346	242.165208217	31.319049526847	247.045113127	31.725414857248	241.072351635	30.138890319649	250.334412746	32.114895859450	240.170536423	30.625195522951	239.61820914	29.946638001752	240.501997358	29.812893397553	249.230821496	31.923838202254	248.944196442	30.244757838755	243.295743319	31.860766570256	249.707336328	30.402985529257	236.245841991	30.121907135158	253.710023622	32.524747980459	249.386074658	32.411178181860	242.014724275	30.048815225261	239.488143761	31.429009415462	234.505001553	30.105772530163	256.807487884	30.840865813464	270.829979633	31.8067824729

{'test': [32.804213997946704,
          32.306421378982286,
          33.749186072313591,
          33.120634346951192,
          31.72721129338721,
          31.601381245639203,
          31.464315145047959,
          31.774700112806656,
          35.030432085417495,
          32.362493423929209,
          31.259940223239084,
          32.01113394504759,
          32.555284496235352,
          30.982598220939913,
          32.791246934095689,
          31.211505541425332,
          31.072543607541068,
          32.721635580027773,
          32.64170942224758,
          32.111047770586801,
          30.635824613854151,
          33.643290739882758,
          30.553464551134113,
          33.342433762813435,
          31.508923916938631,
          32.165072280469253,
          30.650909726069155,
          31.575627737696994,
          32.371051089209942,
          32.817211170442448,
          30.546753695424997,
          32.125701906283631,
          30.439414600264001,
          30.247917136944704,
          30.612613118256647,
          30.256466771912773,
          30.216257129417318,
          32.750368858927438,
          30.281197535648925,
          32.502517384236796,
          31.922702683345381,
          30.778377809367836,
          30.126920000041672,
          32.625418952984823,
          32.744095005743823,
          31.920861407319816,
          31.319049526792153,
          31.725414857156615,
          30.138890319578877,
          32.11489585936085,
          30.625195522923619,
          29.946638001749474,
          29.812893397543188,
          31.923838202217233,
          30.244757838652639,
          31.860766570193427,
          30.402985529152637,
          30.121907135086765,
          32.524747980398161,
          32.411178181809774,
          30.048815225209399,
          31.429009415422403,
          30.10577253010598,
          30.840865813418837,
          31.806782472936341],
 'train': [288.69370550395138,
           279.06554594697218,
           288.30862414870387,
           281.2090262463023,
           271.68218968183385,
           269.28565275878606,
           267.37110122697663,
           266.63631207025844,
           294.92229053190397,
           293.72091777471752,
           263.22699535746375,
           263.62239918499239,
           265.47062096730542,
           260.44679907506355,
           269.27273490236752,
           257.53730472057089,
           256.75503801999486,
           263.42939139513976,
           262.7690531793499,
           257.18644879102044,
           254.58327231237246,
           267.28009908046823,
           258.18656573066227,
           269.20130006102102,
           252.47516896403155,
           259.41209649315101,
           251.04218189973932,
           255.39658881522911,
           291.43751527686214,
           258.3071866757407,
           249.72532142683968,
           253.74152217173935,
           249.15713963587893,
           249.03826158860582,
           246.48759848731504,
           254.55632797955391,
           254.19071677978886,
           259.15522307179594,
           254.35857625812065,
           255.41220974504904,
           250.125644523359,
           243.06994169670645,
           251.65812349153126,
           252.51820769299042,
           253.83840999424422,
           244.90309607174225,
           242.16520821650556,
           247.04511312723648,
           241.07235163527608,
           250.33441274615583,
           240.17053642298245,
           239.61820913997769,
           240.50199735786811,
           249.23082149634854,
           248.94419644199752,
           243.29574331874616,
           249.70733632781355,
           236.24584199119536,
           253.71002362239494,
           249.38607465765921,
           242.01472427543285,
           239.48814376053235,
           234.505001552832,
           256.80748788394743,
           270.82997963259226]}


epoch	train err	test err0	309.541389981	33.25674210771	304.977779966	29.47260389892	338.988836354	37.34473804983	328.101080703	35.92242974674	285.508946034	28.95386476865	282.342061286	28.47068164016	277.891559408	28.59778477077	383.546723585	41.59082509548	289.138124654	27.98324531569	275.233288844	27.690560711510	271.918548818	27.748034730911	276.904777981	28.760108542912	269.818351341	27.662194091513	267.790036979	27.065352709514	280.72677736	27.20023593615	266.667574188	26.734071596516	267.403055978	26.564081760117	268.335691461	27.338460046618	264.041136333	26.243119444419	261.227973728	26.161199254520	262.233751078	26.435454577221	292.335004842	29.929070094522	272.020086882	26.178979829823	261.522059405	26.127498700424	260.406853662	25.564639889725	263.129516949	26.309185176126	268.00523843	25.497913048727	256.476221571	25.017840361728	258.417816657	25.238857071629	274.31890223	25.615778691630	259.106407999	24.960344329231	256.598077689	25.227929711232	253.438778302	24.527416216433	290.21617075	29.12931610134	258.350786449	25.540159427335	256.921682642	24.624278536636	255.090788135	25.009512571637	253.049020704	24.652629170838	256.247946142	25.096571277639	249.726214121	24.208509235440	273.976190539	25.254675007541	264.778876165	24.582106626142	250.304645964	23.969962407843	252.735476098	23.825489834144	259.221381032	25.678546254345	252.903050407	24.602245531346	255.719463283	24.943689004547	245.622123706	23.628500790548	245.861442031	23.731612898649	254.919530132	24.934500187150	246.453930284	23.889999320551	244.355104524	23.270592132852	244.504335821	23.378929520553	251.700525441	23.436939101454	245.523173386	23.135069106255	252.850928596	23.308833020956	243.122947884	23.400372099457	243.664806346	23.460321287658	243.507338256	23.509618363759	246.038671256	22.929548853260	263.621016038	26.25221630761	258.095832414	25.368554653562	253.122924707	23.159288109463	244.052496329	23.695274750464	254.690798371	24.9692640728

{'test': [33.256742107704397,
          29.472603898939308,
          37.344738049798337,
          35.922429746743553,
          28.953864768602298,
          28.470681640099663,
          28.597784770715162,
          41.59082509538441,
          27.983245315627233,
          27.69056071154748,
          27.748034730872057,
          28.760108542874239,
          27.662194091508681,
          27.065352709501127,
          27.200235935970149,
          26.734071596471942,
          26.564081760090723,
          27.338460046592044,
          26.243119444355635,
          26.161199254504865,
          26.435454577239327,
          29.929070094457888,
          26.178979829797925,
          26.127498700396462,
          25.564639889732515,
          26.309185176050299,
          25.497913048713666,
          25.017840361655125,
          25.238857071618703,
          25.615778691608497,
          24.960344329242854,
          25.227929711168883,
          24.527416216414807,
          29.129316100953037,
          25.540159427271288,
          24.624278536645722,
          25.009512571572387,
          24.652629170751403,
          25.096571277579635,
          24.208509235414251,
          25.254675007486931,
          24.582106626071027,
          23.969962407762083,
          23.825489834147472,
          25.678546254267619,
          24.602245531315784,
          24.943689004520035,
          23.628500790491042,
          23.73161289858345,
          24.934500187091974,
          23.889999320530244,
          23.270592132796089,
          23.378929520469523,
          23.436939101446221,
          23.135069106194145,
          23.308833020885285,
          23.400372099417716,
          23.460321287553558,
          23.509618363661488,
          22.929548853186308,
          26.252216307019623,
          25.368554653499487,
          23.159288109391809,
          23.69527475043423,
          24.969264072793479],
 'train': [309.54138998099222,
           304.97777996640457,
           338.98883635358084,
           328.10108070343398,
           285.50894603381835,
           282.34206128617143,
           277.89155940796553,
           383.54672358540762,
           289.13812465425519,
           275.23328884447113,
           271.91854881756143,
           276.9047779808526,
           269.8183513406791,
           267.79003697900265,
           280.72677736025361,
           266.6675741881711,
           267.40305597832207,
           268.33569146077355,
           264.04113633294918,
           261.22797372815768,
           262.23375107778639,
           292.33500484196151,
           272.02008688155217,
           261.52205940533378,
           260.40685366245464,
           263.12951694930962,
           268.00523842991311,
           256.47622157071322,
           258.41781665705247,
           274.31890222954473,
           259.10640799903814,
           256.59807768882547,
           253.4387783020712,
           290.21617074955827,
           258.35078644916882,
           256.92168264204435,
           255.09078813528345,
           253.04902070357645,
           256.24794614227142,
           249.72621412126063,
           273.97619053892709,
           264.77887616517938,
           250.30464596414703,
           252.73547609843504,
           259.22138103231475,
           252.90305040665794,
           255.71946328255251,
           245.62212370590146,
           245.86144203086198,
           254.91953013197448,
           246.45393028394363,
           244.35510452378065,
           244.50433582122332,
           251.70052544128458,
           245.52317338593681,
           252.85092859566566,
           243.1229478840923,
           243.66480634605603,
           243.50733825561923,
           246.03867125571338,
           263.62101603750585,
           258.09583241431864,
           253.12292470746942,
           244.05249632924915,
           254.69079837084354]}


epoch	train err	test err0	307.225086317	36.1736648041	282.192580576	37.32958464962	281.281935758	39.11136512893	290.998073247	41.19923451444	282.590532392	40.39399163385	271.071740971	37.37767146876	268.927760956	37.0100162217	270.707222354	39.1134159688	266.01305686	36.39182244029	276.608111553	34.590810833110	295.745819398	35.013826370111	263.15212619	35.387380988412	270.041997717	40.061626839713	258.434078025	36.122097392914	257.225794272	36.28728534715	260.788299147	34.671085904216	261.321995952	34.420172602517	255.418552248	35.624404976918	254.790160668	36.900279530919	254.387931091	34.974827859720	256.128929414	37.723440398421	262.500257612	33.910242357522	251.402880643	36.203144513223	255.702295689	34.093243784224	259.530181155	33.802996142825	262.101160179	33.71620988626	248.933112487	35.425901334627	250.232506207	34.266912786928	255.271096434	36.60973630529	256.302735702	33.472151568430	246.675500897	34.65815912331	256.871958132	33.432857273132	250.796334693	33.494768392133	246.091140946	34.063582414934	246.392421863	35.574412097735	249.903578911	33.188874026436	243.195022688	33.989822151737	254.813332302	33.136257948638	262.921306702	33.292990456639	257.24709892	37.308986628540	241.49899271	33.267629812741	246.289623989	32.911592035142	240.321331924	33.674051342743	242.213935226	35.02512376944	242.823417125	32.427794981845	239.508376769	33.412751426946	255.882454188	32.551740016247	265.429106255	33.288041398248	250.600826843	32.706515158849	238.096101523	33.251366413750	253.114241299	36.514912112751	238.422572536	33.134170755752	241.746931189	34.058991424153	253.129307232	32.498507309954	246.697331496	32.549113930555	261.214444395	32.972120133356	236.523862617	31.914056786857	242.364148492	34.185655103358	236.839451683	31.383571290559	260.944692781	33.081868500760	236.692827868	31.254050944561	305.134612462	36.527379403262	236.867925272	32.514083102763	250.254151065	31.646274241564	258.211305139	33.0935446945

{'test': [36.173664803999898,
          37.329584649611014,
          39.111365128896118,
          41.199234514419828,
          40.39399163379337,
          37.377671468700051,
          37.01001622104036,
          39.113415967997071,
          36.391822440223258,
          34.590810833108357,
          35.013826370099395,
          35.387380988382887,
          40.061626839672144,
          36.12209739292603,
          36.287285346952423,
          34.671085904222849,
          34.420172602537754,
          35.624404976881173,
          36.900279530926532,
          34.974827859686492,
          37.723440398381733,
          33.910242357530329,
          36.20314451323496,
          34.093243784169196,
          33.802996142847036,
          33.716209885960318,
          35.42590133463986,
          34.266912786891076,
          36.609736304969317,
          33.47215156835825,
          34.658159122958011,
          33.432857273118074,
          33.494768392094421,
          34.063582414919992,
          35.57441209772265,
          33.188874026420613,
          33.989822151712985,
          33.136257948601774,
          33.29299045658766,
          37.308986628497323,
          33.267629812650654,
          32.911592035074392,
          33.674051342668761,
          35.025123768971696,
          32.427794981757792,
          33.412751426897202,
          32.551740016175152,
          33.288041398187318,
          32.706515158813517,
          33.251366413747391,
          36.514912112661484,
          33.134170755724774,
          34.058991424061752,
          32.498507309940358,
          32.54911393054023,
          32.972120133324118,
          31.914056786787636,
          34.185655103301613,
          31.383571290506982,
          33.081868500683477,
          31.254050944489993,
          36.527379403203028,
          32.514083102661843,
          31.646274241498674,
          33.09354469454027],
 'train': [307.22508631660884,
           282.1925805761656,
           281.28193575783956,
           290.99807324747485,
           282.59053239154542,
           271.07174097118468,
           268.92776095570048,
           270.70722235367361,
           266.01305686043725,
           276.60811155305231,
           295.74581939791403,
           263.15212619028296,
           270.04199771673882,
           258.43407802465237,
           257.22579427154017,
           260.78829914655279,
           261.32199595201814,
           255.41855224780576,
           254.79016066828342,
           254.38793109114769,
           256.12892941449013,
           262.5002576117493,
           251.40288064302879,
           255.70229568915846,
           259.5301811550836,
           262.10116017852079,
           248.9331124867274,
           250.23250620717621,
           255.27109643420977,
           256.30273570198966,
           246.67550089671198,
           256.87195813239902,
           250.79633469325398,
           246.09114094552214,
           246.39242186318785,
           249.90357891089965,
           243.19502268839247,
           254.8133323017482,
           262.92130670201306,
           257.24709892042199,
           241.49899271047809,
           246.28962398902064,
           240.32133192365973,
           242.21393522636379,
           242.82341712486956,
           239.50837676919201,
           255.88245418755236,
           265.42910625473235,
           250.60082684322612,
           238.09610152250414,
           253.11424129858372,
           238.42257253563275,
           241.74693118875479,
           253.12930723153448,
           246.69733149648707,
           261.21444439518228,
           236.52386261703489,
           242.36414849169671,
           236.83945168296444,
           260.94469278112985,
           236.69282786804692,
           305.1346124620992,
           236.86792527177286,
           250.25415106488487,
           258.21130513932587]}
