

epoch	train err	test err0	296.399316786	34.37455928611	367.909253573	40.27818062612	283.901082611	33.6504897523	278.892034722	33.32697357034	309.256022905	34.74140043445	274.513017955	32.78286260676	284.206329272	34.24445765357	283.968762919	34.27143121268	271.059151858	32.03585458799	280.393706779	32.368813097210	282.643343411	32.496520617811	284.169596062	32.476316364412	266.995467777	31.709973436913	282.528848526	32.26027697714	265.906178504	31.810090391415	282.445041749	32.129580053316	272.194437436	31.455155930117	268.957397998	32.502691485518	262.718482508	31.503986838619	261.212168702	30.957670296820	267.54543735	32.239684760421	262.471370309	31.408096359422	273.690177942	31.261997024223	264.150492558	30.670379439124	257.230253365	30.449552362125	265.325850728	30.61710795526	259.398003666	30.277005023227	260.733084274	31.40143958128	262.816543865	31.766784154629	255.336702627	30.068386837730	253.052458501	30.026482786231	254.323026828	30.659562860532	251.865789538	30.223705358333	262.727132064	30.139959425234	250.796086793	29.559189353335	252.471209024	29.429392858936	266.467844291	30.221309960737	254.99950911	29.487011043538	276.858599845	30.936408717439	247.350260745	29.337462542540	261.74252705	29.660397339541	272.493810566	30.581551406642	246.233610353	29.443642433843	247.322191439	29.709933967144	245.791420968	29.5075951353

{'test': [34.374559286134016,
          40.278180626092912,
          33.650489751978277,
          33.326973570323013,
          34.741400434369204,
          32.782862606731257,
          34.244457653474697,
          34.271431212583842,
          32.035854587920468,
          32.368813097237663,
          32.496520617784519,
          32.476316364350041,
          31.709973436855012,
          32.260276976997432,
          31.810090391444866,
          32.129580053344327,
          31.455155930120011,
          32.502691485503199,
          31.503986838619369,
          30.957670296751914,
          32.239684760356333,
          31.408096359449804,
          31.261997024194578,
          30.670379439140277,
          30.449552362119665,
          30.617107954967608,
          30.277005023181836,
          31.401439581020085,
          31.766784154622275,
          30.068386837748214,
          30.026482786174849,
          30.659562860463822,
          30.223705358335181,
          30.139959425157926,
          29.559189353342013,
          29.429392858912742,
          30.221309960727456,
          29.487011043460324,
          30.936408717394784,
          29.337462542547684,
          29.660397339501657,
          30.58155140662846,
          29.44364243376458,
          29.709933967080758,
          29.507595135298011],
 'train': [296.39931678616108,
           367.90925357254906,
           283.90108261058327,
           278.89203472193964,
           309.25602290464872,
           274.513017955328,
           284.2063292720926,
           283.96876291900793,
           271.05915185838893,
           280.39370677910813,
           282.64334341149788,
           284.16959606159378,
           266.9954677772061,
           282.52884852566388,
           265.90617850407148,
           282.44504174908326,
           272.19443743642199,
           268.95739799798065,
           262.71848250790987,
           261.21216870230427,
           267.54543735036543,
           262.47137030902536,
           273.69017794192098,
           264.15049255796123,
           257.23025336498091,
           265.32585072752647,
           259.39800366568682,
           260.733084274406,
           262.816543865016,
           255.33670262684223,
           253.05245850078285,
           254.32302682754633,
           251.86578953784061,
           262.72713206420019,
           250.7960867926231,
           252.47120902354385,
           266.46784429146919,
           254.9995091097025,
           276.85859984532209,
           247.3502607448859,
           261.7425270496405,
           272.49381056588794,
           246.23361035273069,
           247.3221914392513,
           245.79142096765088]}


epoch	train err	test err0	314.675205548	24.7010442651	301.420840786	25.02364491542	316.433657385	32.93442780363	312.082125659	32.00108289544	288.04834085	26.98306761215	283.562426129	22.84179019196	296.121779641	29.06059753747	278.840349058	24.59126082098	287.013659576	27.30695399189	274.862589179	22.684336289310	274.037597897	23.583434055511	281.132171887	26.243862341812	271.192428334	22.875747875313	272.36529331	21.381960867414	269.797366498	21.333992689415	268.471045519	21.235542810816	270.550682019	24.273395400917	280.520869308	19.994431878818	276.483406944	26.112004668319	263.136894282	22.395060932520	293.476059937	29.479693128821	271.960530343	25.497575389322	294.310924683	29.842132887723	282.975592346	27.720697726624	258.708536774	22.019359032325	286.785546599	28.471326737426	262.901928761	20.115838835227	269.463811015	25.520714772128	256.804584233	21.468241267529	255.905786161	20.550722887630	254.357439825	21.346440651831	260.13727589	24.088277298832	283.375198413	19.762840170333	254.807278119	20.36311320734	258.60715861	24.240256147435	255.840121808	20.418681172636	256.015175606	20.164954167437	250.536790995	21.510258471538	310.303941775	33.384883119539	252.413352561	20.077200135140	249.377275428	21.503847274141	249.911484558	22.322898942842	248.256859455	21.441027247643	262.520026771	19.477241556244	299.265734662	32.0573720374

{'test': [24.701044264961446,
          25.023644915438119,
          32.934427803564226,
          32.00108289536648,
          26.983067612072041,
          22.841790191948977,
          29.060597537358007,
          24.591260820905948,
          27.306953991797013,
          22.684336289280807,
          23.583434055472598,
          26.243862341795268,
          22.875747875284983,
          21.381960867363212,
          21.33399268936838,
          21.23554281084532,
          24.273395400943834,
          19.994431878805305,
          26.1120046683182,
          22.395060932461359,
          29.479693128822188,
          25.497575389327054,
          29.842132887675856,
          27.720697726596754,
          22.019359032296467,
          28.471326737412987,
          20.11583883522416,
          25.520714772107048,
          21.468241267547672,
          20.550722887585398,
          21.346440651836506,
          24.088277298814923,
          19.762840170341732,
          20.363113206995415,
          24.240256147446882,
          20.418681172580893,
          20.164954167418056,
          21.510258471472419,
          33.384883119468462,
          20.07720013510389,
          21.503847274062124,
          22.322898942820277,
          21.441027247551212,
          19.477241556184751,
          32.057372037372303],
 'train': [314.67520554818992,
           301.42084078649305,
           316.43365738465508,
           312.08212565901528,
           288.0483408503066,
           283.56242612925701,
           296.12177964071356,
           278.84034905792117,
           287.01365957565616,
           274.86258917928006,
           274.03759789660626,
           281.13217188721245,
           271.19242833373409,
           272.3652933097693,
           269.79736649795558,
           268.47104551870513,
           270.55068201898888,
           280.52086930844342,
           276.48340694447717,
           263.13689428207334,
           293.47605993699193,
           271.96053034256363,
           294.31092468295583,
           282.97559234573333,
           258.70853677376226,
           286.78554659864704,
           262.90192876092004,
           269.46381101486401,
           256.80458423341588,
           255.90578616115212,
           254.35743982475222,
           260.13727589014132,
           283.37519841316413,
           254.80727811905726,
           258.60715861023249,
           255.84012180763287,
           256.01517560618959,
           250.53679099521213,
           310.303941775135,
           252.41335256117901,
           249.37727542839235,
           249.91148455804844,
           248.2568594547015,
           262.52002677093697,
           299.26573466204786]}


epoch	train err	test err0	309.417768214	34.46018977471	304.121845625	33.9900642342	284.781255396	32.27534955523	279.460562596	32.06207043614	281.265463215	32.09831544175	279.031751361	31.92026017876	271.747170246	31.57966041817	271.976610845	31.50297196188	273.447316674	32.25051487389	265.155098177	31.358184960310	263.955126283	31.423942075411	263.348834654	31.069061510512	262.899276469	31.46495501313	302.981914294	33.049139754614	258.700627094	31.027191905615	258.207267765	30.783824768416	275.815443632	31.199239174617	289.009667109	33.621083150418	261.199478597	30.526752830419	276.661594939	32.584877641520	254.187329916	30.811654423621	253.783855971	30.700037492222	251.970638731	30.510847640823	254.926147603	30.159637385624	250.549592059	30.272438401225	273.565540194	30.709589483226	250.569973672	29.790607996227	250.873733606	30.297960180728	247.996812799	29.937387408529	249.80300623	30.23553604230	249.482599592	29.976804992631	248.300214971	29.426929603732	249.32865914	30.067775596133	246.314928521	29.762370888534	250.250517759	29.223843167835	246.538690587	29.908671124536	243.821668424	29.502128522437	246.965762953	29.103464815738	243.335730568	28.993712654339	244.998011516	29.255687910840	243.821163278	28.942504905441	264.659478845	31.654026679942	246.528058445	30.003499827643	243.253110309	29.408668834144	240.79464302	28.94395895

{'test': [34.460189774660186,
          33.990064234018,
          32.275349555234769,
          32.06207043612303,
          32.098315441673535,
          31.920260178675861,
          31.579660418086078,
          31.502971961823405,
          32.250514873764949,
          31.358184960339944,
          31.423942075416061,
          31.069061510525476,
          31.464955013007486,
          33.049139754625692,
          31.02719190558814,
          30.783824768405065,
          31.19923917455019,
          33.621083150439979,
          30.526752830414321,
          32.584877641461247,
          30.811654423625868,
          30.700037492246189,
          30.51084764080376,
          30.159637385595431,
          30.272438401195021,
          30.709589483228832,
          29.790607996218107,
          30.297960180675304,
          29.937387408467856,
          30.235536042006981,
          29.976804992603416,
          29.426929603705133,
          30.067775596120931,
          29.762370888505437,
          29.223843167803452,
          29.908671124543353,
          29.502128522376061,
          29.103464815732512,
          28.99371265434608,
          29.255687910814714,
          28.942504905433307,
          31.654026679937878,
          30.003499827625252,
          29.408668834103104,
          28.943958950042024],
 'train': [309.41776821374879,
           304.12184562459828,
           284.78125539626524,
           279.46056259598805,
           281.26546321532624,
           279.03175136120922,
           271.74717024608896,
           271.97661084525674,
           273.44731667419347,
           265.15509817749466,
           263.95512628283115,
           263.34883465404107,
           262.89927646918761,
           302.98191429449872,
           258.70062709350725,
           258.20726776488641,
           275.81544363231728,
           289.00966710940918,
           261.1994785966728,
           276.66159493872846,
           254.18732991641969,
           253.78385597104253,
           251.97063873147914,
           254.92614760339984,
           250.54959205911678,
           273.56554019411732,
           250.56997367197835,
           250.87373360598599,
           247.99681279883768,
           249.8030062304876,
           249.48259959196719,
           248.30021497111318,
           249.32865914041287,
           246.3149285214505,
           250.25051775902139,
           246.53869058656437,
           243.82166842428882,
           246.96576295344192,
           243.33573056793887,
           244.99801151640617,
           243.82116327754704,
           264.6594788446165,
           246.52805844503501,
           243.25311030939133,
           240.79464302038915]}
