

epoch	train err	test err0	289.214316781	32.42717969711	281.640476342	30.80959125492	280.272856282	30.33300485263	274.110491313	30.42250221664	322.644942229	38.70626485245	282.83611431	32.72195506556	293.124480458	29.78136360487	270.613096912	29.51412589558	366.473631937	44.3956612659	388.389705765	47.082120338110	275.301756447	29.351681809111	267.919085031	29.090972726812	264.102506545	29.498062780413	269.700794804	28.8967292814	263.098925925	29.624099224415	267.575720815	28.624478873816	260.559584496	28.823664031817	265.622395585	28.279077745818	259.17050596	28.960148666919	260.893604809	29.693911761420	262.569884641	30.106409837121	258.20776176	28.24182114122	264.570995153	28.007009344523	267.370345837	27.937377893424	328.488831416	39.584525035425	258.765707835	27.89897268726	255.418461238	28.025169307327	259.281860142	27.806155314528	253.914984126	28.779769556129	286.335198295	26.121169022930	254.475815409	27.665529598331	273.93909283	32.406723411232	253.06552087	27.765442635133	250.855167172	28.059149028534	292.305640024	34.964227770235	280.851413998	33.571973385436	256.699296639	26.856017511737	250.030416645	28.357577451638	256.643278302	29.855226356639	255.257679626	27.025843558640	256.996916022	26.784349071641	251.857471753	29.065433623942	250.444328747	28.936234831543	255.711801578	26.975025656844	250.450357402	26.758855568345	256.383250648	30.075101521946	256.937061817	26.151439650747	275.76841902	25.752184087248	250.179320953	29.065080594849	285.475097996	34.269441801350	245.578233313	27.69103147451	248.55519868	28.893290849752	269.177656691	25.793005808953	250.787913148	28.533306764454	256.676924733	26.384902363455	281.712903183	33.937517964856	249.013418345	26.205504771857	298.87454175	35.972552174858	243.96827972	27.156518357759	255.986013726	26.603897820360	243.188119097	27.996904701861	252.017457982	25.762219332662	241.631140948	27.27217512163	242.568083835	27.66136503464	243.772402352	28.23076091265	242.737523809	26.092587832466	240.385574648	26.801633623867	240.009467528	27.123313735668	264.675519782	25.923592699469	252.851633169	25.572131167770	240.708841129	27.297112913771	241.295194014	27.929153683172	241.054251378	26.688676132273	246.809021324	26.37363042874	245.016186041	28.604766492375	240.140030294	27.296449472176	239.09048038	26.5789067677	237.668178434	27.095361354678	241.688238725	28.345537651979	238.929959478	26.663633922280	242.671528556	28.671572687181	254.904477419	26.379377532282	240.122463225	26.857391910283	252.665743565	26.054139592184	289.058537436	35.1848651271

{'test': [32.427179697070933,
          30.80959125492063,
          30.333004852564777,
          30.422502216550448,
          38.706264852437322,
          32.721955065461167,
          29.781363604785604,
          29.514125895509594,
          44.395661264950867,
          47.082120338105668,
          29.351681809116911,
          29.090972726818809,
          29.498062780392889,
          28.89672928004515,
          29.624099224355035,
          28.624478873761216,
          28.823664031824812,
          28.279077745826726,
          28.960148666910527,
          29.693911761394151,
          30.106409837069265,
          28.241821141015297,
          28.007009344518821,
          27.937377893368048,
          39.584525035384488,
          27.898972687039539,
          28.025169307299372,
          27.806155314457023,
          28.779769556081874,
          26.121169022944766,
          27.665529598314478,
          32.40672341121239,
          27.765442635133716,
          28.059149028459,
          34.964227770240299,
          33.571973385433267,
          26.856017511664675,
          28.357577451578877,
          29.855226356605741,
          27.02584355864802,
          26.784349071638811,
          29.065433623937597,
          28.936234831462304,
          26.975025656793274,
          26.758855568280957,
          30.075101521893231,
          26.151439650699864,
          25.752184087229626,
          29.065080594801547,
          34.269441801251176,
          27.691031473991593,
          28.893290849731464,
          25.793005808868564,
          28.533306764442177,
          26.384902363423002,
          33.937517964777065,
          26.205504771845149,
          35.972552174847628,
          27.15651835766565,
          26.603897820259583,
          27.996904701827798,
          25.762219332610446,
          27.27217512099234,
          27.661365034043527,
          28.230760911998086,
          26.092587832435534,
          26.801633623835635,
          27.123313735601045,
          25.923592699407472,
          25.572131167734916,
          27.297112913686863,
          27.929153683113871,
          26.688676132161127,
          26.373630427991593,
          28.604766492299404,
          27.296449472136953,
          26.578906759971449,
          27.095361354646325,
          28.345537651864873,
          26.663633922171151,
          28.671572687055139,
          26.379377532227796,
          26.857391910163159,
          26.054139592096952,
          35.184865127140668],
 'train': [289.21431678091483,
           281.64047634190968,
           280.27285628172064,
           274.11049131328633,
           322.6449422286579,
           282.8361143103034,
           293.12448045795981,
           270.61309691154003,
           366.47363193679718,
           388.38970576507825,
           275.30175644670777,
           267.91908503091389,
           264.10250654460225,
           269.70079480365257,
           263.09892592456191,
           267.57572081517185,
           260.55958449600962,
           265.62239558515228,
           259.17050596008079,
           260.89360480882186,
           262.56988464114488,
           258.20776175999202,
           264.57099515307146,
           267.37034583733583,
           328.48883141556274,
           258.76570783528217,
           255.41846123819707,
           259.28186014172519,
           253.91498412590528,
           286.33519829472459,
           254.47581540866551,
           273.93909283001119,
           253.06552086983714,
           250.85516717179303,
           292.30564002443322,
           280.85141399787204,
           256.69929663941139,
           250.03041664453789,
           256.64327830243684,
           255.25767962582114,
           256.99691602208406,
           251.8574717527685,
           250.4443287473467,
           255.71180157790934,
           250.45035740208877,
           256.38325064767275,
           256.93706181659223,
           275.76841901997909,
           250.17932095295032,
           285.47509799599675,
           245.57823331320529,
           248.55519867961655,
           269.17765669118512,
           250.78791314787674,
           256.67692473282744,
           281.71290318259372,
           249.01341834529245,
           298.87454175035424,
           243.96827972000654,
           255.986013725666,
           243.18811909726566,
           252.01745798193181,
           241.63114094773374,
           242.56808383488124,
           243.77240235181037,
           242.73752380944507,
           240.38557464766134,
           240.00946752823126,
           264.67551978245871,
           252.8516331692432,
           240.70884112889948,
           241.2951940142876,
           241.05425137828101,
           246.80902132380905,
           245.01618604063091,
           240.14003029447653,
           239.09048038027794,
           237.6681784340673,
           241.68823872496426,
           238.92995947791081,
           242.67152855553417,
           254.90447741865776,
           240.12246322535248,
           252.66574356456061,
           289.05853743598453]}


epoch	train err	test err0	280.703556596	36.02540234731	386.106765246	36.50069657292	277.329054628	32.58514440353	271.403253106	33.98319785284	277.501295574	32.38536427285	290.066503109	38.85719056576	281.364970411	37.16814746947	278.727775867	36.48438576518	268.68791765	34.27093903789	265.030997832	33.093871189810	267.654606864	30.800868611711	294.205851612	30.231320565512	262.520148925	31.688167033113	261.712833392	32.566820131914	261.147306895	30.569603003815	263.089026102	33.275162601416	259.59311378	31.773491768617	284.708476124	37.779011572718	260.517428932	32.71262446919	289.73500021	29.223226852320	270.01052791	28.784996168821	266.697967472	34.380834757322	261.399955241	33.252983158723	263.562875713	28.985841124124	255.082597993	31.014033218425	255.955625326	31.638460295326	256.280689227	31.800382234727	255.998506926	28.838901924128	261.181801193	33.210788461329	254.203414473	29.059560556830	274.834427782	28.312108250531	279.922582113	28.334451960732	252.496203309	30.484960486233	251.588650805	29.3529215334	264.333423952	34.035051834235	251.803191277	28.744888657436	267.893070042	27.270943539837	263.204606188	33.866124534938	249.135986096	29.410539414239	249.946009554	30.340714315440	262.452773365	33.758947231141	258.306429547	27.385152838442	251.211790722	30.809721673443	247.119540192	28.188013951844	260.211727197	27.099331281145	253.047739052	26.659219940346	251.628379762	27.105835279347	248.447806978	26.98031938748	249.478347638	30.373563989549	260.042997111	33.184896759950	248.603670708	26.599847025651	244.888123599	27.117383163952	249.915569669	26.422942115153	251.39702227	31.254211802154	242.692448687	27.16263426955	248.457012111	26.364258452656	242.603144405	28.740976898557	258.294989866	32.920519971358	246.392457633	25.964821239559	252.80940989	25.522403619460	243.16448728	25.986252722961	248.644843514	30.752057339162	277.294780165	25.923248453163	252.876900479	31.710419172964	247.171255229	30.427932969465	261.420320826	24.806877406466	271.78416523	25.301820491367	258.287036967	32.588220496668	238.442859864	26.766938158569	238.074392115	27.022212513570	239.26462559	25.763303601471	250.291881817	24.559637741972	242.397033129	25.095985997673	248.427291833	24.621804828374	286.73007714	25.360548175375	236.723357762	26.077643763476	236.133720694	26.434259892977	243.435421227	29.608499858578	237.022930734	25.357380324479	236.003150067	25.596593742280	245.969504848	30.027662186281	236.073135738	27.298228536882	249.956017784	31.038776174683	241.557216709	24.390059965684	239.656924175	28.7690533236

{'test': [36.025402347290985,
          36.500696572896061,
          32.585144403521163,
          33.983197852846374,
          32.385364272822201,
          38.85719056574716,
          37.168147469394235,
          36.48438576508547,
          34.270939037822608,
          33.093871189843064,
          30.800868611673231,
          30.231320565479045,
          31.688167033132409,
          32.566820131883446,
          30.569603003849867,
          33.275162601390925,
          31.773491768591235,
          37.779011572654966,
          32.712624468980295,
          29.223226852328111,
          28.784996168784549,
          34.380834757309856,
          33.252983158726821,
          28.985841124140329,
          31.014033218376259,
          31.638460295322453,
          31.800382234699271,
          28.838901924061954,
          33.210788461319524,
          29.059560556816326,
          28.312108250501574,
          28.334451960655642,
          30.484960486245647,
          29.352921530041044,
          34.035051834230032,
          28.7448886574225,
          27.270943539831318,
          33.866124534904039,
          29.410539414160343,
          30.340714315429413,
          33.758947231107548,
          27.385152838379938,
          30.809721673392218,
          28.188013951789525,
          27.099331281127391,
          26.659219940266716,
          27.1058352793242,
          26.980319386954722,
          30.373563989497487,
          33.184896759869027,
          26.599847025570945,
          27.11738316385523,
          26.4229421150654,
          31.254211802050108,
          27.162634269019669,
          26.364258452576529,
          28.740976898496932,
          32.920519971299811,
          25.964821239518376,
          25.522403619364738,
          25.986252722881687,
          30.752057339054399,
          25.92324845308589,
          31.710419172926645,
          30.427932969411597,
          24.806877406392289,
          25.301820491266771,
          32.588220496625887,
          26.766938158489431,
          27.022212513501419,
          25.763303601384688,
          24.55963774190646,
          25.095985997649947,
          24.621804828269557,
          25.360548175320311,
          26.077643763442303,
          26.434259892886853,
          29.608499858454415,
          25.357380324429904,
          25.596593742181994,
          30.027662186194473,
          27.298228536815227,
          31.038776174603029,
          24.3900599655531,
          28.769053323618934],
 'train': [280.7035565960602,
           386.10676524558539,
           277.32905462753479,
           271.40325310580891,
           277.50129557368859,
           290.06650310943274,
           281.36497041141342,
           278.7277758673182,
           268.68791764968654,
           265.03099783188077,
           267.65460686371603,
           294.20585161218179,
           262.52014892497658,
           261.71283339166217,
           261.14730689541335,
           263.08902610152302,
           259.59311377991975,
           284.70847612351338,
           260.51742893229044,
           289.73500020979645,
           270.01052790969339,
           266.69796747185904,
           261.39995524103756,
           263.56287571255405,
           255.08259799291642,
           255.95562532635114,
           256.28068922741085,
           255.99850692551422,
           261.18180119327837,
           254.20341447298858,
           274.83442778164863,
           279.92258211302169,
           252.49620330920001,
           251.58865080536242,
           264.33342395230585,
           251.80319127709041,
           267.89307004197997,
           263.20460618781271,
           249.13598609574305,
           249.94600955358794,
           262.45277336516631,
           258.30642954704422,
           251.21179072195653,
           247.11954019233173,
           260.21172719691344,
           253.04773905210271,
           251.62837976207658,
           248.44780697843061,
           249.47834763846194,
           260.0429971105076,
           248.60367070789519,
           244.8881235986683,
           249.91556966927112,
           251.39702227011179,
           242.69244868742339,
           248.45701211070127,
           242.60314440521603,
           258.29498986617125,
           246.39245763327284,
           252.80940988982078,
           243.16448728023002,
           248.64484351361375,
           277.29478016495506,
           252.87690047923246,
           247.17125522856946,
           261.42032082640782,
           271.784165230344,
           258.28703696730594,
           238.44285986392055,
           238.07439211520926,
           239.26462558952329,
           250.29188181723634,
           242.39703312920113,
           248.42729183296959,
           286.73007713977302,
           236.72335776181063,
           236.13372069416468,
           243.43542122728343,
           237.02293073356711,
           236.00315006653943,
           245.96950484836296,
           236.07313573780127,
           249.95601778405492,
           241.55721670914838,
           239.65692417509348]}


epoch	train err	test err0	291.885823038	31.15414374471	282.974560548	29.49517167742	282.812531057	29.22354169993	297.368590971	30.41379281694	281.101130829	29.3432349275	279.204268103	29.07485201896	290.4262488	30.0621036487	271.438188977	28.15852596988	295.668593335	30.96829317819	273.919535781	27.876901297110	276.966703503	28.396754373911	284.530723509	29.703582794812	267.41751919	27.157006713	281.649234696	28.928261895214	278.170524169	27.960671859115	283.05714037	28.853270193816	268.681540013	26.856510812117	273.141493592	27.245944829918	261.102034762	25.951664121519	261.744285946	25.985496490320	283.485873378	29.187491554721	269.877491751	27.258657799722	256.457180544	25.658372362723	259.401729332	25.808429808524	272.665295543	26.832675438225	269.102728047	26.184078065126	262.135628766	26.479472095527	257.74116216	25.335425087628	280.309758557	28.605045530629	266.52337868	27.193522743630	258.601536514	24.580666831931	283.629372172	28.182830830232	254.316964871	24.300112411333	258.215785291	25.063826204734	251.465996095	24.032138145935	254.919048596	24.474185164536	257.239583617	25.150797544137	250.477069663	24.475852002738	252.03600303	24.330913905739	255.217365519	25.627047795440	251.729778204	24.448091512841	265.986966663	26.111279150942	249.219009329	23.162213301843	250.45291907	23.85666399744	247.586556944	24.414576741545	250.648728871	23.720874468646	256.685596994	24.573598647447	247.619478532	24.16263467148	257.234336494	25.195384347849	246.326568894	23.059819265350	244.968396695	23.077348044951	248.599673601	23.824261172352	263.312232113	25.204491436153	263.365763345	25.476880575854	271.726314398	26.55395740655	241.748480931	23.431220512556	242.23565763	22.956259704257	257.499874428	24.960087661358	243.950306008	22.855360875959	244.232029791	23.252626631860	248.502555496	24.433992923561	244.001528469	22.960935220962	260.513096331	25.359902634763	256.788935733	24.942730859864	244.263132086	23.563814821365	274.148920311	26.704617467466	259.231431092	25.283737067367	288.899618313	28.385927396568	245.920075188	24.605917287369	241.622014694	23.629801985670	240.352720999	22.443793794271	255.296334205	24.802241777372	250.917813029	25.089202322373	243.483577018	23.786951964474	236.999198419	23.50546707175	250.776160137	23.887107491976	238.564940506	23.974657754877	246.250072183	23.818178966578	240.25961032	23.132037226379	240.418652825	23.226652773980	236.438180551	23.716579523881	233.658275262	22.394234330982	258.599656732	25.048732834583	234.105505025	23.110952610484	233.719880308	22.599097644

{'test': [31.154143744690558,
          29.495171677442098,
          29.223541699943613,
          30.413792816913443,
          29.343234927024326,
          29.074852018921536,
          30.062103647987378,
          28.158525969752372,
          30.968293178132004,
          27.876901297067448,
          28.396754373914128,
          29.703582794824847,
          27.157006700049138,
          28.928261895204134,
          27.960671859132631,
          28.853270193847916,
          26.85651081211839,
          27.245944829871629,
          25.951664121490865,
          25.985496490286817,
          29.18749155468586,
          27.258657799734834,
          25.658372362742064,
          25.808429808489795,
          26.832675438237178,
          26.184078065050958,
          26.479472095483018,
          25.335425087608598,
          28.605045530642421,
          27.193522743634357,
          24.580666831895105,
          28.182830830181061,
          24.300112411265353,
          25.063826204723334,
          24.032138145894024,
          24.474185164464707,
          25.150797544066478,
          24.47585200269198,
          24.330913905723559,
          25.62704779535477,
          24.448091512752463,
          26.111279150916452,
          23.162213301822185,
          23.856663996963466,
          24.414576741547013,
          23.720874468600467,
          24.57359864739286,
          24.162634671012427,
          25.195384347774844,
          23.059819265257151,
          23.077348044872899,
          23.824261172316085,
          25.204491436055214,
          25.476880575782296,
          26.553957405978984,
          23.431220512483971,
          22.956259704180042,
          24.960087661328494,
          22.85536087588779,
          23.252626631843604,
          24.433992923470292,
          22.960935220907807,
          25.359902634741246,
          24.942730859790288,
          23.563814821250812,
          26.704617467368678,
          25.283737067263175,
          28.385927396470464,
          24.605917287312632,
          23.629801985577913,
          22.443793794226959,
          24.802241777302349,
          25.089202322281722,
          23.786951964439965,
          23.5054670710403,
          23.887107491920471,
          23.9746577547564,
          23.818178966490169,
          23.132037226279529,
          23.226652773948445,
          23.716579523804949,
          22.394234330860268,
          25.048732834471579,
          23.110952610390644,
          22.599097644014584],
 'train': [291.88582303843282,
           282.97456054819912,
           282.81253105719213,
           297.3685909711669,
           281.101130829076,
           279.20426810334703,
           290.42624880039182,
           271.43818897661413,
           295.66859333536934,
           273.91953578103522,
           276.96670350276548,
           284.53072350919962,
           267.41751918983192,
           281.64923469643082,
           278.17052416876936,
           283.05714037047409,
           268.68154001333966,
           273.14149359230669,
           261.10203476188661,
           261.744285945831,
           283.48587337787444,
           269.87749175078591,
           256.45718054379404,
           259.40172933180946,
           272.66529554336489,
           269.10272804734484,
           262.13562876585581,
           257.7411621599465,
           280.30975855732476,
           266.52337868037569,
           258.60153651401407,
           283.62937217214915,
           254.31696487056874,
           258.21578529139708,
           251.46599609461686,
           254.91904859620334,
           257.23958361717911,
           250.47706966347423,
           252.03600302959555,
           255.2173655187585,
           251.7297782036631,
           265.986966662996,
           249.21900932928193,
           250.45291906986375,
           247.58655694373402,
           250.64872887146606,
           256.68559699393325,
           247.61947853217782,
           257.234336494498,
           246.32656889374238,
           244.96839669452567,
           248.59967360102286,
           263.31223211251483,
           263.36576334452013,
           271.7263143980212,
           241.7484809309199,
           242.23565763000562,
           257.49987442811255,
           243.9503060081654,
           244.23202979054849,
           248.50255549584534,
           244.00152846936879,
           260.51309633078961,
           256.78893573313161,
           244.26313208583468,
           274.14892031135741,
           259.23143109207376,
           288.89961831322177,
           245.92007518824116,
           241.62201469427481,
           240.35272099870841,
           255.29633420495963,
           250.91781302916414,
           243.48357701780515,
           236.99919841912879,
           250.77616013710576,
           238.56494050626705,
           246.25007218306183,
           240.25961032008342,
           240.41865282457368,
           236.43818055063488,
           233.65827526171995,
           258.59965673171632,
           234.10550502536577,
           233.7198803082357]}
