

epoch	train err	test err0	309.464215954	34.90655117811	301.530404315	34.47206876232	298.301771304	33.90527189683	294.296249286	33.39874098134	289.356063206	31.8209781685	297.010639822	31.28445683876	282.626451668	30.71192166447	285.380515972	29.43801378698	279.944160597	28.88083499469	277.403313077	28.738639750210	277.422556449	29.054983768611	277.150105857	28.952675549712	276.947569777	28.816571670613	274.759810395	27.418235206914	278.658335242	27.409688608815	278.981761117	27.408746233216	275.356873463	26.872879729717	274.725369142	28.244129514118	273.442153587	26.735252538819	270.540359773	27.055068280620	274.010605754	26.662483138921	276.183452431	28.585547266222	269.765212831	26.377734484723	272.028425701	27.691173510124	268.766229072	25.994255792925	268.058013897	26.742539192226	277.07296258	26.53232722627	271.446296427	25.979208819928	273.786369536	28.111764213629	276.223452316	26.247172199430	264.79652031	25.974685873331	263.78288474	25.597735115632	268.433310003	25.592762205433	262.510780616	25.24594945334	265.729622599	25.240703987135	263.908938498	25.253671596236	262.472130156	25.689853462737	260.77653558	25.136638731238	264.235454092	25.951606866539	259.271226889	24.735441508740	266.686861157	25.15139435241	259.778101481	25.170461242842	258.079494418	24.739926840343	269.089531913	25.45725647244	266.419891596	24.854590261

{'test': [34.906551178051558,
          34.472068762297511,
          33.905271896769321,
          33.398740981338342,
          31.820978168029171,
          31.284456838685099,
          30.711921664356481,
          29.438013786867138,
          28.880834994573153,
          28.738639750175974,
          29.054983768607485,
          28.952675549660107,
          28.816571670635359,
          27.418235206944694,
          27.409688608756632,
          27.408746233181027,
          26.872879729686222,
          28.244129514126925,
          26.735252538793524,
          27.055068280606374,
          26.662483138879786,
          28.58554726615878,
          26.37773448469521,
          27.691173510108722,
          25.99425579294553,
          26.742539192203935,
          26.532327225988976,
          25.979208819943373,
          28.111764213586461,
          26.247172199360321,
          25.974685873303322,
          25.597735115596539,
          25.592762205435172,
          25.245949453000136,
          25.240703987063888,
          25.253671596207266,
          25.689853462748413,
          25.136638731201092,
          25.951606866454053,
          24.735441508749769,
          25.151394351957777,
          25.170461242780092,
          24.739926840256711,
          25.457256472038772,
          24.854590260956432],
 'train': [309.46421595358925,
           301.53040431499949,
           298.30177130360556,
           294.29624928619887,
           289.35606320600971,
           297.01063982193421,
           282.62645166834488,
           285.38051597178645,
           279.94416059675029,
           277.40331307706577,
           277.42255644898677,
           277.15010585654829,
           276.94756977696682,
           274.75981039503932,
           278.65833524161246,
           278.98176111716418,
           275.35687346336056,
           274.72536914218836,
           273.4421535872458,
           270.54035977253596,
           274.01060575353148,
           276.18345243101328,
           269.76521283058071,
           272.02842570101734,
           268.76622907198401,
           268.05801389650065,
           277.07296257960604,
           271.44629642695133,
           273.78636953589637,
           276.2234523162208,
           264.79652031006015,
           263.7828847397912,
           268.43331000303851,
           262.51078061633638,
           265.72962259868399,
           263.90893849827728,
           262.47213015551648,
           260.77653558021052,
           264.2354540922114,
           259.27122688877648,
           266.68686115714894,
           259.77810148132801,
           258.07949441828265,
           269.08953191275896,
           266.41989159632703]}


epoch	train err	test err0	298.409277327	35.77426363871	296.43542077	33.83094152552	291.988523332	32.82358583623	282.66758838	32.67310464094	276.526680452	32.7281364655	273.458832383	33.19703149746	268.876495692	33.46337283367	265.670853491	33.97397717098	264.012248806	34.25375499629	264.17911147	34.786144513710	275.860123834	36.361967563611	271.125576584	35.86873069912	261.051693234	34.863037246613	268.927828924	35.740215900514	259.207614403	34.24702298915	258.460264269	34.190087337816	272.344039054	36.000366080217	259.531385803	34.618107257218	258.426803648	33.775896557319	258.706853362	34.482079345920	255.266111037	33.624014980521	254.615414755	33.596514837422	258.236664537	34.222829569823	254.497794952	34.112704714824	252.781857705	33.686825499125	252.158189739	33.292294076526	253.622384922	33.394293778727	259.66629152	34.247699174328	254.566006336	33.808859192929	286.989072931	37.337506078830	258.989951631	34.260068530531	253.579928167	33.621405116932	250.857829011	33.162527084433	266.02095551	34.92307473434	250.709120858	33.101803393835	263.724043538	35.63970917736	247.72390862	32.498148109937	248.333078593	32.674965407938	245.198193914	32.441367502739	256.631672697	34.576981964640	261.805960643	34.202847428641	257.267339956	33.717122212142	249.318360606	32.721048748843	266.513061685	36.467602762444	255.447266628	33.4007993834

{'test': [35.774263638675791,
          33.830941525522796,
          32.823585836226677,
          32.673104640885143,
          32.728136465019404,
          33.19703149744349,
          33.463372833620596,
          33.973977170930461,
          34.253754996209899,
          34.786144513692037,
          36.361967563554977,
          35.8687306990102,
          34.863037246638562,
          35.740215900544051,
          34.247022989028466,
          34.190087337840474,
          36.000366080167424,
          34.61810725724991,
          33.775896557281456,
          34.482079345872641,
          33.624014980496774,
          33.596514837406367,
          34.222829569806009,
          34.112704714809894,
          33.68682549906142,
          33.292294076462341,
          33.394293778677046,
          34.247699174280193,
          33.808859192931997,
          37.337506078767774,
          34.260068530496675,
          33.621405116922787,
          33.162527084444456,
          34.923074733969038,
          33.101803393762637,
          35.639709177007035,
          32.498148109940274,
          32.674965407871895,
          32.441367502650571,
          34.576981964599582,
          34.202847428625724,
          33.71712221207472,
          32.721048748811491,
          36.467602762413009,
          33.400799383358112],
 'train': [298.40927732744058,
           296.43542077017401,
           291.98852333235885,
           282.66758838012555,
           276.52668045151097,
           273.45883238289684,
           268.87649569182713,
           265.67085349091394,
           264.01224880608061,
           264.1791114695626,
           275.86012383360963,
           271.12557658389375,
           261.05169323407858,
           268.92782892374589,
           259.207614403256,
           258.46026426870196,
           272.34403905367583,
           259.5313858030292,
           258.42680364844591,
           258.70685336193026,
           255.26611103727862,
           254.61541475468425,
           258.23666453703549,
           254.49779495176855,
           252.78185770539463,
           252.15818973873411,
           253.62238492166463,
           259.66629151962928,
           254.56600633558674,
           286.98907293109147,
           258.98995163064995,
           253.57992816658953,
           250.85782901133061,
           266.02095550984217,
           250.70912085815371,
           263.72404353793058,
           247.72390861953821,
           248.33307859334747,
           245.19819391400856,
           256.63167269687204,
           261.80596064348947,
           257.26733995648613,
           249.31836060628805,
           266.51306168453669,
           255.44726662817644]}


epoch	train err	test err0	300.802755296	34.61858040691	297.446852172	33.13449343152	287.957427261	31.97833618333	296.39508119	31.55516490054	279.939965074	30.33997368995	278.223165011	29.81534670936	276.193506542	29.63809315737	282.711558611	29.07613286528	277.449289805	28.80337405979	274.121371857	28.69806856310	272.666477247	28.516774063111	276.603004087	28.259222495112	271.570378872	28.035431454613	269.7257174	28.264245379414	270.762443365	28.737799572115	269.997197947	27.55979078816	270.373029787	27.431038666517	266.800627879	27.762472456818	268.580816854	28.415088991519	287.594047347	31.341918126220	264.548698026	27.25993098821	264.291998163	27.344560532422	273.813778086	29.34489898123	263.676022437	27.315081206324	262.111997139	26.864911314925	269.198629773	26.375802931926	260.779872608	26.649644296527	263.437182911	27.488156383228	273.825092527	26.552212965529	262.656884397	25.953824562430	259.382846551	26.71461431631	258.302906918	26.004126431632	257.134965445	26.02511529333	271.619477731	26.4897214434	256.235650524	25.973990290435	268.687575226	28.583462741536	264.401099897	25.79249880937	259.25439642	25.504960833438	255.593593067	26.208312073939	254.845806698	26.037214603140	253.134073893	25.387818325141	269.470022242	26.34643063942	265.713169098	28.062702542143	251.909499754	25.224626097444	251.346028949	25.2197577539

{'test': [34.618580406947459,
          33.134493431464925,
          31.978336183284163,
          31.555164900498355,
          30.339973689923664,
          29.815346709344908,
          29.638093157250392,
          29.076132865249853,
          28.803374059688149,
          28.698068562979476,
          28.516774063113694,
          28.259222495063952,
          28.035431454592377,
          28.264245379441679,
          28.737799572149225,
          27.559790787962882,
          27.431038666498868,
          27.762472456815498,
          28.415088991463936,
          31.341918126233207,
          27.259930987975338,
          27.344560532383866,
          29.34489898099465,
          27.315081206278045,
          26.864911314929316,
          26.375802931911366,
          26.64964429646157,
          27.488156383225011,
          26.552212965506122,
          25.953824562435877,
          26.714614316015492,
          26.004126431608995,
          26.025115293021276,
          26.489721440013973,
          25.973990290357442,
          28.583462741537986,
          25.792498809036196,
          25.504960833396581,
          26.208312073863233,
          26.037214603089389,
          25.387818325086322,
          26.34643063895934,
          28.062702542106706,
          25.224626097437852,
          25.219757753922366],
 'train': [300.80275529563301,
           297.4468521718241,
           287.95742726097137,
           296.3950811897933,
           279.93996507392609,
           278.22316501141768,
           276.19350654174144,
           282.71155861111731,
           277.44928980475368,
           274.12137185746036,
           272.66647724748793,
           276.60300408717114,
           271.57037887204132,
           269.72571739951246,
           270.76244336513076,
           269.99719794749905,
           270.37302978736841,
           266.80062787869468,
           268.58081685449912,
           287.59404734736358,
           264.54869802612041,
           264.29199816259268,
           273.81377808614661,
           263.67602243661935,
           262.11199713910702,
           269.19862977331996,
           260.7798726084734,
           263.43718291093097,
           273.82509252667182,
           262.65688439658913,
           259.3828465506532,
           258.30290691781994,
           257.13496544508251,
           271.61947773128327,
           256.23565052444638,
           268.68757522552215,
           264.40109989726585,
           259.25439642041152,
           255.59359306701126,
           254.84580669817521,
           253.13407389337183,
           269.47002224166351,
           265.71316909761543,
           251.90949975396532,
           251.34602894879464]}
