

epoch	train err	test err0	301.108326201	36.76336880721	298.779265361	36.50856419622	298.230945072	35.13435831543	293.278372654	34.29511235354	288.693393292	33.2818736615	282.471087431	32.85215074486	278.151890051	32.20918940337	275.566850734	31.41227232648	273.506294633	31.73783581149	278.299547549	30.432047391910	269.384169943	30.330399731811	269.859079721	29.841061031712	267.779945657	29.759365832513	268.910960525	29.426658234814	270.613532882	29.249242185815	266.352334704	29.065080575416	264.918650068	28.946004621717	262.609003821	29.119311603118	262.242822064	28.83588128519	261.130832679	29.051778973320	260.504109966	28.759998508421	267.634820928	28.423429908322	288.631172353	30.071346345523	258.783523007	28.352083938324	266.034220106	28.228341734725	257.972389673	28.080655216426	257.119195077	28.529357483827	256.884334218	28.564273351228	258.981658831	27.777880056829	255.437424223	27.87891767230	261.838150943	29.972579123731	256.092084761	27.467829196232	260.819478456	27.449010929733	253.766303141	27.552316147134	264.059393947	27.606691498435	255.957447244	27.184387793436	253.710416732	28.057441232337	256.426908393	28.739545861638	255.670739613	26.970302497739	254.373389228	26.875672621740	258.035910553	29.082332095641	259.256409445	27.008075278142	251.098303808	27.453843823143	250.409766062	27.207543630944	253.30756005	26.690874962145	249.955454705	27.254526008346	253.133706745	28.114501891747	256.078203336	28.683676771348	252.370722682	27.893687448849	249.30967409	27.075564477850	248.413220997	26.823397353851	248.573304403	26.243305588852	247.909130719	26.70320789153	247.352723933	26.229915216454	249.716623861	26.07242102755	247.060848358	26.591155390556	246.745261819	26.497171412357	268.326129793	27.34592576358	246.069162774	26.089774772359	245.704745112	26.163409585560	247.759818853	26.972242522161	245.303755622	26.204778940962	245.481153347	26.351448889163	253.228103402	27.975446998464	244.523760953	25.8626763177

{'test': [36.763368807176334,
          36.508564196237209,
          35.134358315377192,
          34.295112353524431,
          33.281873660970419,
          32.852150744826453,
          32.209189403294296,
          31.412272326353776,
          31.737835811438302,
          30.432047391870782,
          30.330399731809219,
          29.841061031749412,
          29.759365832524146,
          29.426658234753081,
          29.249242185768679,
          29.065080575449802,
          28.946004621687102,
          29.119311603082863,
          28.835881285007353,
          29.051778973294375,
          28.759998508429522,
          28.423429908308385,
          30.071346345477995,
          28.35208393829933,
          28.228341734682953,
          28.080655216371188,
          28.529357483833824,
          28.564273351215654,
          27.777880056826255,
          27.878917672013134,
          29.972579123731425,
          27.467829196202484,
          27.449010929699078,
          27.552316147136473,
          27.606691498432596,
          27.184387793381283,
          28.057441232328127,
          28.73954586161863,
          26.970302497714091,
          26.875672621673768,
          29.082332095624132,
          27.008075278133028,
          27.453843823102158,
          27.20754363088383,
          26.690874962076311,
          27.254526008323772,
          28.114501891720966,
          28.683676771337232,
          27.893687448758929,
          27.075564477755805,
          26.823397353765372,
          26.243305588773563,
          26.703207890973019,
          26.229915216377243,
          26.072421027047778,
          26.591155390482236,
          26.497171412304638,
          27.34592576302386,
          26.089774772266914,
          26.163409585476558,
          26.97224252205028,
          26.204778940860155,
          26.351448889102272,
          27.9754469983571,
          25.862676317725416],
 'train': [301.10832620096733,
           298.77926536076251,
           298.23094507167883,
           293.27837265445771,
           288.69339329199846,
           282.47108743110982,
           278.15189005072057,
           275.56685073368521,
           273.50629463289818,
           278.29954754852469,
           269.38416994339786,
           269.85907972060693,
           267.77994565677858,
           268.91096052463098,
           270.61353288224802,
           266.35233470437765,
           264.91865006777113,
           262.60900382141148,
           262.2428220642235,
           261.13083267927345,
           260.50410996592478,
           267.63482092819692,
           288.63117235310693,
           258.78352300704648,
           266.03422010580618,
           257.97238967259472,
           257.1191950774998,
           256.88433421779763,
           258.98165883145697,
           255.43742422292507,
           261.83815094326275,
           256.09208476120574,
           260.81947845640531,
           253.76630314111227,
           264.05939394710884,
           255.9574472436816,
           253.71041673177939,
           256.42690839292703,
           255.67073961296603,
           254.37338922815434,
           258.03591055276297,
           259.2564094446829,
           251.0983038083773,
           250.40976606166376,
           253.30756004997562,
           249.95545470461866,
           253.13370674480262,
           256.07820333575035,
           252.37072268178264,
           249.30967409014801,
           248.41322099721376,
           248.57330440263377,
           247.90913071876409,
           247.35272393280528,
           249.71662386070511,
           247.06084835800601,
           246.74526181942403,
           268.32612979287649,
           246.06916277385176,
           245.70474511235017,
           247.75981885273882,
           245.30375562188686,
           245.48115334674745,
           253.2281034017733,
           244.5237609527999]}


epoch	train err	test err0	313.851418848	34.9020539981	307.193079853	34.44710410322	304.074067921	34.27641378233	300.872973249	34.09659632324	297.413330923	33.86829597515	291.745662498	33.5132178796	285.768418403	33.30419729687	281.26162024	32.55920780878	278.631284389	33.09165691549	273.063756197	32.297611056110	271.154115237	32.146506039811	269.495510194	31.373094693212	280.873739176	31.75057746913	275.880892679	31.391955744214	283.77147099	31.871614006115	265.683385545	31.675600438616	263.525422808	31.131206682817	263.090758196	31.163084681118	273.194973876	31.058639893419	266.617246101	30.708155787920	273.216796121	31.018098157521	261.924566631	31.262469579722	260.39773483	30.531872547523	261.15120819	30.413996103924	260.510411385	30.353594235725	258.970317403	30.858649067326	257.926809019	30.340626417427	259.042175092	31.005584870828	256.795690909	30.505454703229	256.951740479	30.090974544730	256.719494821	30.650988168231	258.256907253	29.959585212332	258.592225116	31.073448410933	254.861384343	29.887327614134	256.369056584	30.723188589135	256.04071	29.735340365936	255.840895145	29.682926981237	258.14558944	31.05376719638	259.759068365	29.75728847639	260.230861263	31.366692750640	252.350358398	29.470549134141	256.270508863	29.494342488642	259.345776545	31.25313231243	249.785899583	29.468139783944	255.148227518	30.631808529845	249.113106289	29.265614141346	251.409220771	30.075362026847	252.619574006	29.126041732348	247.98779711	29.110489809849	247.640913004	29.050749947850	249.320111658	29.764563466651	266.144454688	29.841547141252	246.361344121	29.14199826353	245.881574516	28.993583481454	253.541197974	28.951367456955	253.166195424	28.898538424856	254.308056252	28.941869195657	249.110958984	28.65622582658	258.638798817	31.144387958259	245.668188319	28.51584835460	249.529107493	28.597653614961	244.484731819	28.438619057662	243.826241464	28.418538698863	243.140572274	28.760046832364	242.58042985	28.4309506885

{'test': [34.902053997960408,
          34.447104103243049,
          34.276413782301233,
          34.096596323238465,
          33.868295975074936,
          33.513217879010455,
          33.304197296838751,
          32.559207808684867,
          33.091656915440566,
          32.297611056099704,
          32.146506039827244,
          31.373094693168582,
          31.750577468994845,
          31.391955744248399,
          31.871614006117358,
          31.675600438610658,
          31.13120668280007,
          31.163084681120267,
          31.05863989341259,
          30.708155787934032,
          31.018098157538073,
          31.262469579662302,
          30.531872547451449,
          30.413996103902253,
          30.3535942357056,
          30.858649067283704,
          30.340626417432738,
          31.005584870825423,
          30.505454703177158,
          30.090974544740902,
          30.650988168163419,
          29.959585212325081,
          31.073448410948995,
          29.887327614126946,
          30.723188589122707,
          29.73534036588353,
          29.682926981187613,
          31.053767195970757,
          29.757288475980118,
          31.366692750609172,
          29.470549134133019,
          29.494342488555613,
          31.253132311974603,
          29.468139783909646,
          30.631808529754764,
          29.265614141283208,
          30.075362026769813,
          29.126041732316693,
          29.110489809829613,
          29.050749947755726,
          29.764563466626409,
          29.841547141188464,
          29.141998262955248,
          28.993583481435447,
          28.951367456888356,
          28.898538424786754,
          28.941869195568763,
          28.65622582599093,
          31.14438795816649,
          28.515848353953611,
          28.597653614904878,
          28.438619057612968,
          28.41853869882944,
          28.760046832347445,
          28.430950688546776],
 'train': [313.85141884752505,
           307.1930798534907,
           304.07406792068167,
           300.87297324912674,
           297.41333092315398,
           291.74566249833975,
           285.76841840265701,
           281.26162023969835,
           278.6312843893167,
           273.06375619669296,
           271.15411523677886,
           269.49551019367289,
           280.8737391762084,
           275.88089267898033,
           283.77147099011603,
           265.68338554542458,
           263.52542280787918,
           263.09075819620307,
           273.1949738764132,
           266.61724610077823,
           273.21679612095068,
           261.92456663099296,
           260.39773483027165,
           261.1512081895213,
           260.51041138489654,
           258.97031740340822,
           257.92680901943265,
           259.04217509155603,
           256.79569090912554,
           256.95174047879078,
           256.71949482050388,
           258.25690725295414,
           258.59222511550621,
           254.86138434302975,
           256.36905658391805,
           256.04070999980951,
           255.84089514549513,
           258.14558943962084,
           259.75906836530794,
           260.23086126305105,
           252.35035839796848,
           256.27050886320637,
           259.34577654545751,
           249.78589958333288,
           255.14822751846958,
           249.1131062887344,
           251.4092207714387,
           252.61957400584936,
           247.98779711015561,
           247.64091300409859,
           249.32011165819881,
           266.14445468827574,
           246.36134412077905,
           245.88157451602285,
           253.54119797360943,
           253.16619542386428,
           254.30805625238335,
           249.11095898419831,
           258.63879881725217,
           245.66818831913864,
           249.52910749320915,
           244.48473181855019,
           243.82624146400804,
           243.14057227410532,
           242.58042985014072]}


epoch	train err	test err0	304.116217753	34.9499044191	304.766098633	34.7367718322	301.505161918	34.62190902043	303.426620188	34.30397914054	303.368268498	34.07037403725	299.318446626	33.65086030216	292.908070877	33.34314000477	288.813163411	32.68321478488	305.009853832	34.26258064419	296.854422565	33.492376197810	276.471277348	31.144712632611	272.4069119	30.671483039712	284.161027423	32.358816806713	270.086027456	30.537968689214	275.631582286	30.964881897815	268.857375625	30.16420836116	266.766641173	30.206004228117	264.843350328	29.866633346918	264.257381689	29.798488208919	275.909492433	31.715780865220	264.874924607	29.62956111621	265.42325874	30.212612084922	263.498791217	29.475095492323	261.351342157	29.462357378124	261.691791358	29.276879212225	261.469256303	29.57493190426	263.428396595	29.348282706827	261.526195248	29.159169335628	259.957776987	29.025608559129	272.482681927	31.388554149330	264.190486365	29.385641750731	268.333826052	29.879992367932	259.421336704	28.888906757833	257.320239555	29.04693636934	257.481007612	29.161604671135	266.077970633	30.640628508236	255.513785373	28.627193649237	258.48557899	28.75561558138	255.581946723	28.519732309639	260.716555677	28.992532056440	258.508333312	28.759175673941	258.355369214	28.745999958642	265.548480144	30.498653325543	253.658735432	28.33861853544	253.028052895	28.520948912745	253.216336038	28.287453918546	255.563565067	29.06580115247	251.773487322	28.23755002548	255.664210021	29.098981562949	258.569735231	29.542231586250	252.218177147	28.546175598751	254.080538336	28.36295910952	261.484296139	29.982062109353	251.705442444	28.156580409354	249.751549256	28.084891089155	250.438830477	28.056614858556	249.060161362	28.031394404557	251.350441116	28.520612197458	249.328348935	28.164040229859	261.953420766	29.956625216760	252.630702436	28.724134950861	247.590814059	27.897637630962	249.699696266	28.300359279363	248.397127366	27.920347749164	248.921927926	27.9778859111

{'test': [34.94990441903289,
          34.736771832034151,
          34.621909020420297,
          34.303979140505568,
          34.070374037182617,
          33.650860302107944,
          33.343140004695833,
          32.683214784798814,
          34.262580644119915,
          33.492376197833146,
          31.144712632646073,
          30.671483039694568,
          32.358816806714373,
          30.537968689170171,
          30.964881897774621,
          30.164208360988141,
          30.206004228080904,
          29.866633346875801,
          29.79848820885767,
          31.715780865244028,
          29.62956111595976,
          30.212612084852438,
          29.475095492314502,
          29.462357378095312,
          29.27687921218542,
          29.574931903952788,
          29.348282706787884,
          29.159169335645611,
          29.025608559109401,
          31.388554149339477,
          29.385641750747222,
          29.879992367893401,
          28.888906757836093,
          29.046936369044328,
          29.161604671129815,
          30.640628508219109,
          28.627193649205669,
          28.755615580965504,
          28.519732309644976,
          28.992532056439842,
          28.759175673902213,
          28.745999958647072,
          30.498653325542314,
          28.338618535029649,
          28.520948912717166,
          28.287453918541228,
          29.065801152047904,
          28.237550025002566,
          29.098981562853382,
          29.542231586200177,
          28.546175598714839,
          28.362959109033053,
          29.982062109253683,
          28.156580409274483,
          28.084891089097731,
          28.056614858531258,
          28.03139440445749,
          28.520612197424551,
          28.164040229803717,
          29.956625216673828,
          28.724134950766846,
          27.897637630910069,
          28.300359279251541,
          27.920347749076058,
          27.977885911136994],
 'train': [304.11621775284937,
           304.76609863344731,
           301.50516191826284,
           303.42662018791503,
           303.3682684981369,
           299.31844662588003,
           292.90807087655173,
           288.8131634111466,
           305.00985383230972,
           296.8544225649083,
           276.47127734843002,
           272.40691190006459,
           284.16102742321721,
           270.08602745602485,
           275.63158228635581,
           268.8573756245122,
           266.76664117259423,
           264.84335032818285,
           264.25738168861,
           275.90949243275145,
           264.87492460714668,
           265.42325874044377,
           263.49879121725053,
           261.35134215664812,
           261.69179135824788,
           261.46925630285415,
           263.42839659506751,
           261.52619524813218,
           259.95777698681638,
           272.4826819265212,
           264.19048636481057,
           268.33382605239075,
           259.42133670429388,
           257.32023955483999,
           257.48100761173384,
           266.07797063310801,
           255.51378537265524,
           258.48557899049587,
           255.58194672320698,
           260.71655567735127,
           258.50833331219184,
           258.35536921402593,
           265.54848014424192,
           253.65873543178981,
           253.02805289479133,
           253.21633603829733,
           255.5635650666791,
           251.77348732243181,
           255.664210020854,
           258.56973523095246,
           252.21817714681663,
           254.08053833641395,
           261.48429613934309,
           251.70544244443983,
           249.75154925594023,
           250.43883047733391,
           249.060161361909,
           251.35044111587928,
           249.32834893463655,
           261.95342076638639,
           252.63070243627845,
           247.59081405933634,
           249.69969626642182,
           248.39712736559517,
           248.92192792568284]}
