

epoch	train err	test err0	306.051184378	31.26771823881	305.092397349	32.10970162182	295.867415719	30.46714451643	289.197025664	29.78868416074	283.503392402	28.65970604575	278.66045266	28.1449091246	274.176935168	29.1516279917	270.944817488	27.71356472788	272.26744603	29.21915494319	266.953591617	27.356202959410	266.197779011	27.033414503511	263.516601174	27.142268856512	269.066044564	26.517540921413	262.781896877	26.573635863514	262.423100218	27.49726988315	261.63013454	27.392782940716	271.156230517	28.956393027117	284.957093414	30.714157669818	257.453018215	26.127715556819	256.734192266	26.189942866920	256.701404328	25.818722607221	255.493913025	25.860927533322	254.799380372	25.846733207323	256.672032818	26.506673883224	267.613546241	28.1555489597

{'test': [31.2677182387777,
          32.109701621829807,
          30.467144516449505,
          29.788684160702637,
          28.65970604570548,
          28.144909123987293,
          29.151627990958417,
          27.713564727806574,
          29.219154943133077,
          27.356202959425207,
          27.033414503483645,
          27.14226885654751,
          26.517540921381624,
          26.573635863536367,
          27.497269883039202,
          27.392782940721126,
          28.956393027067641,
          30.714157669841168,
          26.127715556826324,
          26.189942866858477,
          25.818722607154243,
          25.860927533290042,
          25.846733207302091,
          26.506673883160449,
          28.155548959666479],
 'train': [306.05118437846534,
           305.0923973488724,
           295.86741571911006,
           289.197025664016,
           283.50339240178721,
           278.66045266048968,
           274.17693516820873,
           270.9448174883106,
           272.26744602989498,
           266.95359161691823,
           266.1977790105297,
           263.51660117362781,
           269.06604456408849,
           262.78189687700416,
           262.42310021808032,
           261.63013453968358,
           271.15623051679057,
           284.95709341422315,
           257.45301821528398,
           256.73419226600225,
           256.70140432757319,
           255.4939130251652,
           254.7993803719468,
           256.67203281823726,
           267.61354624131417]}


epoch	train err	test err0	301.028834756	35.4272128811	291.905338701	35.99372122242	283.72361978	35.10417429073	277.641043542	35.15120561214	272.329340495	34.71356023755	270.8891604	33.49006061296	277.9773459	32.72165005647	269.483165974	35.38221605238	263.422168556	33.9167698629	268.129454526	31.929982553310	261.338324212	33.632321884911	270.834708589	31.359826444112	266.30441154	34.945355041613	261.764237674	31.288591694814	264.128275296	34.546964074515	260.219468697	30.937979997416	255.649345437	31.788183424817	254.960258594	31.365240329418	254.831778864	30.936970893919	267.191418282	34.8836057320	255.189767161	30.293214218621	253.077648648	31.338284224422	263.726888682	29.441007108723	259.717759059	33.357368052124	254.826367124	32.1694230893

{'test': [35.427212880974196,
          35.993721222420945,
          35.104174290659039,
          35.151205612124059,
          34.713560237495109,
          33.490060612868525,
          32.721650056350214,
          35.382216052347772,
          33.916769862016984,
          31.929982553298988,
          33.632321884883027,
          31.359826444068737,
          34.945355041555544,
          31.288591694834153,
          34.546964074469464,
          30.937979997381628,
          31.788183424813283,
          31.36524032936785,
          30.936970893921337,
          34.883605730038909,
          30.293214218613809,
          31.338284224427344,
          29.441007108712341,
          33.357368052125928,
          32.169423089270232],
 'train': [301.0288347560998,
           291.90533870112444,
           283.72361977987026,
           277.64104354185628,
           272.32934049494764,
           270.88916039981336,
           277.97734590011083,
           269.48316597360571,
           263.42216855633148,
           268.12945452645857,
           261.33832421164612,
           270.8347085888899,
           266.30441154019661,
           261.76423767436165,
           264.12827529626225,
           260.21946869726236,
           255.64934543688904,
           254.96025859368041,
           254.831778863789,
           267.19141828156836,
           255.1897671606902,
           253.07764864800782,
           263.72688868176618,
           259.71775905893043,
           254.82636712418764]}


epoch	train err	test err0	301.034769729	32.3816033451	296.613027311	33.1356952772	284.110835497	32.26244638143	297.08010749	35.35077602434	273.573990894	31.98351986725	272.51285357	32.14059125956	270.590339494	32.31313355927	264.042210289	32.49426162158	262.772936816	32.62140991689	266.807763065	33.852775094710	282.031994411	36.313868492711	258.727944784	32.570226705212	260.672876759	32.372241280813	256.761301983	32.573076602514	256.123414406	32.805188205415	263.793387909	34.538302024416	254.107711988	32.382690808917	254.152048686	31.960150219918	253.523199212	32.043247667319	259.220752603	32.166586250120	252.567612326	33.094333902621	250.303730378	32.211119009522	263.941755462	35.298095451123	247.81858667	32.324366327624	247.048485848	32.5539578332

{'test': [32.381603345006624,
          33.135695277049791,
          32.262446381350188,
          35.350776024292877,
          31.98351986715992,
          32.140591259452222,
          32.313133559208389,
          32.494261621473818,
          32.621409916753066,
          33.852775094693591,
          36.313868492680136,
          32.570226705197264,
          32.372241280814208,
          32.573076602483276,
          32.805188205417622,
          34.538302024388933,
          32.382690808904556,
          31.960150219893201,
          32.043247667317196,
          32.166586250074985,
          33.094333902585277,
          32.211119009510384,
          35.298095451068164,
          32.324366327637769,
          32.553957833153639],
 'train': [301.03476972910823,
           296.61302731132406,
           284.11083549749287,
           297.08010748964591,
           273.57399089443226,
           272.51285356998608,
           270.59033949413941,
           264.04221028933023,
           262.77293681551447,
           266.80776306535142,
           282.03199441148752,
           258.72794478414028,
           260.67287675890879,
           256.76130198284841,
           256.12341440579507,
           263.79338790949492,
           254.1077119880967,
           254.15204868636445,
           253.52319921186995,
           259.22075260271396,
           252.56761232593576,
           250.30373037819459,
           263.94175546186074,
           247.81858666975978,
           247.04848584800826]}
