

epoch	train err	test err0	308.51181917	35.41630943961	304.429777334	34.48367006652	288.480111846	34.22809221453	281.755208848	34.43932457174	278.129095217	35.42574043935	276.752002452	33.93281125916	278.416337909	33.13197814787	272.631845307	35.53502005068	270.177487606	34.4362746499	273.775004559	36.822390917510	328.297114574	34.405378287611	279.921743362	32.187516195312	267.732792335	35.92779723813	265.92724552	35.626390508614	262.873059542	34.009696988415	263.628586505	35.3693866616	261.543093315	34.533853722517	263.96364419	32.219455307218	261.787067714	35.601750501419	260.806416902	35.471623147420	258.239848448	34.581050130621	256.807724486	34.042582888322	262.957077194	37.355428068223	284.378057426	31.748050082624	255.433440729	34.948314016225	253.644104078	32.899841116126	254.728253889	32.147579806127	255.789256259	31.763166108728	251.203427055	34.259543177329	253.929783003	36.173588371230	249.596010406	34.074288964331	255.272034271	37.320092081532	266.005093054	31.175721774533	248.707675828	34.917241524934	258.434371915	38.866421881635	246.607860589	32.708440236336	246.417762311	34.40746506437	245.449200175	34.06723054238	246.21951574	32.122787481539	244.121427414	33.438503192940	251.906723045	31.180351640241	271.729691431	31.243301716342	243.610696443	34.534268940143	249.430542723	37.278090818444	242.434558803	32.4650071114

{'test': [35.416309439574249,
          34.48367006649864,
          34.228092214482096,
          34.439324571727497,
          35.42574043934124,
          33.932811259117656,
          33.131978147820639,
          35.535020050622336,
          34.436274648992409,
          36.822390917495063,
          34.405378287618362,
          32.187516195293234,
          35.927797238019465,
          35.626390508557883,
          34.009696988382458,
          35.369386659950578,
          34.533853722545274,
          32.219455307212755,
          35.601750501351582,
          35.471623147355864,
          34.581050130616667,
          34.042582888346239,
          37.355428068155774,
          31.748050082630836,
          34.948314016167473,
          32.899841116053729,
          32.147579806086064,
          31.763166108723894,
          34.259543177319621,
          36.173588371237919,
          34.074288964315876,
          37.320092081546356,
          31.175721774547629,
          34.917241524858625,
          38.866421881607373,
          32.708440236322168,
          34.40746506403228,
          34.067230542037194,
          32.122787481458062,
          33.438503192914119,
          31.180351640161668,
          31.243301716343201,
          34.534268940100183,
          37.27809081839515,
          32.465007111403956],
 'train': [308.51181917010774,
           304.42977733380417,
           288.48011184608879,
           281.75520884810891,
           278.1290952166209,
           276.75200245232236,
           278.41633790933105,
           272.63184530712624,
           270.17748760606509,
           273.77500455866016,
           328.29711457413032,
           279.92174336221069,
           267.73279233535544,
           265.92724551957713,
           262.87305954161542,
           263.62858650488084,
           261.54309331475889,
           263.96364418960189,
           261.78706771396958,
           260.80641690185905,
           258.23984844767085,
           256.80772448634031,
           262.95707719384023,
           284.37805742599949,
           255.43344072871042,
           253.64410407790581,
           254.72825388852738,
           255.78925625870446,
           251.20342705453965,
           253.92978300282098,
           249.59601040605008,
           255.27203427053016,
           266.00509305432439,
           248.70767582773783,
           258.43437191483582,
           246.60786058864377,
           246.41776231104299,
           245.44920017483338,
           246.21951573993647,
           244.12142741406768,
           251.90672304512563,
           271.72969143142922,
           243.61069644263989,
           249.43054272339015,
           242.43455880289832]}


epoch	train err	test err0	299.645568842	38.20967117831	296.372063383	36.6205120392	295.937507706	34.29911743183	289.147446699	33.96647957284	282.978037824	34.61287926845	280.066809512	34.16909777316	302.247615304	33.8672589657	276.431907356	33.1140213248	275.057088481	33.30497553769	273.797070881	33.211487202510	274.478243404	32.403761265411	275.299768985	33.746025378812	275.679730392	32.04254165613	272.952323263	31.845982521814	270.556195854	32.73523074815	270.623896879	31.678277246916	268.721454311	31.545274782617	271.961082697	32.971837900218	266.60977555	31.370929266619	277.876622031	31.482452817320	268.752302801	32.314639264721	265.396798431	30.930104216122	273.369212592	32.918212378323	263.630058303	31.00172480124	265.023104326	30.485443014925	262.693338548	30.801655930726	273.53048291	30.646321916327	261.593893763	30.248661517328	260.952031343	30.325453645129	266.104359821	31.526113242730	260.788717837	30.411236554331	259.533702268	29.594875366432	263.193979384	29.487672999633	258.968591643	29.965548157134	258.1755745	29.171538966135	266.348891026	29.368528282736	257.273241393	29.53013297237	258.636561747	29.719650462538	255.557040027	28.784401912139	256.070519084	29.151825369940	254.736470605	28.617724051341	254.261179679	28.466424549142	260.493892496	30.050207284943	255.099868262	28.959886273944	253.57542812	28.3396126547

{'test': [38.209671178305307,
          36.620512038976912,
          34.299117431833238,
          33.966479572801255,
          34.612879268360913,
          34.169097773141701,
          33.867258965007352,
          33.114021324036585,
          33.304975537638093,
          33.211487202544035,
          32.403761265433211,
          33.746025378825394,
          32.042541656034686,
          31.845982521778833,
          32.735230748018914,
          31.678277246852822,
          31.545274782636255,
          32.971837900150689,
          31.370929266572418,
          31.482452817342761,
          32.314639264679933,
          30.930104216115573,
          32.918212378284139,
          31.001724801029116,
          30.48544301489666,
          30.80165593073658,
          30.646321916339751,
          30.248661517318919,
          30.325453645092644,
          31.526113242691995,
          30.411236554317991,
          29.594875366448637,
          29.487672999627026,
          29.965548157143186,
          29.171538966105363,
          29.368528282733319,
          29.530132971956526,
          29.719650462493146,
          28.784401912069743,
          29.151825369872142,
          28.617724051250381,
          28.466424549114599,
          30.050207284854739,
          28.959886273922351,
          28.339612654742503],
 'train': [299.64556884193632,
           296.37206338301104,
           295.93750770627531,
           289.14744669948902,
           282.97803782420795,
           280.06680951159126,
           302.24761530391453,
           276.43190735575888,
           275.05708848109509,
           273.79707088078891,
           274.47824340352275,
           275.29976898530106,
           275.67973039248784,
           272.95232326264994,
           270.55619585447948,
           270.62389687940316,
           268.72145431055435,
           271.96108269720725,
           266.60977554958134,
           277.87662203101888,
           268.75230280109605,
           265.39679843119035,
           273.36921259225664,
           263.63005830343388,
           265.02310432572597,
           262.69333854789033,
           273.53048291029302,
           261.59389376254944,
           260.95203134332019,
           266.10435982091309,
           260.7887178374674,
           259.5337022677752,
           263.1939793842127,
           258.96859164253266,
           258.1755744996471,
           266.34889102644888,
           257.27324139252642,
           258.63656174711912,
           255.55704002677163,
           256.07051908413933,
           254.73647060542805,
           254.26117967940047,
           260.49389249564462,
           255.09986826237676,
           253.57542812038326]}


epoch	train err	test err0	305.877065557	34.68362921351	297.328482978	34.54136098652	285.430931847	34.50915150143	280.763415238	34.19503913224	277.612621087	34.11266928655	273.340941388	34.82358916756	271.055595984	34.80072391527	268.291647811	34.58578414588	273.064023093	35.85262643469	267.478015829	35.009768567910	265.563135701	34.008326713911	264.735374906	33.955992163512	263.932341138	34.827889790613	266.993642064	35.449725692214	262.344212295	33.812686467315	263.89930619	33.647663603716	262.789074113	33.632650188517	261.121842928	34.767378915618	258.089283366	34.124436673319	257.306942977	34.314802381420	257.552070595	34.293525152421	256.990895734	33.544907448422	256.499994694	34.293251093623	258.738936122	34.667180733924	254.496403941	34.075335074325	276.708832936	33.914545540726	253.132202684	33.946087516227	252.328687166	33.702903143728	275.379218538	33.776019064929	252.549228457	33.386443086730	253.614173211	34.495881832331	252.235007706	33.277505379332	251.34124278	33.261364498433	256.166795328	33.136552751534	262.729497381	33.22721244735	252.873605446	32.966505122436	249.331870395	33.52317206137	259.354868896	32.956202874638	259.433100399	32.9066236239	247.925635601	33.217981833240	257.259220953	32.858849449241	255.34745473	35.041268434642	247.764635493	32.853804452843	247.92661848	32.741254155844	250.800349897	33.9780744713

{'test': [34.68362921351558,
          34.541360986534151,
          34.509151501426139,
          34.195039132166649,
          34.11266928651694,
          34.823589167534145,
          34.800723915209666,
          34.585784145827319,
          35.852626434588942,
          35.009768567907877,
          34.008326713852796,
          33.955992163543236,
          34.827889790595677,
          35.44972569217289,
          33.812686467332789,
          33.647663603712161,
          33.632650188489265,
          34.767378915604191,
          34.124436673336959,
          34.314802381383764,
          34.293525152406879,
          33.544907448443787,
          34.293251093573971,
          34.667180733861194,
          34.075335074250702,
          33.914545540657898,
          33.946087516224175,
          33.702903143671158,
          33.776019064947349,
          33.38644308670893,
          34.49588183234372,
          33.277505379286254,
          33.261364498414636,
          33.136552751512859,
          33.227212446962845,
          32.966505122402531,
          33.52317206096312,
          32.95620287456191,
          32.906623620036385,
          33.217981833248807,
          32.858849449186984,
          35.041268434630268,
          32.853804452832698,
          32.741254155814204,
          33.978074471315516],
 'train': [305.87706555718506,
           297.32848297774007,
           285.43093184671403,
           280.76341523808196,
           277.61262108704932,
           273.34094138796502,
           271.05559598409144,
           268.29164781064242,
           273.06402309300017,
           267.47801582949631,
           265.5631357010588,
           264.73537490576325,
           263.93234113767221,
           266.99364206381529,
           262.34421229540419,
           263.8993061897728,
           262.78907411292482,
           261.12184292788754,
           258.08928336587701,
           257.30694297679355,
           257.55207059536514,
           256.99089573377813,
           256.49999469445748,
           258.73893612209559,
           254.49640394087274,
           276.7088329363047,
           253.13220268385481,
           252.32868716648397,
           275.37921853812111,
           252.5492284565949,
           253.614173210719,
           252.23500770568796,
           251.3412427802767,
           256.16679532782115,
           262.72949738087743,
           252.87360544610038,
           249.33187039493791,
           259.35486889644255,
           259.4331003993193,
           247.92563560120064,
           257.25922095267191,
           255.34745472958861,
           247.76463549348443,
           247.92661847967128,
           250.80034989681516]}
