

epoch	train err	test err0	310.579790593	33.94233577371	361.64966239	41.51529897792	279.844401084	27.5636739493	312.537755628	35.33673309254	348.861371252	40.20637712415	287.973065729	27.61871347146	283.695099327	31.46249182587	301.630508854	31.67020260618	308.567966803	35.32222999569	265.669116532	27.301497894910	280.745076784	31.422015258811	265.590528458	28.562022499912	274.767337942	26.429255357313	285.113495516	28.100635840714	261.284996498	27.356833393715	261.291890058	27.760644391116	260.934344048	27.559502169517	261.090356682	26.465358843218	264.756450627	28.940473158319	257.921814488	26.863161673120	270.439642181	26.32561277621	256.482542848	27.015394996722	257.764363385	27.793391984323	255.061608166	26.262228688724	255.730588335	25.869352833825	293.437866386	33.925815801226	254.167559315	25.767442768927	252.669935637	26.595402373128	264.941315905	29.824207795229	250.829358007	25.994878798330	250.505003645	26.120400161331	253.629798888	26.439085278832	252.883946265	25.662713874933	248.012119412	25.724559318134	256.399449489	28.620056726735	260.071430278	29.29434390136	245.554587892	26.410249644737	255.33402185	26.679830149138	249.241390407	27.336067364739	249.018116752	27.369813551640	255.724029627	27.051970442541	264.095015783	30.103764210142	245.601518831	27.563475605643	249.384652874	27.86875421744	258.032206428	29.465380302545	241.574230797	26.140442357646	248.141539364	26.881561002547	248.995813367	27.938307011948	248.452006596	26.01443584249	255.626326862	27.823290843450	252.006348408	27.991028081851	238.959796912	26.335716564752	237.434534145	26.809265886653	236.934978863	25.87788086554	244.406210295	27.96317910155	238.076577632	27.598028933656	262.0052122	28.898979110257	238.129445394	27.366618334258	237.200962851	26.646153577359	239.248401477	24.923610210460	248.546894791	28.6399633161	244.784681767	28.202269278762	235.199064117	26.081299941363	239.186452866	27.80605405564	280.165093928	33.7784179111

{'test': [33.942335773729646,
          41.51529897790617,
          27.563673949024651,
          35.336733092475399,
          40.206377124123399,
          27.618713471443392,
          31.462491825834149,
          31.670202606064127,
          35.322229995552149,
          27.301497894949129,
          31.42201525879852,
          28.562022499927458,
          26.429255357273846,
          28.100635840652082,
          27.35683339374205,
          27.760644391097347,
          27.55950216946054,
          26.465358843178144,
          28.940473158322877,
          26.863161673080867,
          26.325612776048459,
          27.015394996738575,
          27.793391984273146,
          26.26222868866282,
          25.86935283380517,
          33.925815801165648,
          25.767442768872652,
          26.595402373133449,
          29.824207795170395,
          25.994878798332444,
          26.120400161312677,
          26.439085278762807,
          25.662713874863744,
          25.724559318073915,
          28.620056726665737,
          29.294343901018323,
          26.410249644685855,
          26.67983014906897,
          27.336067364732578,
          27.369813551606782,
          27.051970442467045,
          30.103764210061286,
          27.56347560555481,
          27.868754217031558,
          29.465380302457866,
          26.140442357638236,
          26.881561002473909,
          27.938307011933645,
          26.014435842010535,
          27.823290843439917,
          27.991028081815944,
          26.335716564713422,
          26.809265886590964,
          25.877880864972482,
          27.963179101040723,
          27.598028933593252,
          28.898979110176221,
          27.366618334166464,
          26.646153577289642,
          24.923610210408071,
          28.639963310038361,
          28.202269278715434,
          26.081299941296074,
          27.806054055042338,
          33.778417911073518],
 'train': [310.57979059284821,
           361.64966239019486,
           279.84440108401526,
           312.53775562782425,
           348.86137125216658,
           287.97306572876278,
           283.6950993269225,
           301.63050885440146,
           308.56796680334963,
           265.66911653169933,
           280.74507678396009,
           265.59052845843888,
           274.76733794169394,
           285.1134955155382,
           261.28499649831457,
           261.29189005752693,
           260.93434404838575,
           261.09035668242842,
           264.75645062652063,
           257.92181448791138,
           270.43964218097153,
           256.48254284835559,
           257.76436338476094,
           255.06160816553458,
           255.73058833542953,
           293.43786638564336,
           254.16755931476121,
           252.66993563682729,
           264.94131590482715,
           250.82935800691445,
           250.50500364540827,
           253.62979888836438,
           252.88394626484404,
           248.01211941222152,
           256.39944948940649,
           260.07143027756661,
           245.55458789182313,
           255.3340218504095,
           249.24139040727874,
           249.01811675173298,
           255.72402962731206,
           264.09501578253071,
           245.60151883116089,
           249.38465287424114,
           258.03220642823993,
           241.57423079694399,
           248.14153936404227,
           248.99581336654992,
           248.45200659572888,
           255.62632686160603,
           252.00634840772889,
           238.95979691160898,
           237.43453414469451,
           236.93497886265163,
           244.40621029501168,
           238.07657763151312,
           262.00521219980754,
           238.12944539449504,
           237.20096285086504,
           239.24840147665273,
           248.54689479074443,
           244.78468176747197,
           235.19906411678733,
           239.18645286567664,
           280.16509392817318]}


epoch	train err	test err0	279.46319453	36.24940333361	286.61617876	39.74926292752	279.137104286	32.16251256413	273.697329534	35.44718282344	277.019687421	37.24698175485	280.324872752	31.8771005156	279.680273866	39.03502826917	278.378732533	38.93202626098	264.771396405	31.43869915789	266.684728046	35.339023713210	260.260118463	31.878452240211	298.573566742	32.977862996112	260.532634766	31.388007621413	341.940199081	35.753562192214	261.391749128	34.416160676815	287.939259072	42.10670096716	281.738518132	40.664295252117	256.338584852	32.613825407818	281.87984547	31.674933940219	257.572890348	33.858615390420	254.987915624	32.680726706521	287.227295512	31.943486303222	258.649128668	34.524985428623	253.666948002	32.177706497824	251.501502549	31.046342738825	273.286493738	30.931789246126	253.082794661	30.503391803927	249.396812986	31.388046750528	251.233041708	33.041114586229	275.564820058	31.046573707430	247.560185132	31.454638778731	248.580875081	30.596043324632	247.476202514	31.76894192833	246.291223359	30.979237063934	254.493460102	34.737517729835	249.748680405	33.421031195936	258.519831525	35.657942646837	246.717316573	30.251050421338	267.77648392	30.694866253239	250.762879371	33.595877380340	251.208822709	34.34001184641	245.781884697	30.068275518142	251.576761421	34.612849895643	257.534397078	29.929666900844	242.667883995	30.647976896645	243.334392497	32.144283173946	242.934109243	30.046939218647	240.671041453	30.851177992648	242.940727963	31.948244542249	244.329822696	32.763863916850	239.783215246	30.08194125151	269.86530788	30.43947518652	242.702806908	29.484998277253	242.388476586	32.704565106754	244.944551377	33.163026749755	241.622648477	29.34034714356	236.957997511	30.055721313257	238.914208718	29.419269898258	237.143677434	30.550453992359	247.562043003	29.342793287860	241.970295994	32.929872190461	270.19226865	29.906680865562	245.211792823	33.725362824163	235.386438259	30.314626406864	311.477302486	32.4246739664

{'test': [36.249403333596767,
          39.749262927500347,
          32.162512564056925,
          35.447182823442539,
          37.246981754779796,
          31.877100514994972,
          39.035028269092209,
          38.932026260857214,
          31.438699157754495,
          35.339023713249176,
          31.878452240202542,
          32.977862996094942,
          31.38800762140249,
          35.753562192227768,
          34.416160676821846,
          42.106700966950143,
          40.664295252113924,
          32.613825407766946,
          31.674933940218551,
          33.858615390407216,
          32.680726706450514,
          31.943486303171142,
          34.524985428616318,
          32.177706497782573,
          31.046342738803592,
          30.931789246063374,
          30.503391803933823,
          31.38804675054493,
          33.041114586206255,
          31.046573707396583,
          31.454638778731439,
          30.596043324582585,
          31.768941927993922,
          30.979237063936246,
          34.737517729815295,
          33.421031195870846,
          35.657942646774494,
          30.251050421306392,
          30.694866253186966,
          33.595877380329924,
          34.340011846040255,
          30.068275518091578,
          34.61284989562607,
          29.929666900771938,
          30.647976896553661,
          32.144283173911859,
          30.046939218648966,
          30.851177992613458,
          31.948244542180802,
          32.763863916752584,
          30.08194125104534,
          30.439475186044948,
          29.484998277226133,
          32.70456510674633,
          33.163026749699455,
          29.340347142965683,
          30.055721313201431,
          29.419269898245577,
          30.55045399227852,
          29.342793287778814,
          32.929872190364911,
          29.906680865546686,
          33.72536282408425,
          30.314626406759558,
          32.424673966417927],
 'train': [279.46319453036102,
           286.61617876012889,
           279.13710428626081,
           273.69732953405713,
           277.01968742065696,
           280.32487275225049,
           279.68027386601716,
           278.37873253300006,
           264.77139640498558,
           266.68472804604778,
           260.26011846315754,
           298.57356674246955,
           260.5326347656474,
           341.9401990810083,
           261.39174912764338,
           287.93925907180136,
           281.73851813203567,
           256.33858485199164,
           281.87984547024695,
           257.57289034815273,
           254.98791562373401,
           287.22729551181891,
           258.6491286675373,
           253.66694800172306,
           251.50150254857815,
           273.28649373800562,
           253.08279466111878,
           249.39681298559191,
           251.23304170830048,
           275.56482005828502,
           247.5601851320356,
           248.58087508114696,
           247.47620251447117,
           246.29122335875158,
           254.49346010237272,
           249.7486804050219,
           258.51983152501532,
           246.71731657275893,
           267.77648391992011,
           250.76287937055307,
           251.20882270885488,
           245.78188469696181,
           251.57676142076008,
           257.5343970779407,
           242.6678839948496,
           243.33439249742688,
           242.93410924310075,
           240.67104145260188,
           242.94072796310869,
           244.32982269625646,
           239.78321524564001,
           269.86530788000516,
           242.7028069082541,
           242.38847658637872,
           244.94455137650164,
           241.62264847659685,
           236.95799751133399,
           238.91420871772644,
           237.14367743360978,
           247.56204300303008,
           241.97029599429342,
           270.19226865001843,
           245.21179282305349,
           235.38643825902801,
           311.47730248614403]}


epoch	train err	test err0	309.567793563	34.30035859361	292.926356094	37.20907660972	288.403238306	36.63120480873	304.494939542	37.83555217654	298.055144475	37.24405212745	265.65245963	31.56839738316	297.523590355	33.65518188147	272.652807513	34.03623916828	320.383823692	36.14603323449	260.451245731	30.517549716110	354.079870171	39.394409170811	260.373444179	30.36902521912	258.716261602	30.330387955913	278.481117385	31.77523832314	282.222710022	32.176560865215	271.817731424	33.572213662616	275.272108938	31.415040224817	258.001343115	31.594263459318	255.488515947	30.989105354219	253.156895947	30.06598610220	253.931427201	29.784796148321	267.562303138	32.762958955822	277.635688275	31.514307165623	252.061120581	29.560997595524	250.546901566	30.193982790825	260.341327629	30.004912267926	251.83405071	30.547790159427	273.840649541	33.322564073528	268.016376538	30.623290611729	246.729988263	29.181396613330	250.303795112	29.118394967931	256.32461772	29.479118743332	247.455814562	29.70489972633	260.993711931	31.396900912434	250.997773425	30.238044476635	250.447863664	28.992154727536	248.025748307	28.948142574437	258.556535088	31.076288662638	258.023945015	29.448186090239	249.75455919	28.857616485640	255.47393131	30.687002070241	263.308390026	31.664416594842	254.879468769	30.330873221943	243.819392185	28.915753198944	266.341584495	30.020391844645	246.295759889	28.245096199646	248.759666358	29.525252560647	246.324956009	28.889483976148	243.3307668	27.890221844349	241.214052296	27.821544137350	238.884148868	27.651991200751	241.894989885	28.542445882952	247.330081684	28.031627365553	244.063320913	28.914669259454	246.106202665	27.942907288855	258.461776301	30.85887673156	238.692907245	27.697556189357	237.011321555	27.190637835758	238.495735364	27.315473173559	244.543263183	28.443778978960	239.48473344	27.931658981961	258.426172684	30.374029189362	237.911400497	26.911914031363	235.843858234	27.145110628664	235.378352152	26.7617872525

{'test': [34.30035859361324,
          37.209076609680338,
          36.631204808687805,
          37.835552176481606,
          37.244052127432241,
          31.568397383064784,
          33.655181881408581,
          34.036239168200403,
          36.146033234364559,
          30.517549716138731,
          39.394409170765684,
          30.369025218966108,
          30.330387955860378,
          31.775238322963904,
          32.176560865204635,
          33.572213662589867,
          31.415040224817659,
          31.594263459262489,
          30.989105354150997,
          30.065986101958181,
          29.784796148344721,
          32.762958955768191,
          31.51430716558372,
          29.560997595483041,
          30.19398279080292,
          30.004912267874076,
          30.547790159423482,
          33.322564073510428,
          30.623290611670079,
          29.181396613299061,
          29.118394967945832,
          29.479118743319177,
          29.704899726003632,
          31.396900912361517,
          30.238044476613222,
          28.992154727464648,
          28.948142574360162,
          31.076288662556145,
          29.448186090220215,
          28.857616485600929,
          30.687002070172849,
          31.664416594835323,
          30.330873221871443,
          28.915753198940497,
          30.020391844608952,
          28.245096199586349,
          29.525252560579382,
          28.889483976056507,
          27.890221844282756,
          27.821544137306994,
          27.651991200700984,
          28.542445882898058,
          28.031627365507088,
          28.914669259395552,
          27.942907288781548,
          30.858876731028005,
          27.6975561892855,
          27.19063783565003,
          27.315473173508494,
          28.443778978886186,
          27.931658981945052,
          30.374029189316833,
          26.911914031349824,
          27.145110628584117,
          26.761787252461044],
 'train': [309.56779356326359,
           292.92635609412218,
           288.40323830558015,
           304.49493954164336,
           298.05514447470716,
           265.652459629784,
           297.52359035503076,
           272.6528075126713,
           320.38382369200576,
           260.45124573069444,
           354.07987017120018,
           260.37344417860197,
           258.71626160208285,
           278.48111738479872,
           282.22271002159641,
           271.81773142427875,
           275.27210893832245,
           258.00134311511698,
           255.48851594738997,
           253.15689594701053,
           253.93142720095125,
           267.56230313768566,
           277.635688275142,
           252.06112058140505,
           250.54690156600651,
           260.3413276286397,
           251.83405071031731,
           273.84064954122454,
           268.01637653845381,
           246.72998826331218,
           250.30379511187778,
           256.32461772009594,
           247.45581456156091,
           260.99371193109039,
           250.997773424934,
           250.44786366414695,
           248.02574830745706,
           258.55653508824332,
           258.02394501504688,
           249.75455919033854,
           255.47393130981055,
           263.30839002579739,
           254.87946876917698,
           243.81939218473502,
           266.34158449491935,
           246.29575988869101,
           248.75966635764044,
           246.32495600855006,
           243.33076680036109,
           241.21405229623502,
           238.88414886758318,
           241.89498988460895,
           247.33008168444019,
           244.06332091282377,
           246.10620266478236,
           258.4617763005578,
           238.69290724545442,
           237.01132155515,
           238.49573536385401,
           244.54326318322947,
           239.48473344002048,
           258.4261726838501,
           237.91140049651642,
           235.84385823449668,
           235.37835215168619]}
