

epoch	train err	test err0	311.19460296	34.65373759141	306.298895404	33.69759165522	301.703227018	32.34794255923	306.290568081	32.82206249824	295.354750679	30.60176088125	289.415202556	29.22910159776	285.869890625	28.86404761197	280.304991322	27.13411070968	281.99889824	26.41146192569	274.214138431	26.204389290610	274.570791698	26.958437634711	272.21390973	25.35342302812	271.852331433	25.173034812213	267.651738785	25.587554261614	267.040552055	24.957932406515	286.365471294	28.669940188616	264.704680104	25.259380616117	264.285312641	24.77804807318	267.463602818	25.809169300719	275.038724074	26.905189171620	261.890217853	24.330681224321	261.465807537	24.144434357722	259.725728482	24.495120829823	260.218738016	24.623563947924	266.566749657	25.623810161525	258.451940026	23.998665990226	257.019162918	23.838565652527	256.205314265	23.777110092728	255.61193131	23.718882772129	278.050875547	26.895729523630	258.017990463	24.291980913131	258.869199342	24.368334737132	272.615868419	26.072856310533	253.670582	23.618852533234	273.26976319	24.839191066335	263.56617738	23.937021687636	255.302451198	23.822905384737	254.799466437	23.777648852638	250.806215051	23.017863021839	250.510980319	22.862784886540	279.194860965	26.598506067341	253.64007404	22.925298421342	249.512834461	22.907689867143	249.609391612	23.056279765944	251.547249389	22.77433157945	248.120847147	22.557949243446	251.085835232	22.72925401747	253.901887996	23.412793162748	253.761783503	23.453089017449	251.963090447	22.626392509850	263.654284505	23.452326520451	246.236563169	22.225680150652	296.937455744	28.572525741153	245.953415165	22.283404048254	250.073009995	22.939242268655	250.850615876	23.015987611256	250.747391633	22.333818900357	267.529445259	25.060753047858	275.09079106	25.942796976259	245.352437927	21.90315780260	246.608545002	21.936524803261	254.171771561	22.441979144462	247.933076996	21.933952410463	251.046420166	22.905992724264	249.443694189	22.663564055365	257.412739238	22.582877950366	243.777484977	21.653229159567	243.668923079	21.581324221768	243.059906677	21.587105492869	258.785485409	23.821648867270	245.108441426	21.600973453571	261.317186099	22.840340113672	269.750429156	25.182619573173	242.932522282	21.679430583874	246.84832294	21.64631310475	247.08984015	21.65136763876	242.705342456	21.610359707477	258.994849827	22.532068757278	252.291836775	22.990530996479	244.02228632	21.878860035480	241.187030766	21.291373992681	244.185675184	21.460292815182	247.944671271	21.688929160283	249.005953634	22.676014125784	241.082770855	21.4555232071

{'test': [34.653737591439054,
          33.697591655233651,
          32.347942559239733,
          32.82206249818293,
          30.601760881238782,
          29.229101597732761,
          28.86404761187346,
          27.134110709560552,
          26.411461925618063,
          26.204389290615367,
          26.958437634711746,
          25.353423027992093,
          25.17303481216377,
          25.587554261550171,
          24.957932406522435,
          28.66994018861703,
          25.25938061609143,
          24.778048072999521,
          25.809169300709975,
          26.905189171563471,
          24.330681224288607,
          24.144434357747372,
          24.495120829813931,
          24.623563947893899,
          25.62381016154329,
          23.998665990238337,
          23.838565652466151,
          23.777110092672746,
          23.718882772079127,
          26.895729523630596,
          24.291980913130399,
          24.368334737110345,
          26.072856310496022,
          23.618852533163494,
          24.839191066326752,
          23.937021687631738,
          23.822905384729349,
          23.777648852640183,
          23.017863021788443,
          22.862784886523261,
          26.598506067324728,
          22.925298421349467,
          22.90768986709023,
          23.056279765850753,
          22.774331578989539,
          22.557949243438031,
          22.729254016969435,
          23.412793162683709,
          23.453089017416517,
          22.626392509832833,
          23.452326520363069,
          22.22568015059576,
          28.572525741147327,
          22.283404048212713,
          22.939242268550334,
          23.015987611220705,
          22.333818900253824,
          25.060753047832772,
          25.942796976242974,
          21.903157802008202,
          21.936524803211476,
          22.441979144424277,
          21.933952410417191,
          22.90599272422601,
          22.6635640552932,
          22.58287795032404,
          21.653229159527616,
          21.581324221686295,
          21.587105492836564,
          23.821648867182322,
          21.600973453468786,
          22.840340113614772,
          25.182619573107594,
          21.679430583819489,
          21.646313104046225,
          21.651367637969198,
          21.610359707434075,
          22.532068757183005,
          22.990530996363525,
          21.878860035426875,
          21.291373992615725,
          21.460292815061315,
          21.688929160220855,
          22.676014125749379,
          21.455523207056693],
 'train': [311.19460296033327,
           306.29889540394424,
           301.70322701764019,
           306.29056808130611,
           295.35475067882123,
           289.41520255561664,
           285.86989062540977,
           280.30499132197264,
           281.99889824011638,
           274.21413843133752,
           274.5707916979469,
           272.21390972958284,
           271.85233143290014,
           267.65173878514423,
           267.04055205543193,
           286.36547129402209,
           264.70468010431614,
           264.28531264085109,
           267.4636028177398,
           275.03872407371267,
           261.89021785349354,
           261.46580753688829,
           259.72572848178152,
           260.21873801574941,
           266.56674965668918,
           258.45194002554274,
           257.01916291800302,
           256.20531426473366,
           255.61193131049589,
           278.05087554674378,
           258.017990462694,
           258.86919934160272,
           272.61586841896684,
           253.67058199982631,
           273.26976318973772,
           263.56617737981605,
           255.30245119774989,
           254.79946643742878,
           250.80621505112097,
           250.51098031921316,
           279.19486096536298,
           253.64007404007882,
           249.51283446092191,
           249.60939161163401,
           251.54724938908828,
           248.12084714744392,
           251.08583523219258,
           253.90188799624306,
           253.76178350348061,
           251.96309044720869,
           263.65428450525229,
           246.2365631690935,
           296.93745574388487,
           245.95341516517982,
           250.07300999487774,
           250.85061587564118,
           250.7473916331503,
           267.52944525893048,
           275.09079106024353,
           245.35243792704478,
           246.60854500243431,
           254.17177156081382,
           247.93307699629182,
           251.04642016555263,
           249.4436941893926,
           257.41273923810758,
           243.77748497695023,
           243.66892307911607,
           243.05990667693001,
           258.78548540863562,
           245.10844142645078,
           261.31718609936513,
           269.75042915598686,
           242.93252228188209,
           246.84832293971658,
           247.08984014972282,
           242.70534245563192,
           258.99484982738545,
           252.29183677469427,
           244.02228631986975,
           241.18703076622853,
           244.18567518406181,
           247.94467127109161,
           249.00595363440846,
           241.08277085466725]}


epoch	train err	test err0	304.617854191	33.29581767871	300.666640369	33.10707903582	290.072502361	32.86304782673	288.730383829	32.51581747984	282.745624992	32.16311074085	271.184572668	31.90268394486	268.455788303	31.76028540157	267.703207804	32.48767624648	265.316742929	31.50520751489	271.439358203	33.639710525410	265.697620536	32.697546252711	268.495634263	33.494162428712	259.883290326	31.698649700313	262.888181085	31.295312977214	260.508815539	31.187569519215	279.227792382	32.808716859116	263.832933838	32.982683655617	255.690005479	31.084393477218	255.404046523	30.963224050419	254.388525778	30.811652418120	253.137065086	30.935203662321	259.405835532	32.363202348122	281.165987043	33.322583148523	250.599386198	30.811738178524	252.755865505	31.508546315925	285.144467615	34.228867097526	261.706848469	31.634790620627	250.518619673	30.572302807528	247.522284437	30.295383097329	246.787364517	30.476049771930	246.94658873	30.370753822331	261.419393185	33.125688684632	247.572865788	30.354243979933	263.691764483	32.103286005134	244.571597431	30.408316703135	243.736910118	30.120604288436	242.687393476	30.125031702637	246.820780576	30.360224443538	241.923049994	29.958282093839	250.974008555	30.82438892440	247.911371253	31.236924215741	253.406071383	32.106627367642	240.971994963	29.976901946843	249.351309537	31.49039179844	241.235775726	30.012112503145	239.03913465	29.960022056546	242.102905263	30.481903799647	245.058492151	30.942874083348	238.498901941	29.732695141749	249.108431769	30.963995027450	238.477987576	29.928127172951	241.495741608	30.18568968552	253.386738201	31.593771138453	251.765317334	31.413795920654	239.733765091	30.235038199655	236.085846628	29.64800287756	236.254694462	29.739779117157	235.44329153	29.57343337658	235.644243403	29.721524410259	257.345583001	32.903474965860	246.112023491	31.307497466861	251.900848683	32.117453366462	234.633675905	29.659141225263	234.978079765	29.679190141564	244.294563993	30.705951379665	244.14140425	30.679674759766	234.62258742	29.590683204367	242.14016768	30.559053699468	233.22423398	29.461382382969	243.317302619	30.608289590770	235.692946522	29.66082470771	233.338088639	29.576950676972	244.964559214	30.84413858173	232.72038343	29.474443784174	239.202204344	30.442393292575	246.94580095	31.209018787276	232.064727266	29.42190399377	233.837314052	29.639082699878	232.784960878	29.532773743179	233.390876749	29.553876084680	240.044701757	30.603800081281	232.523414759	29.377544528982	249.310032739	31.89556156883	233.665169668	29.55210218884	231.484910419	29.3262098555

{'test': [33.295817678702683,
          33.107079035782007,
          32.863047826689368,
          32.515817479848366,
          32.163110740782805,
          31.902683944780708,
          31.760285401471588,
          32.487676246429601,
          31.505207514826264,
          33.639710525419595,
          32.697546252703596,
          33.494162428716137,
          31.698649700320647,
          31.295312977214365,
          31.187569519221189,
          32.808716859061136,
          32.982683655575109,
          31.08439347722279,
          30.963224050433812,
          30.811652418137133,
          30.935203662299411,
          32.363202348104203,
          33.322583148460133,
          30.811738178533911,
          31.50854631592874,
          34.228867097537453,
          31.634790620554782,
          30.572302807500108,
          30.295383097311184,
          30.47604977192924,
          30.370753822341861,
          33.125688684644857,
          30.35424397992395,
          32.10328600506115,
          30.408316703085919,
          30.120604288368565,
          30.125031702569341,
          30.360224443512426,
          29.958282093835521,
          30.824388923958359,
          31.236924215725676,
          32.106627367566681,
          29.976901946804897,
          31.49039179801192,
          30.012112503111851,
          29.960022056451336,
          30.481903799584011,
          30.942874083284917,
          29.732695141719645,
          30.963995027372086,
          29.928127172883926,
          30.185689685022794,
          31.593771138427893,
          31.413795920570024,
          30.235038199563267,
          29.648002877009112,
          29.739779117055132,
          29.573433376040629,
          29.721524410166559,
          32.903474965794956,
          31.307497466792469,
          32.117453366424407,
          29.659141225194212,
          29.679190141463717,
          30.705951379647395,
          30.679674759654741,
          29.590683204304721,
          30.559053699423764,
          29.461382382878249,
          30.60828959069848,
          29.66082470700329,
          29.57695067688509,
          30.844138581027032,
          29.474443784082375,
          30.44239329245621,
          31.209018787201526,
          29.421903992950707,
          29.639082699768853,
          29.532773743115513,
          29.553876084635252,
          30.603800081181838,
          29.37754452893148,
          31.895561567969672,
          29.552102188013656,
          29.326209855459979],
 'train': [304.61785419052285,
           300.66664036908594,
           290.07250236143642,
           288.73038382932759,
           282.74562499224567,
           271.18457266822986,
           268.45578830305863,
           267.70320780397606,
           265.31674292911634,
           271.43935820269701,
           265.69762053645042,
           268.49563426274665,
           259.88329032626615,
           262.88818108472583,
           260.50881553873415,
           279.22779238188201,
           263.83293383802089,
           255.6900054792101,
           255.4040465227622,
           254.38852577759002,
           253.13706508580316,
           259.40583553206244,
           281.16598704269018,
           250.59938619829188,
           252.7558655051138,
           285.14446761532889,
           261.70684846861195,
           250.51861967270187,
           247.5222844369687,
           246.78736451725337,
           246.94658873030204,
           261.41939318519087,
           247.57286578763464,
           263.69176448349981,
           244.57159743060822,
           243.73691011838324,
           242.68739347626666,
           246.82078057616877,
           241.9230499938715,
           250.97400855463496,
           247.91137125278055,
           253.40607138299265,
           240.97199496297998,
           249.35130953724507,
           241.23577572633238,
           239.03913465018726,
           242.10290526346864,
           245.05849215102785,
           238.49890194095161,
           249.10843176860874,
           238.47798757647789,
           241.49574160810528,
           253.38673820105515,
           251.7653173341937,
           239.73376509104287,
           236.08584662808136,
           236.25469446227876,
           235.44329153032453,
           235.64424340283725,
           257.34558300064776,
           246.11202349067796,
           251.90084868313505,
           234.63367590537948,
           234.97807976503228,
           244.29456399334848,
           244.14140424962957,
           234.62258742017838,
           242.14016768022464,
           233.22423398000362,
           243.31730261941669,
           235.69294652222339,
           233.33808863905352,
           244.96455921408818,
           232.72038342977319,
           239.2022043439174,
           246.94580095038145,
           232.06472726576754,
           233.83731405241934,
           232.78496087810993,
           233.39087674901265,
           240.04470175708769,
           232.52341475927039,
           249.31003273945981,
           233.66516966797508,
           231.4849104188807]}


epoch	train err	test err0	313.140812157	35.82366089191	302.883223935	35.44983940552	291.398796251	35.221068753	287.539194828	36.29904982134	281.692598022	35.26322804655	278.194680334	34.69712865346	276.112448686	34.33819885147	273.217625001	33.38275818518	272.009023592	33.08467174119	268.570450005	31.26765305610	269.957859595	32.525093341211	270.487050936	29.343563679212	265.015827345	30.081392963113	264.054995843	29.624244178714	265.151239015	31.105383297515	262.686077424	28.813294839716	262.560368678	28.65025196417	276.995095616	29.451158857718	261.420886462	30.227275166219	262.728846491	28.228842122220	260.388580963	28.202048947721	260.77917828	30.49267895422	256.313356208	28.724071698723	256.005832982	28.217624861424	256.255139496	29.298554570725	257.686542722	29.937955694726	254.69109436	27.735502982627	252.440397106	27.962224009928	259.191072316	30.674170879329	253.915464491	29.281022816930	252.334562943	27.572059981931	260.041408225	27.931524026732	252.566857675	27.427746675233	258.36916963	27.811584748434	250.977712826	27.351599611235	247.792000134	27.380217958536	248.812811682	28.466351997137	251.060957264	29.245475192738	247.231265588	27.153979540739	253.992050298	27.510826114740	244.967554063	27.473140444641	254.276842479	27.539809776842	246.133917528	27.057110931543	243.601028272	27.259316955244	243.516874067	27.684382737445	256.828060909	31.277135458446	242.78618216	27.727333070847	247.033376798	27.142814831448	254.448350654	27.737882108149	242.175047142	26.999288867750	243.823916683	28.534960255251	240.444059536	27.079015851852	347.039663599	38.138822766653	246.935937201	29.507011631454	240.072702436	27.685536043555	239.062335377	27.123339707856	238.955754877	27.469926232257	239.028118222	27.659936137158	243.999107179	29.123117601759	238.657700517	27.004665835260	245.238609628	29.548994171261	239.554212894	28.173191846862	239.391287664	26.975344889363	238.49482176	27.995276726264	244.452476553	29.524878894665	237.746387181	27.89054905466	236.263317596	27.160210924567	251.509149491	27.88711572868	284.599387737	31.377601784569	244.293728121	27.288772123370	277.074824035	30.586705236771	238.794466038	28.455673436972	236.861069408	27.958189456773	243.290358115	29.552842839974	235.390561045	26.996850704975	241.876311605	27.210837375276	243.788294119	27.374480949477	234.644824703	27.074349281778	235.110831552	27.681329928779	236.253053506	28.076779398180	240.935820868	29.233216970181	253.764586608	28.331700084482	240.718841241	29.21945045683	255.608104024	32.249466494484	234.689677354	27.8198587298

{'test': [35.823660891943128,
          35.449839405454888,
          35.22106874998164,
          36.299049821328857,
          35.263228046483583,
          34.697128653414204,
          34.338198851377584,
          33.382758185086495,
          33.084671741108728,
          31.267653056030568,
          32.52509334118114,
          29.343563679212249,
          30.081392963146161,
          29.624244178683078,
          31.105383297463511,
          28.813294839683056,
          28.65025196401114,
          29.451158857673658,
          30.227275166226729,
          28.228842122172061,
          28.202048947650272,
          30.492678953982818,
          28.724071698746879,
          28.217624861381776,
          29.298554570656069,
          29.93795569467358,
          27.735502982573237,
          27.962224009908031,
          30.674170879283274,
          29.281022816935867,
          27.572059981881054,
          27.931524026737229,
          27.427746675198666,
          27.811584748416571,
          27.351599611203895,
          27.380217958490633,
          28.466351997114621,
          29.245475192694151,
          27.153979540742142,
          27.510826114732133,
          27.473140444647481,
          27.539809776784789,
          27.057110931455394,
          27.259316955171776,
          27.6843827373762,
          31.277135458417042,
          27.727333070820467,
          27.142814831420417,
          27.737882108143687,
          26.99928886766569,
          28.534960255205046,
          27.079015851840115,
          38.138822766604825,
          29.507011631437788,
          27.685536043536306,
          27.123339707753207,
          27.469926232234563,
          27.65993613706906,
          29.123117601712963,
          27.004665835205177,
          29.548994171235986,
          28.173191846811136,
          26.975344889299308,
          27.995276726172591,
          29.524878894649962,
          27.890549053968293,
          27.160210924479301,
          27.887115727963998,
          31.377601784476791,
          27.288772123265314,
          30.586705236718103,
          28.455673436902934,
          27.958189456655891,
          29.552842839879602,
          26.996850704891305,
          27.210837375216045,
          27.374480949366664,
          27.074349281732562,
          27.681329928739867,
          28.0767793980649,
          29.23321697012841,
          28.331700084371345,
          29.219450455990199,
          32.24946649444427,
          27.819858729779352],
 'train': [313.14081215660821,
           302.88322393493695,
           291.39879625054158,
           287.53919482803678,
           281.69259802152175,
           278.19468033387045,
           276.11244868599852,
           273.21762500082718,
           272.00902359183294,
           268.57045000451575,
           269.95785959496817,
           270.48705093629673,
           265.01582734538755,
           264.05499584329192,
           265.15123901490568,
           262.68607742394795,
           262.56036867842204,
           276.99509561578066,
           261.42088646201813,
           262.72884649094783,
           260.3885809626907,
           260.77917828011329,
           256.31335620823432,
           256.00583298225826,
           256.25513949633006,
           257.68654272235193,
           254.69109436002248,
           252.44039710603937,
           259.19107231616817,
           253.91546449118906,
           252.33456294259591,
           260.04140822525136,
           252.56685767516433,
           258.36916962996349,
           250.97771282602804,
           247.79200013426788,
           248.81281168159347,
           251.06095726435365,
           247.23126558803403,
           253.99205029755973,
           244.96755406306087,
           254.2768424785076,
           246.13391752834522,
           243.60102827158838,
           243.51687406714248,
           256.82806090898407,
           242.78618216021295,
           247.03337679760912,
           254.44835065395011,
           242.17504714166191,
           243.8239166834089,
           240.44405953628748,
           347.03966359889694,
           246.9359372013991,
           240.07270243568115,
           239.06233537709136,
           238.95575487654884,
           239.02811822163028,
           243.99910717936621,
           238.65770051685038,
           245.2386096284919,
           239.55421289392646,
           239.39128766441888,
           238.49482175998898,
           244.45247655314029,
           237.74638718076588,
           236.26331759636446,
           251.50914949119908,
           284.5993877372224,
           244.29372812100956,
           277.07482403474245,
           238.79446603782969,
           236.86106940842635,
           243.29035811479096,
           235.3905610453877,
           241.87631160468433,
           243.78829411892235,
           234.64482470340761,
           235.11083155172307,
           236.25305350564932,
           240.9358208675234,
           253.76458660774594,
           240.71884124148323,
           255.60810402420742,
           234.68967735411167]}
