

epoch	train err	test err0	310.009486571	31.68044538331	300.757782855	29.37884097012	291.985785595	28.68388173233	288.734419567	29.96445586984	305.933806834	33.95967472775	278.942407129	28.78870485436	275.804647451	28.25764028127	283.413585421	30.82181182428	273.417759811	28.11847551419	272.637248356	27.995039795810	273.386950657	27.83675294111	273.308797756	27.794055495812	269.939593136	28.378088171613	268.904805111	28.064752410714	274.089533315	29.920752850615	274.375990686	27.650309314116	266.767985876	28.170165726717	271.285354425	27.510045286518	266.505571	27.52299105319	266.784586907	27.460476283320	265.966547678	27.430596298721	263.361731308	28.268865396622	262.385388335	28.028545796423	265.380593395	29.309328472824	277.259052046	32.22375882925	268.403938493	27.292852671126	274.066364713	31.609253704427	261.798756379	29.03729280228	260.881192579	27.206980694229	258.512637419	27.644760173430	260.321281724	27.194444732631	266.834966614	30.948790720632	259.816805429	29.335824157733	256.766909032	28.459823591534	255.012199745	27.559862784835	260.242565729	30.147860938236	258.484164895	26.763225991937	256.105021869	26.874339045238	260.779780022	26.824927594539	262.00357314	26.891592301740	252.802440909	26.965779665241	251.799583597	28.334368193742	252.200753602	28.890911528543	252.651106952	29.250565957844	249.338923662	27.340687263545	254.047658909	26.741592255946	251.708984694	29.605634949747	270.020035336	27.509259404848	248.08507963	27.351710671749	249.691124743	29.472268074550	246.67576025	27.211185795551	246.21634867	28.311416042252	245.59421922	27.351009971553	245.496287969	27.188156820754	244.801256894	27.272864149455	251.951805304	26.863646911156	244.887392208	27.152161513157	258.928672942	26.992033348258	252.204592069	31.418021061559	255.545805735	26.880667982660	242.450115779	28.42090832461	242.205204158	28.324363321362	251.149274614	26.761403870863	292.355972451	39.538785471164	243.951181639	29.685149827

{'test': [31.680445383279423,
          29.378840970089815,
          28.683881732289251,
          29.964455869794747,
          33.959674727714351,
          28.788704854293272,
          28.257640281189346,
          30.821811824207192,
          28.118475514093159,
          27.995039795831023,
          27.836752941017437,
          27.794055495765409,
          28.378088171636339,
          28.06475241072458,
          29.920752850610207,
          27.650309314086982,
          28.170165726677276,
          27.510045286524228,
          27.522991053004162,
          27.460476283314794,
          27.430596298723891,
          28.268865396573922,
          28.028545796447389,
          29.309328472774279,
          32.223758828976315,
          27.292852671102903,
          31.609253704350078,
          29.037292801990827,
          27.206980694216462,
          27.6447601734295,
          27.194444732577843,
          30.948790720573065,
          29.335824157715575,
          28.459823591540417,
          27.559862784780552,
          30.147860938238054,
          26.763225991924212,
          26.874339045177965,
          26.824927594453857,
          26.891592301703866,
          26.965779665156894,
          28.334368193699291,
          28.890911528455515,
          29.250565957838301,
          27.340687263542133,
          26.741592255914188,
          29.605634949709149,
          27.509259404778454,
          27.351710671684501,
          29.472268074538185,
          27.211185795531563,
          28.311416042229315,
          27.351009971465622,
          27.188156820749825,
          27.272864149429815,
          26.863646911122395,
          27.152161513135077,
          26.992033348236006,
          31.418021061523444,
          26.880667982641739,
          28.420908323969126,
          28.324363321344133,
          26.761403870813819,
          39.538785471139228,
          29.685149826963698],
 'train': [310.00948657097098,
           300.75778285470653,
           291.98578559484554,
           288.73441956733058,
           305.9338068338904,
           278.942407129353,
           275.8046474509058,
           283.41358542055769,
           273.41775981105241,
           272.6372483564212,
           273.38695065709533,
           273.30879775637982,
           269.93959313635207,
           268.90480511084422,
           274.08953331516688,
           274.37599068625707,
           266.76798587589172,
           271.2853544252813,
           266.50557100001834,
           266.78458690749034,
           265.96654767814351,
           263.36173130785573,
           262.38538833545698,
           265.38059339517582,
           277.25905204556261,
           268.40393849287904,
           274.06636471310958,
           261.79875637863296,
           260.88119257870289,
           258.51263741899191,
           260.32128172360791,
           266.8349666139901,
           259.81680542889433,
           256.76690903218463,
           255.01219974511804,
           260.24256572891136,
           258.48416489460374,
           256.10502186895604,
           260.77978002248284,
           262.0035731400821,
           252.80244090942145,
           251.79958359662697,
           252.20075360170779,
           252.65110695181215,
           249.33892366182383,
           254.04765890887575,
           251.70898469357664,
           270.02003533648332,
           248.08507963018599,
           249.69112474304657,
           246.67576024970919,
           246.21634866995396,
           245.59421921954342,
           245.4962879686399,
           244.80125689377948,
           251.95180530383499,
           244.8873922075565,
           258.92867294162033,
           252.20459206853531,
           255.5458057347154,
           242.45011577878569,
           242.20520415786098,
           251.14927461440797,
           292.35597245076195,
           243.9511816390129]}


epoch	train err	test err0	301.725912843	36.02082738581	294.776092424	35.28748800292	283.321091759	33.37470703093	284.048978721	32.75988945994	276.692912339	32.53413567315	278.367493584	34.5540330036	273.977061658	33.68173325567	271.63965905	33.27878011328	269.372493214	32.43515505759	267.365603768	32.560655123710	271.75966482	34.172756922611	271.364311387	34.194615086712	264.28122308	32.579857363613	266.196131875	33.421496670114	263.303667558	32.298721502915	263.166845932	33.057601758916	262.721212655	32.426805541417	259.82987751	32.255109722518	267.097897084	34.309747842819	259.078568054	32.428698430120	258.717802657	32.414308656821	255.839876261	32.308248904822	264.962089228	34.395446390623	255.877780303	32.730649059924	262.499654546	34.257947550525	263.977367645	32.826767844626	259.608547746	32.509670494827	251.543591248	32.093261601328	252.948686047	32.174521989929	249.965112939	32.102957803530	251.652814712	32.840742510731	248.783119897	32.073740259732	249.220122324	32.151966238433	248.900367779	32.104073374834	247.482375362	31.852340255635	246.847922326	31.947652072536	245.854675724	31.986287179837	245.551786679	32.154776552438	245.124183712	32.016959783639	244.414271941	31.885481456740	244.476387069	31.729526709741	243.812177521	31.684623586242	249.874453286	31.885491889343	243.917347159	32.317502387144	249.541104866	32.031850278745	241.928376426	31.787267698746	241.522019478	31.595033654947	242.794071512	32.195975645948	244.826385103	31.584755696149	257.412616327	32.220108841550	241.778074456	31.707367126751	239.793947058	31.582070233352	288.648622752	34.87387632653	239.541415731	31.415352889954	239.18396923	31.178454559355	240.263444918	31.819759284456	260.678713174	32.498881971257	254.133942646	31.80669496558	237.871769474	31.060211136659	237.342285711	31.06867140660	241.720984102	30.969447603361	236.844163534	31.113461475162	240.317481447	31.987144738463	237.701308532	30.725337005764	247.894037469	32.8759994846

{'test': [36.020827385768015,
          35.287488002930047,
          33.374707030920462,
          32.759889459870848,
          32.534135673145521,
          34.554033002976432,
          33.681733255625744,
          33.27878011315849,
          32.435155057465423,
          32.560655123748752,
          34.172756922606084,
          34.194615086661088,
          32.579857363642709,
          33.421496670057195,
          32.298721502905224,
          33.057601758902251,
          32.42680554140091,
          32.255109722547935,
          34.309747842816634,
          32.42869843006094,
          32.414308656757036,
          32.308248904840227,
          34.395446390582514,
          32.730649059878431,
          34.257947550518075,
          32.826767844636741,
          32.509670494839391,
          32.093261601295332,
          32.174521989895936,
          32.1029578035429,
          32.840742510740498,
          32.073740259687526,
          32.151966238398877,
          32.104073374820153,
          31.852340255574841,
          31.947652072514057,
          31.986287179824913,
          32.154776552404734,
          32.016959783632323,
          31.885481456657583,
          31.729526709725267,
          31.68462358624555,
          31.885491889298606,
          32.317502387133544,
          32.031850278681787,
          31.787267698673855,
          31.595033654892902,
          32.195975645850567,
          31.584755696145596,
          32.220108841480844,
          31.707367126730915,
          31.582070233299945,
          34.873876325952772,
          31.415352889936635,
          31.178454559316762,
          31.819759284421767,
          32.498881971247677,
          31.806694964971015,
          31.060211136613979,
          31.068671405975593,
          30.969447603262022,
          31.113461475064017,
          31.987144738364499,
          30.725337005693071,
          32.875999484574479],
 'train': [301.72591284318133,
           294.77609242381266,
           283.32109175937984,
           284.0489787209516,
           276.69291233900185,
           278.36749358393212,
           273.97706165847575,
           271.63965905025958,
           269.37249321397337,
           267.36560376760497,
           271.75966482045351,
           271.36431138676033,
           264.28122308016623,
           266.19613187526789,
           263.30366755809729,
           263.16684593208015,
           262.72121265523941,
           259.82987750961644,
           267.0978970844634,
           259.07856805426422,
           258.71780265700596,
           255.83987626127669,
           264.96208922836155,
           255.87778030312103,
           262.49965454636504,
           263.97736764479532,
           259.60854774588108,
           251.54359124836856,
           252.9486860469685,
           249.9651129393728,
           251.6528147116577,
           248.78311989657453,
           249.22012232434372,
           248.90036777908924,
           247.48237536226577,
           246.84792232602132,
           245.85467572393375,
           245.55178667920811,
           245.12418371204208,
           244.41427194103889,
           244.47638706889816,
           243.81217752064228,
           249.87445328572602,
           243.9173471587265,
           249.54110486600905,
           241.92837642615225,
           241.52201947818179,
           242.79407151210194,
           244.82638510348724,
           257.41261632732648,
           241.77807445595874,
           239.79394705783119,
           288.64862275189688,
           239.54141573051643,
           239.18396923047644,
           240.26344491798201,
           260.67871317351921,
           254.1339426459034,
           237.87176947351446,
           237.34228571137356,
           241.720984102145,
           236.84416353432914,
           240.31748144747908,
           237.70130853181891,
           247.89403746895681]}


epoch	train err	test err0	299.908932429	34.18140325061	295.322478053	33.13334152842	295.088778286	32.52614007543	286.266965548	30.85594334694	298.652940199	31.79198876515	282.524129894	29.55043024916	283.488945899	29.78377500117	291.706051794	29.39587429728	295.30653771	29.61168902279	283.11391938	28.378286448910	284.927947265	28.399724875811	290.298557787	28.806013904112	274.693248298	27.239281252913	279.286551719	27.46691945614	275.131729544	27.429588028515	276.149806791	27.321569714916	282.997484662	28.536063387717	272.821444348	26.141029851918	288.941840244	29.247035531819	269.888064644	26.048093217920	270.315271845	26.371569095621	268.488152923	25.722983025222	267.967729847	25.849713089723	272.256958702	27.17501329924	273.445269175	27.130178763525	270.644106135	26.539016234526	264.968931889	24.539921299527	270.349893566	26.79269554128	265.587049684	25.231384109229	273.503673079	25.97727656630	262.470351544	25.424161516731	269.088215429	26.423689106932	278.212842632	28.330325675433	260.152869659	24.59212253834	261.392574727	25.516925360635	267.839057084	26.82928440136	265.198058291	26.390523032937	260.428015972	24.231464532138	274.83550825	27.229281950539	261.059413661	23.904197757240	262.288417589	25.568276542641	275.359050868	25.646014971342	269.113829926	24.04252115643	266.371940959	25.060296023944	254.721810651	24.129074368345	259.067297119	25.52023246846	253.440165588	23.731444019847	259.926951455	23.635480909248	253.580787543	25.0296765249	253.342770856	23.739774763450	256.210758767	23.792397253451	263.082001769	24.601126616952	272.095035513	27.331376758253	262.633993465	23.94357054454	250.727725651	23.735743560255	258.087745273	26.440696624256	249.455498637	22.66422436757	250.109067411	22.415031758158	257.106992787	23.469683251859	248.48360836	22.509078662460	256.656402334	25.630311456661	272.518078311	25.510032365562	259.818878802	25.36736564363	247.985714369	24.476723864764	248.345645983	22.0264590543

{'test': [34.181403250576075,
          33.133341528403015,
          32.526140075418141,
          30.8559433468834,
          31.791988765109295,
          29.550430249115571,
          29.783775001094639,
          29.39587429720039,
          29.611689022708035,
          28.378286448882555,
          28.399724875776442,
          28.806013904131699,
          27.239281252891661,
          27.466919456009492,
          27.429588028459069,
          27.321569714895439,
          28.536063387674719,
          26.141029851895446,
          29.247035531780288,
          26.048093217935275,
          26.37156909557989,
          25.722983025201319,
          25.849713089716612,
          27.17501329898235,
          27.130178763502411,
          26.539016234467759,
          24.539921299521293,
          26.792695541020997,
          25.231384109222041,
          25.977276566013618,
          25.424161516735929,
          26.423689106921827,
          28.330325675374766,
          24.592122538009008,
          25.516925360623304,
          26.829284400971655,
          26.390523032884332,
          24.231464532125528,
          27.229281950527319,
          23.904197757166578,
          25.56827654262576,
          25.646014971287904,
          24.042521155964558,
          25.060296023901518,
          24.129074368300156,
          25.520232468004789,
          23.731444019766869,
          23.635480909217911,
          25.029676519968309,
          23.739774763408303,
          23.792397253386167,
          24.601126616928692,
          27.331376758216919,
          23.943570544026933,
          23.73574356017216,
          26.440696624166158,
          22.664224367045744,
          22.415031758075511,
          23.469683251795647,
          22.509078662421977,
          25.630311456589691,
          25.510032365535174,
          25.367365643026645,
          24.476723864744606,
          22.026459054319602],
 'train': [299.90893242863632,
           295.32247805336397,
           295.08877828625117,
           286.26696554842124,
           298.65294019868332,
           282.52412989410664,
           283.48894589932098,
           291.70605179406658,
           295.3065377096367,
           283.11391937979096,
           284.92794726509726,
           290.29855778733304,
           274.69324829843072,
           279.28655171915091,
           275.13172954444656,
           276.14980679086631,
           282.99748466210622,
           272.82144434824875,
           288.94184024352683,
           269.88806464418622,
           270.31527184488414,
           268.488152923168,
           267.96772984736253,
           272.25695870162087,
           273.4452691750605,
           270.64410613475349,
           264.96893188937679,
           270.34989356602642,
           265.5870496844658,
           273.50367307909164,
           262.47035154369496,
           269.08821542948516,
           278.21284263184066,
           260.15286965933524,
           261.39257472669021,
           267.83905708399163,
           265.19805829098937,
           260.42801597180676,
           274.83550825044779,
           261.05941366132208,
           262.28841758881043,
           275.35905086759976,
           269.11382992597373,
           266.37194095865982,
           254.72181065066877,
           259.06729711897549,
           253.44016558789812,
           259.92695145527205,
           253.58078754332965,
           253.34277085565282,
           256.21075876725354,
           263.08200176932507,
           272.09503551333171,
           262.63399346482981,
           250.7277256510294,
           258.08774527323448,
           249.45549863675862,
           250.10906741132493,
           257.1069927868453,
           248.48360835979676,
           256.65640233437108,
           272.51807831117287,
           259.81887880176134,
           247.98571436909634,
           248.34564598333921]}
